135 135 2210
0 -60.0 150.0
30 32.0 51.0
226 246.0 83.0
37 233.0 13.0
24 278.0 83.0
36 290.0 80.0
1 310.0 80.0
31 335.0 105.0
24 300.0 105.0
30 290.0 100.0
24 265.0 117.0
24 283.0 143.0
32 270.0 143.0
24 235.0 190.0
24 260.0 200.0
19 250.0 200.0
24 205.0 190.0
18 -200.0 130.0
36 -210.0 140.0
115 -300.0 300.0
24 -50.0 300.0
24 13.0 178.0
61 18.0 138.0
71 18.0 131.0
36 20.0 136.0
18 48.0 170.0
30 70.0 150.0
31 98.0 166.0
36 114.0 145.0
18 144.0 113.0
1004 110.0 120.0
18 93.0 107.0
34 6.0 28.0
504 -300.0 -100.0
18 20.0 0.0
39 145.0 10.0
24 150.0 18.0
37 172.0 24.0
24 172.0 42.0
99 182.0 44.0
24 203.0 21.0
24 228.0 31.0
36 230.0 40.0
30 208.0 40.0
25 208.0 40.0
24 185.0 64.0
122 -140.0 160.0
196 -5.0 69.0
229 32.0 28.0
83 56.0 18.0
18 87.0 28.0
24 90.0 33.0
306 90.0 35.0
18 112.0 33.0
20 108.0 47.0
18 115.0 46.0
24 123.0 47.0
22 123.0 55.0
24 112.0 69.0
18 65.0 97.0
18 58.0 85.0
24 72.0 60.0
24 72.0 40.0
30 -40.0 -40.0
24 -30.0 12.0
40 -400.0 490.0
166 -150.0 100.0
254 -110.0 -100.0
187 -250.0 -200.0
94 -250.0 -350.0
17 -240.0 -350.0
285 -180.0 100.0
24 -20.0 100.0
24 -40.0 80.0
205 -30.0 50.0
23 21.0 62.0
28 -17.0 30.0
51 -30.0 20.0
49 -70.0 0.0
19 -30.0 -60.0
262 -300.0 -110.0
120 -620.0 -100.0
266 -80.0 300.0
704 10.0 600.0
38 100.0 520.0
18 100.0 520.0
30 100.0 510.0
25 160.0 290.0
12 260.0 210.0
18 160.0 210.0
25 155.0 192.0
35 0.0 165.0
18 172.0 143.0
12 165.0 78.0
20 169.0 77.0
1126 180.0 20.0
9 162.0 40.0
36 150.0 40.0
12 150.0 30.0
31 148.0 24.0
96 145.0 30.0
27 130.0 26.0
54 118.0 30.0
137 120.0 40.0
12 128.0 36.0
58 134.0 55.0
206 -1500.0 80.0
178 -1520.0 10.0
486 -1520.0 0.0
36 -1420.0 -310.0
261 -780.0 -190.0
135 -780.0 -180.0
135 -780.0 -170.0
373 -800.0 -140.0
535 -1180.0 220.0
42 -1070.0 300.0
9 -850.0 140.0
110 -780.0 150.0
36 -150.0 160.0
18 -620.0 320.0
726 -1200.0 -200.0
187 -900.0 -220.0
23 -790.0 -190.0
134 -790.0 -185.0
47 -790.0 -180.0
51 -780.0 -175.0
43 -790.0 -170.0
79 -800.0 -170.0
112 -800.0 -160.0
91 -800.0 -150.0
232 -480.0 370.0
483 -850.0 150.0
828 -620.0 -90.0
11 -150.0 -40.0
12 -10.0 32.0

1.48628
0.64580 1.20067
0.66172 1.36050 1.78154
1.28844 1.09014 1.65101 0.74232
1.94131 1.48199 1.88457 1.14824 0.80455
1.68411 0.92484 1.03587 1.34091 1.58489 1.94278
1.32983 0.85772 0.69509 1.19423 1.41485 1.40189 0.88499
1.87438 0.91597 1.00823 1.03801 1.07104 1.47569 0.88191 0.69771
0.66890 1.24706 0.77032 0.94007 0.52808 0.63291 1.25222 1.36642 0.69330
0.62022 0.70542 1.00191 1.84195 1.35728 1.66065 1.15499 0.64983 0.53972 1.38609
0.64048 0.64506 1.00896 1.56230 1.88762 0.59062 0.62099 0.89175 1.94537 0.81450 0.82092
1.86623 1.15730 1.11446 1.75945 0.99974 0.83493 0.99723 0.51388 0.92399 1.91995 0.91454 1.65233
1.19696 1.92648 1.82490 0.63545 1.03135 1.43113 1.10422 1.30733 0.73882 1.88516 0.86375 0.54395 1.27970
1.96113 0.98565 1.79093 1.05517 1.90768 1.50632 0.85305 1.86125 0.58055 1.34893 1.68085 1.77843 1.82330 1.54078
1.22086 1.97262 1.85210 0.98906 1.40792 1.72980 0.79975 1.71075 0.69761 0.73748 1.38292 1.29017 0.70495 1.12594 0.96396
0.77064 1.69639 1.23194 1.55971 0.74264 1.25972 1.28564 1.56514 0.63373 1.05968 1.25370 0.63751 1.80560 1.66473 1.72599 1.97274
1.38581 1.16722 1.62044 0.50489 1.25936 1.35354 1.69819 1.73911 0.85037 0.85355 0.50241 1.66082 1.74080 1.01008 1.52052 1.47291 0.93684
1.77227 0.74378 1.96293 0.84540 0.81700 0.91375 1.72482 1.18090 1.54607 1.31848 0.89834 1.64789 1.81851 0.85908 0.83103 1.63029 1.80733 1.89605
0.76572 1.42267 0.93529 0.96831 1.26649 1.63575 1.35759 1.21664 1.88653 1.15380 0.55956 1.20167 0.90904 0.74620 1.91166 1.77707 1.13459 1.34182 0.79649
1.92864 1.16230 1.63076 1.14268 0.96502 1.17992 1.30731 1.15126 0.79267 0.61657 0.58853 1.16960 0.60354 1.25860 1.12825 1.34775 0.94455 1.88701 1.54325 0.53070
0.88428 0.96750 1.00838 1.22066 1.40442 1.42429 1.68897 1.67516 1.92218 0.68414 1.57666 1.84346 1.90741 0.62831 1.54235 1.64014 1.18683 0.55849 0.51840 1.81793 1.73372
1.28234 1.12156 1.07713 0.98237 1.27873 0.87036 1.59672 1.48722 0.99949 1.10962 1.43217 1.95807 1.15552 1.61760 1.98354 1.79580 1.25270 1.12948 1.29901 1.31929 0.70031 0.56282
1.57732 1.25222 1.80074 1.90903 1.67744 0.59525 1.30977 0.55000 0.55505 0.54372 1.87386 1.79657 1.97961 1.21847 1.96274 1.35850 1.53129 1.70345 0.65303 0.56034 1.97941 1.39228 1.42608
1.07757 1.94841 0.55646 1.61561 1.06113 1.51640 1.28787 1.24392 0.53469 1.47661 1.70920 0.83393 1.89496 1.84831 1.55523 1.65834 1.66529 1.97934 0.98183 0.55177 1.82254 1.23365 1.03628 1.30597
0.75922 1.76208 1.73254 0.57292 1.81905 0.51866 1.57544 0.51289 0.65704 1.43782 1.92916 1.18116 1.02860 0.60094 1.06155 0.90705 1.16602 1.75693 1.33906 1.58245 0.64800 1.45869 1.54593 0.93488 0.87002
1.33030 0.61571 1.89112 0.50892 1.13574 1.47640 1.61061 0.64858 1.79595 0.68798 1.43493 1.93359 1.10005 1.60590 0.84537 1.72861 1.01503 1.82582 0.74778 1.14360 1.48110 1.97960 1.72729 0.72590 1.16976 1.39153
1.91382 0.64169 1.54543 0.92917 1.20732 1.61943 1.78476 1.29732 1.94960 0.69606 1.18881 0.51170 1.54994 1.05978 0.86491 1.66676 1.57349 1.38281 1.27948 0.71442 0.85576 1.58864 1.71343 0.61073 1.07441 0.90431 0.86687
1.66699 1.76836 1.10738 1.48053 1.93854 1.13866 0.74872 1.80661 1.37639 0.54758 1.39019 1.69625 0.94689 1.49391 1.55067 0.65698 0.50305 0.76268 1.31542 0.80461 1.84189 0.76814 0.82066 1.01372 0.77174 1.09989 0.91200 0.91703
0.83237 0.79686 1.48042 1.48797 1.84013 1.07327 1.08843 1.33544 1.05447 1.77900 1.81231 1.23574 1.67229 1.35990 1.96540 1.50168 1.35462 1.43720 1.82145 1.07840 0.65117 1.50029 1.73715 1.83692 1.27576 1.84304 1.80659 0.54656 1.91121
1.06712 1.94114 0.97743 1.72493 1.90328 1.26071 1.03944 0.53790 1.36708 1.64778 1.08153 1.46488 1.51886 0.93195 1.05568 0.87309 1.98531 0.84732 1.16946 1.93804 1.76265 1.00439 1.77241 1.64907 0.60049 1.93960 1.53799 0.63382 1.16612 1.82514
0.85583 1.45195 1.80582 1.44783 1.95548 1.86662 1.70866 1.59293 0.96284 1.54807 1.68307 1.34102 1.53777 0.76351 1.44484 1.35733 1.68070 0.87946 1.03836 1.41931 1.74633 1.47017 1.86290 1.36939 0.67756 0.59620 1.05609 1.28689 0.88807 1.09763 0.74944
0.88755 0.99821 1.68170 1.89379 1.40950 1.43308 1.25585 0.92503 1.57185 0.61083 0.66794 1.96316 1.61227 1.85313 1.49535 1.72794 1.29217 1.86970 0.72762 1.84922 1.65454 1.16661 1.54447 0.69159 1.27981 1.81954 1.30283 1.85037 1.28530 1.40826 0.61485 0.97976
1.16343 1.43990 1.12867 1.37890 1.11463 0.60730 0.60799 1.17255 1.59657 0.81837 1.63675 1.84631 0.56335 0.78283 1.97975 0.72280 0.61891 0.52847 1.83256 1.59438 1.65276 0.74073 0.70886 1.61964 0.73383 1.07848 1.83010 1.32614 1.32801 0.99865 0.82877 1.70849 1.61260
1.95805 1.79417 1.18953 1.97300 1.04480 1.24715 1.36398 1.13474 0.96584 1.10616 1.09179 0.93050 1.17625 1.04668 1.92678 1.28638 1.02649 1.42447 1.39123 0.65730 1.10355 1.00770 0.98648 1.29297 1.90797 0.58224 1.77028 0.94127 1.35824 1.45669 1.96311 0.62307 0.81875 0.65085
0.68067 0.88794 0.78246 1.66731 1.31562 1.11186 1.38722 1.06812 0.54326 1.98543 1.14763 1.46482 1.30997 0.52344 0.84027 1.86474 1.92283 0.96284 1.40651 0.67395 0.76629 1.68138 1.88972 0.53014 1.34502 1.10249 1.49328 1.74288 1.90329 0.56620 1.50876 1.85479 1.16542 1.23134 0.84503
1.96441 1.47677 1.50349 0.93441 1.07094 1.63558 1.09955 0.90653 0.89598 1.18411 0.94081 1.06140 0.58168 1.47239 0.83102 1.20219 0.95425 1.98859 1.88997 1.65840 0.64333 1.83520 1.42672 1.14385 0.52646 1.96149 1.58700 1.27052 1.87980 1.59417 1.80115 0.56079 1.31345 0.59175 1.96660 1.49943
1.26208 0.93344 1.17416 1.60516 1.60685 1.68733 1.93016 1.26047 1.82076 1.48508 1.03390 1.04502 1.25829 1.38527 1.04272 1.43962 1.35259 1.97804 1.75147 1.92288 1.60773 1.98660 1.29540 1.73739 0.99628 1.53003 1.92242 1.90827 1.77224 0.74150 1.83704 0.63628 1.03728 0.93970 1.91948 1.14439 1.96702
0.82686 1.49538 0.66525 1.96978 1.41186 1.37272 1.42822 1.17987 1.19164 0.63320 1.34118 0.77720 1.48378 0.58749 1.23578 0.98205 0.87915 1.04621 0.92405 1.21015 1.61827 0.58099 0.83939 1.82247 0.89905 1.72369 1.23739 1.48238 1.37480 0.82319 0.98994 1.98036 0.69938 1.61708 1.16043 1.58579 0.57507 0.71862
1.92487 1.30932 0.56531 1.81068 1.72135 0.70751 1.48987 1.98498 1.80023 0.58990 1.99037 0.70045 0.69972 1.49083 1.23640 1.02629 0.95489 0.74163 0.77343 0.77624 0.64089 1.78754 1.35158 1.68656 0.57971 1.27448 0.57977 1.47158 1.65473 1.47058 0.80861 1.31400 0.81343 1.13109 0.95725 1.23646 1.37523 1.24373 1.74706
1.72613 1.95049 1.43676 0.83786 1.28842 1.18778 0.73719 1.03483 0.79792 1.43633 0.59940 0.53659 1.70742 1.14210 0.50691 1.49748 1.78251 1.90887 1.66424 1.77481 0.76721 0.71559 0.98391 1.21538 1.91161 0.57658 0.50367 0.99936 1.00388 1.12691 1.64389 1.78414 1.21423 0.55997 0.79625 0.99782 1.55196 1.32223 0.68114 1.58160
1.76938 1.38675 1.37614 0.81537 0.65713 1.16415 0.52158 1.22503 1.98010 0.95293 0.89889 1.11652 0.96449 1.02725 0.50547 1.55635 1.70148 1.62708 0.58956 1.81004 1.03154 1.55346 1.60277 1.76414 0.61210 0.52026 1.85927 1.32886 1.75882 1.63330 1.77333 1.28640 0.82756 1.99793 0.56016 1.61428 1.18655 1.68531 0.79121 0.56576 1.58250
1.94458 1.72484 1.30677 1.84189 0.55319 1.83806 1.03696 1.83016 0.56220 0.55803 1.71151 1.16723 0.62595 0.56884 1.09857 1.06910 1.84631 1.36927 1.77580 0.68180 1.01065 0.89303 1.64612 1.42337 1.05149 1.16500 0.75383 0.60905 1.49646 0.62900 0.65760 0.82722 1.95808 1.16228 0.87731 1.64372 1.10968 0.97001 1.31419 1.58990 1.09941 1.20617
1.68841 0.70880 0.95086 0.97986 1.32155 0.83883 0.82248 0.56193 1.38485 1.01920 1.49877 0.62306 0.60394 1.52177 0.56030 1.87565 1.09808 1.34129 0.53188 1.70304 0.72998 1.56236 1.50850 0.93607 1.14681 1.01303 1.73605 1.18511 1.39028 0.84885 1.42823 1.67280 1.18098 0.55235 1.09331 1.26778 0.73246 1.18399 0.53642 1.05311 0.72111 1.13653 1.70500
1.40627 0.61641 1.20516 1.93424 1.01096 1.71975 0.89655 0.92546 1.58519 0.60515 1.31794 0.77840 0.78786 0.52400 1.02860 0.78367 1.70959 1.20079 0.78773 1.49594 1.51258 1.77401 1.28651 0.89962 1.75160 1.56094 1.95667 0.87040 1.05619 1.96269 1.54316 1.07677 0.72030 0.78819 0.52483 1.56498 0.66517 0.98775 1.60209 1.06477 1.61176 1.12714 1.54185 0.62753
1.03149 1.27038 1.56055 1.34417 1.36624 1.39550 0.90994 1.00717 1.02326 1.54125 0.65300 1.99332 1.37651 1.99215 0.64272 1.99851 1.21309 1.97837 1.09279 1.87303 1.11307 1.26909 1.75559 1.94884 1.08986 0.71253 1.49407 1.22673 0.99094 0.57680 1.04230 1.17967 0.94477 1.13852 1.56398 1.57937 1.15114 1.06477 0.56345 1.19888 0.72841 0.70332 1.90825 1.32496 1.42769
0.85657 1.12907 0.72313 1.41223 1.24795 1.38591 0.76952 1.31473 1.97677 1.57373 1.94324 0.79333 0.84997 0.66020 1.23314 1.28676 0.93706 0.75676 1.44442 1.85566 1.46195 1.79054 0.90665 1.26450 1.45020 1.47290 1.09254 1.46725 0.91600 1.94631 1.81660 0.84685 0.61162 0.53786 1.24564 0.98873 0.53030 0.75524 0.97551 0.75739 0.51545 0.62154 1.11047 0.85458 1.21849 1.29440
1.37939 0.82063 1.96151 1.61690 1.42512 1.79730 0.92515 1.92073 0.93098 1.78524 0.71060 1.35619 0.56274 0.69685 1.04955 1.95642 1.39401 0.97075 0.80011 1.34214 1.37787 1.68540 0.64178 0.99109 1.65697 1.19363 1.68684 0.55478 0.87827 0.76130 1.61831 1.78608 0.59190 1.99035 1.58064 1.61490 0.94692 0.91784 1.40460 1.00858 1.27433 1.95387 0.73334 0.86944 1.96584 1.54308 1.72561
1.63162 1.08195 1.08357 1.85276 0.92778 1.27826 0.86821 1.01996 1.42295 1.51678 0.90179 1.25684 0.69013 1.21861 1.21542 1.47182 1.13714 1.05683 1.36450 0.62972 0.65177 1.64728 1.17634 1.02318 1.13382 0.53833 1.40112 1.81746 0.51464 0.62087 1.20105 0.73920 1.17998 0.64831 0.88043 0.68632 1.08057 0.66732 0.91717 1.09979 0.65395 1.90298 1.19440 0.75741 1.69283 0.94280 1.87231 0.95663
1.61714 0.62835 0.86665 0.58761 0.57001 0.56760 1.56270 1.31530 1.86143 0.80281 1.15705 0.87282 1.24473 1.91078 1.74414 0.73394 0.69882 0.60748 0.75320 0.62060 1.86436 0.69028 1.58082 0.68925 1.01698 1.09079 0.56111 1.71709 0.95285 1.22616 1.80127 1.95693 1.40693 0.94809 1.37124 0.82170 1.56348 1.08951 1.19762 0.84683 1.40398 1.82677 1.24443 1.70252 0.95910 1.34805 0.53150 1.80875 1.71490
0.64133 1.25921 1.20713 1.52259 1.01777 0.52386 1.57331 1.67267 0.89518 0.98596 1.72178 1.38283 1.80539 1.66126 0.74730 0.68026 1.34058 1.74017 1.03449 1.65086 1.28884 1.87856 1.18035 1.54986 0.69272 1.45912 1.89728 1.23628 1.48157 1.26651 1.91471 0.97464 1.32901 0.83931 1.73270 1.85554 0.68593 1.40635 1.33764 1.34929 1.65989 1.87895 0.71633 1.65567 0.58658 1.91083 1.90258 1.41713 0.71415 0.99708
0.96215 0.67022 0.58982 1.30725 1.68528 1.48778 1.91146 1.96284 1.71306 1.55476 1.93011 1.71716 0.78183 1.64401 0.77183 1.88159 1.11301 1.86738 1.75521 0.50756 0.66537 0.57040 0.63907 0.52614 1.66371 0.88827 1.39062 0.67551 0.83918 1.40009 1.21143 1.30880 0.63392 1.69789 1.66256 1.63467 1.77553 0.77789 0.98256 1.52962 1.08542 0.90009 1.58087 0.56131 0.97023 0.67575 1.49421 1.94332 0.51376 1.88972 0.84928
1.77115 1.86770 1.52266 1.09108 1.15301 1.34675 0.98386 1.27608 0.50457 1.27521 1.19816 1.65051 1.92529 0.59046 0.71242 1.57629 1.53337 1.36996 1.45579 0.53583 0.81674 1.75833 1.74510 0.50832 0.76757 0.86998 0.74063 1.08272 0.60414 1.71440 0.87833 0.67926 0.72715 0.77372 1.61175 1.60024 1.92838 1.36754 1.35991 1.41631 0.97396 1.58430 1.33883 1.10318 1.39841 1.21813 1.76963 0.65866 1.67085 1.68415 1.78919 1.70424
1.83303 0.84289 1.48319 0.86694 1.57603 1.34049 1.97548 0.57537 1.74983 0.76856 1.03055 0.85961 0.57494 1.18001 1.86992 1.21979 0.84859 0.54768 1.83509 1.04585 1.56901 0.80513 0.56002 0.94554 1.81382 1.54422 1.64900 1.04457 0.82841 1.87737 1.53102 1.88393 1.26022 1.38914 1.81768 1.92541 1.67784 0.92693 0.87788 0.52392 1.94767 1.63969 1.01509 1.70531 0.78550 0.90567 0.96198 1.81077 1.38825 0.61464 0.64454 0.81828 0.92772
0.92501 0.64547 1.11140 1.03572 1.16077 0.67926 1.74613 1.68855 0.87836 1.75291 1.43085 1.42595 0.73737 0.77680 1.11335 1.88795 1.28464 1.41030 1.75183 0.60685 1.40544 0.58715 1.75944 1.65288 0.50065 0.99889 1.96802 1.84983 0.57841 1.53837 1.71033 0.81879 1.13693 1.34815 1.54479 0.74439 1.70350 1.48708 1.95410 1.59274 1.59171 0.70008 1.75603 0.99212 1.30281 0.73681 1.22440 0.92634 1.24408 0.67561 0.61144 1.36758 1.66515 0.99131
1.30212 0.77451 0.87134 0.83246 1.56204 1.66709 1.91235 1.69245 1.97402 1.99255 1.95584 1.71996 1.19014 1.36858 1.22575 0.76456 0.91730 1.60855 1.53387 1.85315 1.60306 1.57587 0.87578 1.81944 1.45756 1.54602 1.35792 1.06987 0.53757 1.23492 1.73667 0.91682 1.49955 1.37046 0.79244 1.05875 1.60210 1.17090 1.44136 0.81792 1.36587 0.74423 1.59872 0.78244 0.64414 1.59216 1.59090 0.54815 1.85334 0.55289 1.04332 1.23937 0.98645 1.02115 0.91039
1.08631 1.18023 0.65827 1.37379 1.94386 1.50120 0.67023 1.61921 0.57761 0.51743 1.34987 1.66003 1.06937 0.79204 1.36487 0.87403 1.48651 0.81506 1.36111 0.57041 1.41622 0.91555 1.69492 1.47093 0.89228 1.73761 1.67277 0.84949 1.12024 1.36191 1.54483 1.75034 1.00190 1.80557 1.07661 1.92065 1.64132 0.58993 1.02177 0.71323 1.89514 1.77314 0.63742 1.01019 1.48512 0.90886 1.05311 0.67305 1.96983 1.27901 1.76282 1.36076 0.78389 1.30843 0.60364 1.99692
1.95893 1.81103 1.27352 1.87610 0.77407 1.49814 1.45213 0.86503 1.00318 0.60914 1.69563 0.63011 1.01736 0.57193 1.77255 0.92933 0.52302 1.82067 1.31342 1.26404 1.16518 1.55450 0.72373 1.09804 0.91476 1.13181 1.42256 1.25867 1.38585 1.02009 0.51058 1.17265 1.10887 0.56518 1.36803 0.86019 1.85472 0.63199 1.60343 0.85659 1.18813 1.86665 1.62177 1.29024 0.74833 1.06731 0.79249 0.75725 1.28382 0.83620 0.80900 1.94356 0.75858 1.78830 1.63823 1.23221 0.63985
1.32370 1.87301 1.46023 1.57345 1.17824 0.70080 1.77593 1.45112 1.57352 1.53082 0.71995 0.51158 1.84843 0.93941 1.91463 1.61118 1.54541 1.86797 1.52656 1.06631 1.56637 1.64344 1.06812 1.15737 1.42491 0.98713 0.85360 1.85195 1.56018 1.62404 0.55947 0.50982 1.17165 1.57565 1.27783 1.86379 0.71802 0.69416 1.04404 0.89400 0.96909 0.97014 1.65188 1.90692 0.93170 1.19169 1.00343 0.82447 1.06254 1.69281 1.37708 0.62936 1.79105 0.98901 1.22027 1.30923 1.68973 1.73042
1.06561 0.95729 1.98212 0.94024 1.72556 1.26793 0.99797 0.76357 0.67410 1.12445 1.71620 0.73599 0.58209 1.42054 1.66066 0.91164 1.81828 1.14823 1.25428 1.99878 0.67545 1.61877 0.83814 1.91853 1.14861 1.07064 1.42097 0.69772 1.41364 0.93562 0.70931 0.65638 1.18655 1.95026 0.51300 1.90509 1.02170 0.59319 0.98165 1.02202 1.82590 1.73387 1.42551 0.75043 1.46498 0.84831 1.26919 1.05522 0.71921 0.51865 1.74627 1.87219 1.15389 1.52941 1.67222 1.51889 1.46983 0.79880 1.62977
1.58885 1.96014 1.46921 0.92988 0.91790 0.89149 0.59096 1.18344 1.08088 0.72148 1.99724 1.47718 1.37720 1.07395 1.99320 0.88136 0.81909 1.11044 1.93811 1.88958 1.76902 1.93040 1.43671 1.51929 1.01749 1.83619 0.67378 1.19026 1.99475 1.95626 1.57594 0.88878 1.58186 1.87447 1.91092 1.51938 1.74548 1.76934 0.94011 1.16165 1.37827 1.87831 1.08660 0.70940 0.98791 1.92381 0.65556 1.74040 1.94954 1.56729 0.61765 0.65619 1.89101 0.81145 1.00004 0.62844 0.88185 1.34707 1.12494 1.41292
0.87961 1.89276 1.11492 1.86045 1.22719 0.63874 0.56805 1.56722 1.84624 1.74899 0.78974 0.65930 1.93282 0.91822 1.87357 0.86397 1.76801 0.96054 0.55335 0.78227 1.32660 0.58378 0.61999 1.18342 1.59504 1.24332 0.91472 0.79678 1.43596 1.47303 1.42211 0.72803 0.50184 1.22747 1.56304 0.93768 1.57354 0.62744 1.18771 1.41486 1.69505 1.95684 1.19440 0.88747 1.32886 1.30462 1.59073 0.73649 0.56616 1.29940 1.71978 0.84378 1.47067 0.88548 0.87416 1.10993 1.67948 1.09819 0.85705 0.78021 1.27248
1.74631 0.92396 1.87353 0.60736 1.40824 1.07343 0.88031 1.16896 1.30768 1.20786 0.71263 1.65648 1.11281 1.22528 0.99639 0.70821 1.16458 1.05111 1.77587 1.50552 1.76053 1.09446 1.37701 0.65780 1.06920 1.88511 0.90018 1.64341 1.60528 1.32021 1.95233 1.07841 1.99875 1.39452 1.34205 0.74716 1.54959 0.70997 1.38435 1.30598 0.86437 0.52443 1.52032 0.72529 1.06667 1.21049 1.29176 0.80013 0.93813 0.59942 1.18539 1.57940 1.00983 1.23078 1.26747 1.08404 1.39093 1.47312 1.46960 1.85662 0.55231 1.62482
1.41718 0.74547 1.84177 0.50777 0.94978 0.98449 0.93430 1.91227 0.86985 0.76493 1.65118 0.54411 1.59828 1.80185 1.30358 0.87156 1.33071 1.87162 1.81650 1.87068 1.62416 1.32811 0.75471 1.51733 1.57460 1.82495 1.56121 1.77138 1.24124 0.82182 0.59947 1.40550 1.73510 0.91384 1.84108 1.09900 0.99034 1.35880 1.23857 1.44283 0.98969 1.05472 0.52264 1.66279 0.59816 1.19749 0.54752 0.98009 1.40503 1.18291 1.94434 0.99920 1.89384 1.81769 0.83071 1.45238 0.78561 0.78448 1.29331 0.94967 0.68806 0.65226 1.21199
1.32590 0.85843 1.10269 1.57911 1.84034 0.71072 1.20682 0.54003 1.84343 0.59566 0.77085 1.35336 1.86231 1.95360 1.09601 0.82572 1.03191 0.57231 1.54057 0.75351 1.69919 1.41601 0.91634 0.89369 1.85040 0.57929 0.95507 1.91284 0.74398 0.98185 1.00409 0.95951 0.92579 0.79282 1.37389 1.68290 0.54607 0.66672 1.05470 0.66773 1.99473 1.59478 1.60774 1.20672 0.82352 0.94895 0.61813 1.74448 1.99263 0.78732 1.54263 1.24481 0.88106 1.44543 0.78451 1.18595 0.67403 0.88742 1.78077 1.44997 0.96183 1.29492 1.74700 1.61721
1.53179 0.65523 1.74150 0.66145 0.74004 0.78618 1.35769 1.86669 0.70921 1.64574 1.97537 1.23859 0.98340 1.69723 0.93178 0.70362 0.86503 1.00992 0.77613 0.60077 1.18310 0.60648 1.81971 0.69529 1.48387 1.70518 0.54603 1.23511 1.80325 1.91203 1.49489 1.27972 0.92274 0.95373 1.61180 1.61291 1.61626 0.85579 1.57670 1.37241 1.16093 0.68684 1.23680 1.82366 0.66309 1.16943 0.80286 0.67851 1.40047 1.56445 0.84630 1.51430 1.68924 1.96286 1.61680 0.64266 1.47644 0.75936 1.42985 1.04647 1.84751 1.80106 0.85964 1.63936 0.55296
1.37132 0.76139 1.57849 1.11614 1.31148 1.96607 0.59197 1.08770 0.93637 0.76236 1.23619 1.12636 0.85762 1.19213 1.50815 0.82134 1.77522 1.32552 1.45395 0.76751 0.85822 0.70204 0.94594 1.86733 0.65585 0.55654 1.50897 0.75145 0.79918 0.69617 1.69580 1.71894 0.80846 1.35346 1.58131 1.82966 0.76599 0.53878 1.99803 1.10838 1.39270 0.59189 0.84985 0.59772 1.46273 0.54479 0.82816 1.77945 1.99988 1.56179 0.98763 0.65834 1.09005 1.71832 1.74923 1.99236 1.85865 0.86646 1.58623 1.86417 1.32388 0.55865 1.95856 0.95424 1.57174 0.52761
1.27073 0.98049 1.37965 0.85350 0.65736 0.83073 1.72581 1.82384 0.68117 1.36266 1.53970 0.89187 1.88343 1.27906 1.18473 1.39032 1.24181 0.95330 1.38778 1.21766 1.25627 0.95427 1.71253 1.20044 1.34277 1.82016 1.96012 1.23576 1.48271 0.83317 0.73882 1.17048 0.84686 1.92471 1.77741 0.90107 1.47958 1.39465 1.61421 1.21890 1.50962 1.61046 1.02647 1.75681 1.24032 1.20041 0.95964 1.46781 1.92389 1.41561 0.68758 0.77324 0.53100 1.92142 1.78907 0.52055 0.66052 1.74238 1.05497 1.32174 1.05409 1.83344 1.33122 0.97422 1.76479 1.27621 0.61835
0.83893 1.57628 1.67636 0.50522 1.88517 0.86849 0.85762 0.54422 0.96516 0.53149 0.82733 1.49303 0.76661 1.98566 0.82783 1.40355 0.60748 1.58798 0.67187 1.98745 1.10506 1.74569 1.47461 1.32953 1.10410 0.90761 1.58334 0.66401 1.48038 1.80665 1.53989 1.59575 1.79654 1.61480 1.14580 1.36334 0.71337 1.81323 0.86834 1.43491 0.75358 1.91160 1.08763 1.32140 0.88112 1.69303 1.33894 1.14395 0.86072 0.53700 0.75389 0.50059 1.87175 0.75412 0.58092 1.97811 0.81780 0.50428 1.44348 1.05024 1.98469 1.45286 1.05466 1.01387 1.16910 1.04831 0.60141 1.91414
0.67848 1.52387 1.17581 1.77773 1.73258 0.65857 1.51691 1.94950 0.96409 1.41963 1.81182 0.86341 0.98919 1.74550 1.52321 0.91863 1.18557 0.77356 0.80278 0.60781 1.16016 1.48292 1.10549 1.42130 1.01162 1.01585 1.76599 1.90454 1.53445 0.72097 1.32222 1.10328 0.86143 0.69011 1.71127 1.86101 0.92691 1.68234 0.95578 0.66084 0.72486 1.75709 1.92207 0.93267 0.86478 1.86362 1.84013 0.96984 1.01557 1.50580 0.68744 1.14026 0.53326 1.59748 1.94866 1.19681 1.36204 1.99709 0.77773 1.54013 1.98666 0.85174 1.65057 1.21091 1.52358 1.35786 1.47315 1.75608 0.69756
1.78357 1.90511 1.06782 1.81992 1.14083 1.12209 1.47869 1.42323 1.26556 1.84967 1.61600 1.11285 1.59378 0.64812 0.74104 1.74717 1.63387 1.95633 1.03911 1.73273 0.76713 1.73841 1.13087 1.88967 1.75179 0.71401 1.66446 1.62856 0.57543 0.52169 1.78334 0.57808 1.68218 1.80228 1.73492 1.80729 0.66113 0.76301 1.06124 0.98403 1.93033 1.25365 1.48274 0.56388 1.89459 0.93532 1.32694 1.44217 0.61616 1.12814 0.85975 1.46293 1.18154 1.21965 0.78727 0.70466 1.87376 0.82879 1.15363 0.80260 1.30665 0.56733 0.69326 1.09784 0.51950 0.72463 0.83484 1.75460 1.61883 1.72591
0.93204 0.96662 1.97038 0.50899 1.04754 0.64619 0.79692 0.67872 1.67464 1.76452 1.93234 1.72626 1.96620 0.75305 1.06250 1.68822 0.64013 0.93362 1.34805 0.62990 0.93532 0.71406 1.77065 1.31984 1.20065 1.20180 1.65517 1.37378 0.83431 0.65384 1.45795 1.91917 1.19996 1.88375 1.62655 1.58683 1.69359 0.94127 1.44669 1.81590 1.05210 1.33337 1.29621 1.04625 1.82224 1.50413 1.91192 0.87190 1.99191 0.71381 1.92548 1.62281 1.13374 1.37985 1.55016 0.87364 0.72155 0.82927 0.55341 1.96027 1.93582 1.39752 1.61302 1.75390 0.99278 1.54923 0.70910 1.43878 1.91942 1.45069 1.95112
1.14644 1.40410 1.09516 1.40661 1.53165 0.89357 0.54858 1.89954 0.94207 0.55546 1.47114 1.45607 1.97763 0.71183 0.99666 1.39971 0.87340 1.51015 0.80036 1.47269 1.03383 1.69304 1.59535 1.66510 0.71758 1.05223 1.01769 1.49062 1.22567 1.91977 1.47174 1.71756 1.91166 0.52364 0.96115 1.91780 0.86592 1.70646 1.48197 1.47049 1.81972 1.21354 1.82360 1.41761 1.85406 1.24082 1.77789 1.65296 1.77632 1.50042 0.76971 1.89785 1.20337 0.62180 0.60695 1.58540 1.87317 1.85371 0.97527 0.66099 1.90944 1.24373 1.28967 1.23920 0.96405 1.61300 0.86789 1.54844 1.84912 1.13658 1.68121 0.54669
1.29508 1.94751 1.00913 1.14218 0.74323 1.52271 1.81817 1.54491 1.25068 0.95160 1.48754 1.81735 1.27499 0.60854 0.50285 0.67835 0.52845 1.00678 1.12396 1.01055 1.33626 0.73660 1.41025 1.15011 0.75287 1.39605 1.90545 1.94484 1.11554 1.02644 1.15426 0.93297 1.54347 1.36355 1.04613 1.01709 1.64323 1.61931 0.79637 1.46008 0.76236 1.31550 1.12694 1.63663 1.30242 0.90979 1.01817 0.99067 1.76346 1.48993 0.69362 1.98215 0.56118 0.52126 1.22053 1.67071 0.94315 1.72386 0.90056 1.03005 1.87830 1.60851 0.67354 1.14145 1.56287 0.81951 0.76643 1.07935 0.77942 1.42616 0.91894 1.86863 1.68762
0.79611 1.64293 1.96056 0.72113 0.80038 0.62646 1.87532 1.34209 1.82275 0.85245 0.61829 1.98967 1.37994 0.93375 1.99480 0.80402 1.40357 0.93006 0.66810 1.35503 1.48186 1.69177 1.87482 1.41444 0.70053 1.15515 1.46335 0.78303 1.19549 0.71318 1.94904 1.98939 1.90435 1.63467 1.48272 0.63173 1.70077 1.94266 0.84341 0.52935 1.25034 1.01797 1.59764 0.69543 0.92068 1.77173 0.76844 0.90405 1.07868 1.95324 0.74267 1.64516 0.54674 0.78399 0.84102 1.83068 0.96094 0.94190 1.41046 0.51957 1.94213 1.03522 1.32833 1.49698 1.57832 1.51253 1.38151 1.11709 1.78034 1.66357 1.85784 1.89816 0.99240 1.45590
0.61212 0.53278 1.32004 1.03649 1.45586 0.54484 0.65834 0.78337 0.50791 1.25287 1.61930 0.82200 1.33177 0.57623 1.23298 1.58601 1.71943 0.82771 0.69547 1.99511 0.85000 1.84677 1.79442 1.44817 0.97611 1.25752 0.75466 1.62557 0.60687 1.33532 1.13394 1.95873 1.68086 1.61365 0.64484 1.09240 1.84266 1.19939 0.87910 1.44135 0.59538 1.13092 1.03917 1.82640 1.48072 1.48242 1.76672 0.62692 0.65444 1.83014 0.75738 0.59951 1.70175 0.98619 1.75626 0.69094 1.01704 1.77388 1.63124 0.65199 1.25633 1.77195 1.12571 1.47356 0.51218 1.28744 1.87386 1.46258 0.71129 1.49087 1.52593 0.79037 1.09507 1.33082 0.51604
1.95209 0.81180 1.06380 1.09543 1.49923 1.91129 1.98137 1.19187 1.98966 1.03459 0.51056 0.67792 1.26548 0.64013 1.91181 1.59536 0.72057 1.04072 1.95668 1.38616 1.09876 0.67164 1.36532 1.48183 0.84749 0.65392 1.48525 0.96064 1.11901 0.72813 0.63308 1.08296 1.99967 1.93014 1.58124 1.37700 1.31699 1.03079 1.91388 1.66028 0.60483 1.68308 0.81906 0.63963 0.98244 0.60123 0.83714 0.68664 1.03180 1.35409 1.88246 1.95959 1.78083 1.90805 1.34277 1.33750 1.32109 1.64019 1.34457 1.78382 0.88195 0.71336 1.36383 1.04487 1.07239 1.07035 1.38534 1.05785 0.86776 1.13840 1.89709 1.07781 1.00198 0.74111 1.06578 0.63632
1.40346 1.91288 1.65367 1.32256 1.97809 1.17680 0.78693 1.10958 0.82205 0.69550 0.68261 1.52745 1.56264 1.07125 1.64050 1.96043 1.05679 1.29526 1.74148 1.66503 0.70469 1.85165 1.65464 0.73638 1.44401 1.25131 1.38004 1.66264 0.52704 1.86138 0.83378 1.32636 1.74540 0.87293 0.74629 1.49317 0.70075 1.03424 1.21867 1.39398 0.53818 0.60919 0.91148 1.84836 0.59334 1.78018 1.05198 1.43171 1.85508 1.28224 0.55428 1.61928 0.61783 0.50863 1.08828 0.87937 1.25677 0.50983 1.38904 1.34777 1.83325 1.90621 0.57785 1.41574 1.41197 0.63776 0.89694 0.59235 1.93838 1.30123 0.74799 1.10884 1.54690 0.66238 1.28947 1.78280 1.00139
0.81826 0.81183 1.35397 0.98786 1.36431 1.74270 1.14713 0.71296 0.84170 0.76450 0.51353 1.43619 1.43363 1.95726 1.52004 1.02933 0.90680 1.55943 1.71921 1.32403 1.46273 1.28013 0.80286 1.18102 1.13823 1.39214 0.56582 1.37699 1.77223 0.93169 0.80222 1.15911 1.29667 0.76270 1.12459 1.41383 0.69637 1.62813 1.56053 0.75351 1.64779 0.66444 1.24576 0.68785 0.74170 1.13122 1.02022 0.76095 1.54399 1.49225 0.63984 1.66700 1.34830 1.04634 1.39810 1.38824 1.09002 1.01351 1.12876 1.90770 1.08485 0.59014 0.69955 1.40992 1.45686 1.11588 1.41911 1.34992 1.36651 0.87041 0.79696 1.21822 0.57961 0.55651 1.48281 1.61227 0.78552 0.93785
1.38029 1.84779 1.32090 1.68580 1.78046 0.76630 1.07767 1.26372 1.41881 1.43860 1.22111 0.54837 0.88304 1.84842 0.79281 1.46389 1.90326 1.58435 1.43529 0.52014 1.41674 0.75232 0.68289 0.64822 0.86291 1.02535 0.53218 1.49996 0.56001 1.07363 0.51594 1.61733 1.53702 1.87216 1.71122 1.32675 0.63124 0.97920 0.54216 1.92253 1.72250 0.82690 0.93827 0.86736 1.58415 1.27742 0.50833 1.05136 1.87919 0.79829 1.69585 0.92689 1.30633 1.05626 0.91677 1.47774 0.70880 1.05110 1.18380 1.56165 0.72207 0.71064 1.78603 1.65659 1.14019 1.58117 1.07218 0.87691 0.96356 1.67175 0.54121 0.80974 0.51522 1.71917 0.84503 1.09789 1.87906 0.68459 1.34822
0.70324 1.12917 1.18802 1.22108 0.84220 1.09255 1.36027 0.55822 1.01862 1.45137 1.69719 1.75567 1.54058 1.96999 1.77687 1.46218 0.52837 1.23590 1.52749 0.89780 1.85374 1.94763 1.86814 1.24658 0.84359 0.58482 0.54825 1.74482 1.01188 0.72889 0.83537 1.84286 1.86470 1.67814 0.58249 1.40811 0.97997 1.85311 1.99956 0.98853 1.30065 1.35001 1.40083 0.62047 1.90052 0.71945 1.89087 0.98244 0.57308 1.21561 1.36019 1.06261 0.66325 0.89209 1.07983 1.86515 1.07418 1.16899 1.32268 1.08749 1.25753 0.65857 1.53939 1.54127 0.74029 1.83026 1.50975 1.73310 1.86645 1.73707 1.87611 1.89009 0.50721 1.40747 1.28800 1.93858 1.48619 0.52385 0.56939 1.02122
0.90553 0.79427 1.69685 1.23530 1.03997 1.91566 1.47187 1.32576 1.12958 1.44227 0.71043 1.18056 0.59758 1.68018 1.19897 1.46420 1.49856 1.45787 0.89949 1.58254 1.47918 0.53666 0.68898 0.78221 1.58366 0.85660 0.91630 1.65092 0.74925 0.62331 0.90963 1.24484 1.97420 0.79090 0.87269 1.45859 0.98482 1.57675 1.16415 1.82534 0.90265 1.27625 1.66268 0.93156 1.79740 1.34573 1.54951 1.62902 1.62476 1.36939 1.36823 1.85679 1.64360 0.77227 0.60946 1.77871 1.98729 1.15875 1.50021 1.11642 1.62705 0.90715 1.38100 0.93453 1.44042 1.48120 1.59808 1.66023 1.12725 1.44063 0.53835 1.60934 0.87660 1.85898 1.70757 1.72853 1.27158 1.34613 0.93761 0.70976 1.47598
1.35718 1.08395 1.80130 1.53703 1.93227 0.89904 0.70183 0.72399 1.81969 1.96419 1.83298 0.90606 0.82319 1.49624 1.76366 0.70520 1.05512 0.92464 0.69471 1.46653 1.27015 0.98563 0.57747 0.56541 1.47661 0.60852 1.51259 1.55735 1.26011 1.85503 0.69189 1.59258 0.71895 1.34869 1.95710 1.36527 1.15390 1.48984 1.15180 0.66328 1.86789 0.79650 1.42079 1.65010 0.79509 1.54699 1.21381 1.87691 0.71895 0.78984 0.63708 0.92539 1.78754 1.99720 0.75283 1.95966 1.27890 1.48828 1.58737 1.84535 0.77180 1.30714 1.51209 1.17224 1.65281 1.57260 0.59116 0.82254 1.89096 1.45078 1.82074 1.15442 1.50565 0.72003 1.45679 1.73309 1.30963 1.93706 1.26944 0.68475 0.88586 1.28913
1.56539 0.66463 1.49406 0.83167 1.31198 0.90706 1.42383 0.50710 1.79791 0.70358 1.98760 0.53798 1.78661 1.32685 1.35539 1.01956 0.61825 1.50531 0.83550 1.23955 1.27212 1.39521 0.54785 0.52136 1.90071 1.08454 0.83481 1.72124 1.63243 0.69458 1.27695 1.70775 1.54361 1.53822 1.95465 1.84474 1.54123 1.12602 0.77740 1.44758 0.63851 0.53694 1.36049 1.04167 0.55800 1.23840 1.73798 0.82050 1.34230 1.24780 1.60025 0.67732 1.27513 1.45152 0.61588 1.45961 0.84310 1.37890 1.96085 0.60503 1.06378 1.61906 0.84132 0.84888 1.50455 1.31729 0.94082 1.68826 1.79282 1.52117 0.61233 0.72074 1.99803 1.07213 1.45773 0.68396 1.42069 1.86580 1.88088 1.55060 1.62560 1.77961 0.89483
0.74541 1.24243 1.66156 0.97510 1.45904 0.55868 1.47812 0.53858 1.72046 0.62718 0.68712 1.59516 1.06945 1.72166 0.94365 0.65322 0.55625 1.10318 0.56623 1.48310 0.93061 1.92609 1.55078 0.56193 1.29837 1.58897 1.20848 1.03700 1.83962 0.88155 0.64014 1.66480 1.79677 1.51887 1.34403 1.46198 1.63538 1.33812 1.31080 0.75311 1.72956 0.57047 1.16868 1.59814 1.93820 1.88661 0.65996 1.87415 0.75933 0.85251 1.42927 1.51967 0.94181 0.84337 0.69636 1.01807 1.37794 1.35982 1.76529 1.72968 0.54590 0.88909 1.91442 0.56872 0.74568 1.86767 0.83696 0.67424 1.93629 1.85663 1.99022 1.99233 1.68933 1.36888 1.79073 0.77532 1.27314 1.74909 1.62611 0.72342 0.98386 1.65648 0.66725 1.52049
0.65634 1.09464 1.92008 0.58799 1.02657 1.75087 1.12276 1.33849 1.81498 1.65341 1.67410 0.72670 1.61963 0.51464 1.46444 1.35873 0.67934 1.76745 1.46982 1.55592 1.27411 0.58904 1.97568 1.90107 1.97631 1.29408 1.57294 1.69061 0.79226 1.14138 0.76693 1.20292 1.54435 1.81822 1.82964 0.63752 1.52308 1.15903 1.59736 1.00408 1.03055 0.91732 0.84520 1.81850 0.77720 0.83532 1.96727 1.52923 0.98129 0.79857 1.36821 1.43963 1.13052 1.58494 1.42072 1.74446 1.12967 1.33349 0.98687 1.53119 0.82418 0.58635 1.23528 1.84810 1.71742 1.51946 1.60190 1.99789 1.67875 1.83672 1.38873 0.90763 1.21985 1.74850 1.22106 1.13073 1.58047 1.78512 0.67852 0.97517 0.87235 1.76233 1.70194 0.52798 1.43032
1.23676 1.88199 1.79960 1.35487 1.85228 0.72738 1.23235 0.71043 0.72827 1.14226 1.12498 1.93027 1.65806 1.75295 0.69362 1.58495 1.58127 1.30965 1.84522 1.58687 1.05146 0.89293 1.39087 1.81906 1.77726 0.84799 0.94406 1.21211 1.22290 1.00808 1.49324 1.86068 1.43704 1.88666 1.75394 1.47664 1.57414 1.54659 1.75751 1.70907 1.56025 1.66143 1.93588 0.52116 1.34170 1.22663 1.77677 1.06781 0.85284 1.52281 0.99178 0.88715 1.24750 1.00001 0.93021 1.28605 0.51942 1.40055 0.73326 0.89683 1.28868 0.76589 1.48756 1.59934 1.27605 0.69929 1.05811 1.50880 0.64061 1.27395 1.77749 0.59569 0.97693 1.85137 1.28751 1.65858 1.22043 1.48077 1.92573 1.25689 1.00840 0.64971 1.89441 1.00354 1.63344 1.01043
1.20961 0.56753 1.16265 1.03747 0.60156 0.88225 1.53335 0.72979 1.89142 1.11380 1.41410 1.79600 1.38412 0.90853 1.21646 0.92794 1.91183 0.58380 1.62468 1.11197 1.36038 0.84394 1.41931 0.57015 1.73719 0.70953 0.85858 0.56273 1.14349 1.09699 1.18039 1.08730 0.85975 1.43066 0.80466 0.52801 1.20488 1.29112 0.59464 1.54431 1.01775 1.92103 1.71086 1.84909 1.42900 1.90907 1.54038 0.74855 1.62459 1.90631 1.70572 1.69556 0.92587 1.24802 1.11568 1.55721 0.63183 0.77591 1.77233 0.62923 1.57078 1.70812 1.54898 0.97502 0.94048 1.20452 0.98512 1.51734 0.52159 1.41735 1.91942 1.38835 1.07315 1.18048 1.52857 1.20394 0.79275 1.17456 0.65595 1.69120 1.79877 0.58250 1.89391 1.21027 1.55987 1.08830 1.60421
0.89211 1.06225 0.68184 0.96843 0.50820 0.58347 0.79374 1.67417 0.68856 0.58616 1.02408 0.87102 0.91063 0.50779 0.84237 1.81192 1.90056 1.45566 1.46409 1.21196 0.87413 1.41069 1.92528 1.04763 1.96703 1.38527 1.77244 0.62575 1.51132 1.18452 1.75384 1.73013 1.87438 0.89307 0.59608 0.92589 1.82231 0.77999 0.74246 1.86662 1.79773 1.68533 1.95979 1.56718 1.85673 0.64836 0.67467 1.97047 1.40608 1.06335 1.64356 1.42262 0.78060 1.71152 1.38304 1.33159 1.47036 1.51300 0.69769 0.99640 1.54632 1.00121 1.23491 1.63503 1.92796 1.83285 0.53703 1.46615 1.67166 1.83013 0.66898 1.76474 0.63933 1.77808 1.33799 1.29190 1.36715 0.64163 0.50015 0.57648 0.61186 1.44215 0.60112 0.86252 0.94390 0.58496 0.56713 1.68300
1.86608 1.50399 1.81454 1.51429 1.11068 1.84003 1.15401 1.88080 0.70884 1.96582 0.80741 1.33992 0.50606 1.48052 1.47723 1.30262 0.97524 1.54207 0.82505 1.31961 0.50985 0.86965 1.16062 1.36364 0.96788 0.52827 0.78638 0.53468 1.08575 1.20922 0.60022 1.54501 0.92304 1.13163 1.80077 1.15325 1.62121 0.54980 1.98553 1.29640 1.01549 1.06556 1.93849 1.15663 0.76988 1.31352 0.75952 0.52436 1.12818 1.73592 0.65971 1.26958 0.64748 1.25644 1.67397 1.37445 1.52056 1.21240 0.76938 1.05125 0.52991 1.09230 1.67837 0.97137 1.89561 0.66259 1.68925 1.54929 1.05203 1.63481 0.80792 1.08545 0.70764 0.74704 1.04389 0.75137 1.29161 1.55290 1.90937 0.59605 0.95246 1.61846 1.36377 1.05923 0.75008 0.83769 1.94069 1.82974 1.17604
0.87811 0.76767 1.21595 1.99088 1.27409 0.87310 0.68837 1.03877 1.32971 1.75657 0.81644 1.76988 1.63446 1.53820 0.52929 1.65852 0.68004 1.16960 0.75469 1.75462 1.33561 0.77239 0.68758 0.62897 1.15706 1.99309 1.49643 1.08006 1.51333 1.58815 1.23668 0.95283 1.94702 1.65501 0.55085 1.23773 0.56730 1.21638 0.52348 1.41552 1.26013 0.62748 1.60552 1.24581 1.64489 0.95012 1.86987 1.60750 1.04701 0.65719 1.38764 0.68229 1.32792 1.47527 1.05388 1.97099 0.64243 1.83160 0.50486 0.96664 1.54799 1.62603 0.55232 0.82080 0.60683 1.81686 1.65320 0.58971 1.74112 0.65832 0.69909 1.56085 1.00608 1.71975 1.44481 1.25340 1.74084 1.61760 0.86599 1.69585 1.13820 1.13924 0.77026 1.77069 1.51396 1.66679 0.83311 1.19629 0.60614 1.90544
0.88435 0.59783 1.38066 0.97809 1.24642 0.61697 1.02237 1.73713 0.95087 1.25930 1.65866 0.54545 1.36771 0.85046 1.95671 0.65133 0.50783 0.83426 1.76614 1.79664 0.70899 0.96715 1.12438 1.98906 1.25357 1.40880 1.45080 1.13336 1.28192 1.36897 0.73298 1.99331 1.78359 1.12465 1.44970 1.69037 1.74466 1.23321 1.54769 0.83032 1.19374 1.15604 1.73024 1.66603 1.46825 0.98008 0.59692 0.96479 1.03346 1.21782 0.93664 1.64405 0.54430 1.11731 1.86155 1.66720 1.25507 0.55619 1.84632 1.45417 0.92687 1.40126 1.25353 0.77060 0.62815 1.31445 0.91352 0.70322 1.29527 1.12825 0.63905 1.31119 1.48156 1.14476 1.27739 0.89699 0.66227 0.51437 0.56713 1.66767 1.75214 1.93399 0.57654 0.78256 0.61976 0.79261 0.80587 1.25694 0.61980 1.28576 1.42561
1.45211 0.90626 0.59157 1.85324 0.89584 1.36875 1.70054 1.84149 0.69561 1.02279 1.75085 0.60434 1.33894 0.50448 0.88189 1.26513 1.18434 0.69700 1.88123 0.91275 0.61768 1.45367 1.44634 0.56785 1.21420 1.12145 0.81558 1.13203 1.16359 1.68092 1.83833 1.49562 1.90839 1.91610 0.66441 1.26827 0.63001 1.34651 1.26027 0.57847 1.31829 1.00779 0.58208 1.05321 1.35117 1.15746 1.09426 1.01669 1.53147 1.03349 1.52676 1.76439 1.83856 1.65941 0.95786 1.01097 0.70621 0.61301 0.55828 1.37581 1.70967 1.51397 1.77431 1.63422 1.02922 1.13458 1.82466 0.86338 1.31790 1.38986 1.95236 1.06223 1.51406 1.25022 0.62951 1.25819 1.08204 1.71025 1.22905 1.15656 0.74057 0.91343 1.05746 1.15531 1.69744 1.55650 0.90250 0.69773 0.57708 1.23326 1.27508 1.06494
1.02557 0.70762 0.56078 1.61987 1.11215 1.84803 0.73573 0.96327 1.12689 1.90329 1.57544 1.83725 1.20284 0.64302 1.91665 1.51298 0.68575 0.84511 0.82547 0.72049 1.29640 1.60705 1.15286 1.41968 1.18325 1.53457 1.29293 0.63329 0.82752 0.80363 0.60221 0.92160 0.68207 1.40604 1.92737 1.55904 1.25042 1.79364 1.42533 1.82884 1.15339 1.10127 1.67054 0.91553 1.68232 0.80620 1.57335 1.54168 1.87619 0.99464 1.15262 1.09547 0.76304 1.64988 0.50260 0.61378 1.07537 1.04746 1.28851 0.88107 1.36842 0.74873 1.87489 0.87821 1.41303 1.06465 1.51391 1.62649 1.29591 0.95770 0.85229 0.68837 1.18480 1.80300 1.54158 0.82400 1.08280 0.51963 1.39198 1.51305 1.12836 1.43419 1.86028 1.69524 0.98212 0.64253 1.15402 1.19320 0.63650 1.16578 0.51252 1.52440 0.54197
1.88404 1.45154 0.55959 1.35637 1.83691 0.52639 1.54071 1.93924 0.50964 0.74836 1.21656 0.62207 1.25585 1.77369 0.81815 0.51159 1.65218 1.89311 1.71515 1.90726 0.61887 1.69751 1.97152 1.38078 1.04829 0.87313 1.00277 1.99584 1.82997 1.97585 1.03960 0.86278 1.26866 0.91670 0.84555 1.90913 1.64352 0.66283 0.57488 1.74093 0.93695 1.25652 1.74765 0.79211 0.80438 1.66157 1.10392 1.09746 1.66404 1.92217 0.57993 1.81853 1.96520 1.55306 1.95346 1.43795 1.71973 1.93112 1.76323 1.84523 1.31251 0.86263 1.17521 1.04820 1.53589 1.21152 1.59682 1.13983 1.48771 1.51958 1.05741 1.71667 1.47210 1.22521 1.61259 1.85329 0.66228 1.18353 1.49964 1.54478 1.11375 0.61711 0.53554 0.83244 1.90492 0.62074 0.79725 0.97791 1.71838 1.74922 1.78943 1.81406 1.10296 1.14949
1.92268 1.19851 1.07798 0.52593 1.91001 0.59035 1.38149 0.55590 0.52197 1.39050 1.32187 1.64696 1.88999 1.11167 1.49883 1.02573 1.56006 1.46210 1.03287 1.68916 1.50705 1.01013 0.95301 0.53807 1.79263 0.96715 1.63362 1.64484 1.84038 1.96218 0.53330 0.78126 1.07569 1.99052 1.77888 0.52344 1.91355 1.07486 1.40552 1.87090 1.02062 0.68831 1.87726 0.54523 1.25568 1.12411 1.66357 1.98153 0.98108 1.56582 1.18835 0.88703 1.53621 1.00916 0.98206 1.14870 1.61177 1.60524 1.06798 1.46635 1.55350 0.77982 1.78124 1.40350 1.22539 1.66063 1.76087 1.63535 1.67049 1.93347 1.03253 1.73165 1.17482 0.63077 1.83913 1.54754 1.18058 0.59611 1.21176 1.27975 0.70004 1.00639 1.40047 1.37720 1.03509 1.10653 0.54103 0.67880 1.74869 1.73709 1.26588 1.97009 1.32833 1.69045 1.40413
0.61485 0.83323 1.45622 1.35744 1.68724 0.62461 1.20505 1.15305 1.05903 1.81236 0.57894 0.64367 1.11557 1.91063 1.68672 0.57497 0.61307 1.54229 1.84014 1.74317 1.26292 1.20029 0.86077 1.76594 1.55538 1.36034 1.16475 1.28766 0.91706 0.75754 1.92704 1.16798 1.65465 1.00411 1.86007 1.27332 0.95413 1.26820 0.56271 1.99397 1.92639 1.81408 1.70676 1.10049 0.60397 0.74534 0.81564 1.09461 0.93823 0.91125 1.01999 1.76156 1.62223 0.93960 1.37280 0.73337 1.61983 1.32273 1.18151 1.53807 1.95094 1.35012 0.92892 1.68324 1.92380 0.82460 1.35126 1.86148 1.63324 1.38195 0.79582 1.60865 1.05418 1.55642 1.13159 0.84826 1.93610 1.08304 0.68094 0.89536 1.10222 0.62384 0.83288 1.12348 0.81854 1.72914 1.40314 1.21506 1.53529 1.30895 0.66103 1.53700 1.35054 1.45236 1.10783 1.63536
0.97129 0.59082 0.94068 1.18180 1.95940 1.93098 1.76999 0.70024 1.55423 0.59308 1.16663 1.95920 1.94284 1.60671 1.80892 1.16215 0.98982 0.53923 1.40169 0.91507 1.66635 0.56200 0.81456 1.34316 1.14685 0.82795 1.29940 1.12666 0.83854 1.40721 1.41732 1.26658 1.21560 1.91459 0.82113 1.09154 0.86019 1.72201 1.15938 1.30555 1.52065 1.56548 1.32394 0.52286 1.39389 1.84377 0.51784 1.55745 1.67314 1.69575 0.72685 1.20446 1.29777 0.54754 1.45331 1.97627 0.83137 0.77365 0.67908 0.95547 0.83949 1.54724 0.53293 0.80577 1.15732 0.64144 1.05669 1.35116 0.82334 1.07253 1.44167 1.58385 0.96149 1.13508 1.10612 0.99364 0.58804 0.86837 0.80900 1.55546 1.41944 0.75950 1.21900 0.51544 0.97778 1.38104 0.99045 1.82507 1.38710 1.95284 0.54332 1.86210 1.11678 1.24468 0.93561 0.67455 0.57572
1.89335 1.88970 0.72178 0.67403 0.85496 1.05853 1.63648 0.69219 1.53433 1.24533 1.03569 0.84404 1.37744 0.81297 0.92790 1.93077 1.98429 1.29964 0.64122 1.51173 1.42053 1.49928 1.81468 1.93694 1.60965 1.34817 1.21225 1.60306 0.61614 0.90933 1.22439 1.37819 1.89738 1.47338 1.16523 1.36816 0.67376 1.84057 0.75051 1.74176 0.63658 1.71547 1.34956 0.79005 1.34825 1.20154 0.99749 1.68368 0.52664 1.91914 1.00361 0.72897 0.88591 1.87809 1.18533 1.03439 1.83134 1.41645 1.64549 0.94793 1.95484 0.96553 0.61867 1.40844 1.44594 1.46343 1.07378 1.16366 1.27576 1.84103 1.19334 0.91663 1.61258 1.32995 0.87238 0.50754 0.94575 0.82866 1.44426 1.97254 0.73625 1.89357 1.35876 1.68371 0.64747 1.89227 0.90081 1.33325 1.96166 1.57332 1.16516 1.23758 1.61294 1.81335 1.20118 1.27033 1.09338 1.89377
1.22825 1.88272 1.06258 0.58016 0.74627 1.37339 0.96767 0.72496 1.18909 1.94828 0.96498 1.75751 0.52921 1.93732 1.76845 1.91707 1.85077 0.90505 1.52496 1.79262 0.67087 1.39113 0.51461 1.14221 1.19089 0.50150 1.34616 0.78172 1.26798 1.32608 0.58028 1.93792 1.04928 0.79227 1.31901 1.32984 1.37439 1.75324 1.80831 1.78903 0.79613 1.29569 0.93778 1.95581 1.22591 1.53297 1.99495 1.43490 0.96308 1.58382 0.78781 0.93190 0.75316 1.01583 1.04134 1.76901 1.05356 1.06740 0.61218 0.61703 0.96116 1.70136 1.95370 0.72466 1.18435 0.89163 0.64257 1.83745 0.70842 1.15213 0.57441 0.56545 1.96783 1.93407 1.79587 0.75211 1.97008 1.96571 1.73336 1.92177 1.24754 1.53366 0.71899 0.96415 1.94224 0.85603 0.91129 1.48783 0.94639 0.94099 0.57657 1.17356 1.64336 1.08813 1.43823 1.27094 0.55952 0.57968 1.45909
0.50469 1.27331 1.38195 0.71398 1.44218 1.61189 1.61559 1.38783 1.95390 0.83872 0.59267 0.62490 1.59875 0.79243 0.62520 0.72349 0.62290 1.27626 1.62544 1.76194 0.83614 1.78857 1.96466 1.88289 0.53471 0.86101 0.93811 0.92488 1.64677 1.17223 1.08114 1.01448 1.50151 1.21355 1.90945 0.59829 0.67529 1.38180 0.82992 0.64416 1.80880 1.41901 1.11446 1.72317 1.70671 1.83997 0.54429 0.84402 1.19190 0.54849 0.72683 1.26921 0.52775 1.57856 1.14742 1.61027 1.97452 1.77900 1.94742 1.59207 1.06301 1.18016 1.12298 0.57513 1.11885 1.73071 0.54471 1.47706 1.43469 0.67588 0.82035 1.26586 0.63120 1.02770 0.64788 0.84758 1.17041 0.87994 1.56561 0.73086 0.56894 0.50265 1.57298 1.46909 0.65636 0.67327 1.39507 0.62027 1.55492 1.44638 1.30469 1.02985 1.31802 1.05660 0.97142 1.38529 1.88892 1.25487 1.79000 0.73305
1.98558 0.93619 1.89770 1.99989 1.40387 1.23935 1.96859 1.07238 1.83854 1.05671 1.81670 0.63244 1.39150 1.55783 1.72528 1.42628 0.64951 1.63861 1.54803 1.22613 1.54957 1.47064 1.40042 0.86070 1.10685 1.35804 1.87543 1.47617 1.15302 1.71356 0.97209 1.66499 1.97016 1.19437 1.17833 1.53170 0.86615 1.45841 1.63221 0.98064 1.59111 0.80268 0.82659 0.83708 1.60940 0.90448 1.96869 1.31151 1.38376 1.08970 1.91889 1.09447 1.30284 0.52502 1.41724 0.78380 1.34503 0.81378 1.76870 1.29399 1.09052 0.74460 0.95637 1.96651 1.40624 0.58028 1.97282 1.50868 1.18653 1.79368 1.40254 1.77375 1.01594 1.49301 1.89945 0.60551 1.87657 1.06736 0.89685 0.73286 1.90142 0.59514 1.94943 1.42238 1.83451 1.13938 1.90937 1.00337 1.60550 1.93038 0.50776 1.43884 1.43569 0.93338 1.36857 1.62558 1.95794 0.56274 1.63667 1.07599 0.56303
1.67555 1.38212 0.93376 1.45768 1.74794 0.64221 1.32484 1.34379 1.17390 0.90525 1.76423 0.89668 1.74525 0.82396 0.53698 0.78299 1.14326 1.47042 1.32328 0.81209 0.79860 0.51086 1.33688 1.76454 0.98291 1.25177 0.70536 0.73543 0.51226 1.11520 0.55346 1.61204 0.92808 0.51965 1.56676 0.95414 1.68983 1.24197 1.27566 0.67459 1.48966 0.95849 0.62416 1.84599 1.11438 0.72148 0.66891 1.36906 0.78747 1.54962 0.75417 1.47592 1.00956 1.31587 1.87306 0.74630 0.69754 0.54106 0.99178 1.19504 1.62603 0.87459 0.70515 1.62256 1.68516 1.81220 1.78275 0.50739 0.80918 1.07275 1.18636 1.62648 0.71370 0.78610 1.39530 1.29753 1.43092 1.96798 0.89001 1.26969 0.70011 0.62163 1.98411 1.10949 1.04294 1.83590 1.02530 1.95943 0.79850 1.83529 0.58090 0.51079 0.83636 1.22847 0.86918 0.71937 0.56479 1.70776 1.82456 1.20944 1.18862 0.89513
1.94108 1.93789 0.67738 1.88432 0.59378 1.43596 1.78433 1.77674 1.89265 0.95027 1.21102 1.15253 1.96118 1.42681 0.57499 1.19571 0.86017 0.80740 0.72787 0.99365 1.67875 0.72433 1.11037 1.76888 1.87969 0.55686 0.83357 1.86947 0.67373 1.82291 1.16742 1.52345 0.96155 1.71348 0.60475 1.07560 1.95350 1.39452 1.00394 0.80903 0.64286 1.69960 0.58136 0.92100 0.85064 1.68574 1.01181 1.46749 1.02861 0.69692 0.77197 1.30987 1.77073 1.40929 1.02352 1.56690 1.65721 1.70242 1.52614 1.15091 0.83986 1.29407 0.75092 1.30688 0.89889 1.62817 1.07747 1.59764 1.32294 0.59476 0.60754 0.89229 0.87713 0.83722 0.86326 0.69034 1.10237 1.96300 1.33011 0.64482 1.33760 0.68811 0.54894 0.93536 1.94979 0.87133 0.69514 1.34383 0.90852 1.33286 0.77256 1.74041 1.46989 0.90325 1.38049 1.76303 0.84416 0.97375 0.74014 0.97679 1.88789 0.74641 1.48542
1.41743 1.20179 1.26321 1.37647 1.60873 0.65469 1.16222 0.51548 1.80952 1.69758 1.99604 0.76891 1.01052 0.65942 0.52408 1.14160 1.91229 0.67047 1.78000 1.50277 0.71882 1.66335 0.99679 1.87908 0.65892 1.67443 0.97720 1.12535 1.15806 0.79123 1.77722 1.46011 1.48378 0.82154 1.03749 0.56252 1.38613 0.56736 0.83912 1.45001 1.57443 1.18615 0.77299 1.33617 1.94621 1.45633 0.51361 1.07847 1.55639 1.89120 1.62814 0.99518 1.68962 1.20953 1.05270 1.53328 1.98458 0.72066 0.67440 0.98680 0.91905 1.91700 1.52034 1.56039 1.76383 1.99821 1.77850 0.57468 0.66547 1.02869 0.92913 1.53852 0.59877 1.01957 1.11267 0.94073 1.78939 0.74391 1.10416 1.42721 0.94267 0.55714 1.22921 0.92861 1.37723 1.73254 1.04904 0.58732 1.10782 0.81264 1.46067 0.82094 0.52468 1.18929 0.85661 1.98171 1.18533 0.63885 1.64943 0.66444 1.53845 0.96209 1.38483 1.92394
1.01589 1.46768 1.04155 1.62788 1.70692 1.54505 1.31945 0.53716 1.24173 0.96409 0.56270 1.86514 1.46641 1.07073 0.92228 0.56035 0.84356 1.71567 1.94429 1.32591 1.64391 1.45427 0.95188 1.61888 1.43158 1.65733 1.65665 1.29357 1.06366 1.65776 1.85260 1.19003 0.74063 1.99946 1.17069 1.46353 0.88610 0.99662 1.78323 1.01670 1.51234 0.99579 1.85475 0.65616 1.86279 1.74275 1.73159 1.86620 0.87134 1.94873 1.69519 1.56899 1.15186 0.91119 1.94402 0.93524 0.79174 0.96116 1.31695 0.75121 1.50456 1.47958 0.89402 0.60056 1.74653 1.75851 1.27208 1.84439 1.55555 0.52767 1.94258 0.77352 1.13859 1.82256 1.04931 1.71994 1.91226 1.55801 1.40566 0.59199 1.20555 1.25853 1.93828 1.39829 1.06314 1.71856 0.67675 1.88504 1.35420 1.31447 0.51249 0.80489 1.15957 1.82164 1.34255 1.26178 0.87428 1.79650 0.70439 0.94826 1.18062 1.73504 1.84576 0.95508 0.78652
0.52612 1.80947 1.63866 1.64653 1.00583 1.90555 0.89897 1.24583 1.28334 0.54412 1.79907 0.51729 0.52497 1.93820 1.93045 0.91549 1.62598 1.35841 1.02553 0.99518 1.72896 1.41456 1.43090 1.86726 0.68974 0.97835 1.45233 0.82830 1.18320 1.69413 1.56838 0.62001 1.49856 1.92378 1.48552 1.88991 0.56883 1.79412 0.73727 1.74733 1.92740 0.58650 0.60687 1.50506 1.08932 1.95366 1.60923 1.52700 1.25754 1.09091 1.97605 0.85194 1.73493 1.27348 1.37659 1.29359 0.94732 1.70992 1.66170 1.23331 1.62323 0.62931 0.71693 0.99753 1.07823 0.66788 1.91498 1.95527 1.66454 1.88314 1.52676 1.73868 1.96286 1.58399 1.92769 1.65344 1.95690 1.64103 1.72212 1.40384 0.86949 1.56756 0.65755 1.44975 0.82800 1.39768 1.17282 1.45198 0.98720 1.21208 1.06765 0.75831 1.97623 0.95038 1.92811 1.95712 1.56455 1.14116 0.79774 1.25483 1.98453 0.98090 1.02905 0.80245 1.71158 1.15192
0.96315 1.15933 1.11136 1.73200 1.98658 1.09675 1.38424 0.89274 0.93327 0.50913 1.67019 1.91730 1.33413 0.50821 1.18509 1.60026 1.47910 0.73365 1.74509 1.23401 0.98157 1.81284 1.98624 1.34274 0.71625 0.69625 1.54350 1.71128 1.91327 1.93676 1.74563 1.44158 0.81559 1.16167 1.07073 1.23191 1.53025 1.16373 0.87702 1.52558 1.63414 0.69265 0.61464 1.82168 1.94907 1.59566 0.78203 1.34198 0.72250 1.00095 1.47993 1.92178 1.37286 1.74849 0.62881 1.93033 1.37800 0.69272 1.94351 1.89349 1.25751 1.77884 0.52816 0.58401 0.51285 1.43695 1.45075 1.35815 1.66784 1.56126 1.45675 1.64391 1.02132 0.95534 1.83119 0.77618 1.13503 1.08691 1.29573 1.30069 1.34726 1.85034 1.10331 1.38541 1.35903 1.12580 0.83458 0.90517 1.24441 1.85203 1.48740 1.23308 0.62818 0.83153 0.63848 1.27672 0.91290 0.99138 1.17388 1.14602 1.51969 1.37081 0.80230 1.52271 1.47215 1.25043 1.39241
1.01855 0.93230 0.77069 1.32432 0.50877 0.61038 0.66642 1.59482 1.80899 1.32126 1.39423 0.51301 1.06945 0.78488 0.83181 0.73424 0.71039 0.90088 1.35764 1.91205 1.63063 1.18403 1.71138 1.11186 0.61723 1.39196 1.34052 1.55398 1.04697 1.57623 1.82327 0.92059 1.30483 1.10715 0.69531 0.70958 1.44819 1.29628 0.98724 1.48215 1.78763 0.99821 1.66587 0.90184 1.33997 1.40292 1.45609 0.79686 0.70606 1.99554 1.76482 1.17596 1.84519 1.24476 0.87610 0.52364 1.24860 0.94726 1.33919 1.45407 0.78976 0.66495 1.78150 1.25335 1.38206 1.37278 1.42312 1.72980 1.92479 0.61515 0.76797 1.79466 0.87968 1.87321 1.19836 0.99431 1.27485 1.69571 1.04869 1.42250 1.65927 1.79432 1.61939 1.67315 0.92921 1.60260 0.93897 0.70638 1.42810 1.73208 1.62590 0.61531 1.94707 0.85170 1.42777 1.96252 0.71326 0.91209 0.71399 1.38080 0.53511 0.59619 0.92385 0.99066 1.17385 0.83830 1.20935 1.78507
1.41519 1.71961 0.63458 1.16618 1.85700 0.79892 1.50075 0.83741 1.67475 1.54480 1.59885 0.76917 1.76086 1.09503 1.87778 1.99485 0.76600 1.13618 0.55784 1.46013 1.99504 1.40324 1.90740 0.69856 0.61676 0.93971 1.55902 1.97681 1.38384 1.23763 1.04374 0.98178 1.91555 1.90661 0.60942 1.69889 1.52655 0.57533 1.22326 1.30872 0.54823 0.53780 0.70129 0.99265 1.86117 1.31599 1.10290 1.31232 1.11477 0.98190 1.11207 1.33500 1.13378 1.68543 0.68951 0.98476 1.67627 1.42076 0.66315 1.79632 1.19983 0.76958 0.71013 0.72326 1.66239 1.78669 0.59339 0.97257 1.71217 1.79035 1.54139 0.93580 0.98642 1.59801 1.94843 1.71151 0.53910 1.17666 1.49515 1.58358 1.38109 1.72532 1.56567 1.18622 1.17823 1.46850 1.21306 1.21341 0.90972 1.67372 1.62461 0.82996 1.67311 1.08806 1.79166 1.41340 0.80815 1.00478 1.52874 0.91064 1.18242 1.48589 1.93163 1.48058 1.03110 1.58393 1.62033 0.61456 0.62408
1.11284 1.57188 0.67171 1.02281 0.73502 0.76019 1.04720 1.75821 1.15430 1.96134 0.60132 1.61108 1.05596 1.64434 0.60254 0.81591 1.71877 1.34239 0.55213 0.94395 1.50909 1.88511 0.50552 0.87661 1.74669 0.79230 0.73675 1.70598 1.12986 0.64280 1.61874 1.10886 1.96509 1.38800 0.90076 1.61667 0.61528 1.86412 1.23462 1.26676 0.68504 1.60609 1.55715 1.22673 1.94195 1.87353 1.42261 0.80520 1.16223 1.60561 1.34792 1.75694 0.56033 1.96416 0.73570 0.56040 0.97348 1.06071 1.29076 0.71126 1.66275 0.78742 1.00553 0.62779 1.46449 1.74303 0.78211 1.67232 1.36514 0.95487 0.97589 0.57913 0.60956 0.67840 0.85555 0.71241 1.23486 0.90102 1.43532 0.61910 1.61634 1.14197 0.71564 1.43059 1.44163 1.09473 1.02020 1.49041 0.94854 0.50064 1.37496 0.95052 1.73549 1.60461 0.58872 0.53436 1.02577 1.61280 1.49347 0.70286 0.92213 1.23042 0.63812 0.75148 1.37597 1.55283 1.88087 0.70764 1.23650 1.15002
0.56228 0.70849 1.15018 0.92938 0.79825 1.20525 0.88026 1.79488 0.88202 0.90398 1.31559 1.34051 1.54466 1.85417 0.82913 1.61886 0.96131 1.55811 1.04250 0.50537 1.43267 1.42496 1.92638 1.43592 1.26795 1.17378 1.83372 1.59048 1.06737 1.44660 1.20045 0.57965 1.24940 1.20336 1.89573 1.89240 0.90633 1.87441 0.57395 0.86913 0.64899 0.56336 0.74672 1.09337 1.70822 0.93890 1.16508 0.94470 1.78251 0.59051 1.54819 1.27071 1.11409 1.37298 1.48216 1.13264 1.06189 1.14239 1.08577 0.81697 0.70690 1.62330 0.51176 0.66929 1.68741 1.76991 0.56046 0.76937 0.59016 1.65968 1.88199 0.85578 1.77131 1.44732 0.66000 1.58835 1.36004 0.68750 1.38419 0.81979 0.81101 1.48071 0.60480 1.02963 0.67102 1.49984 0.87675 0.51976 1.96825 1.54270 0.70610 0.92261 0.73565 1.39985 0.99471 0.52548 0.72324 1.47680 1.22371 1.16523 1.50309 0.77612 1.33349 0.59086 1.87291 1.81983 1.22753 0.71407 1.38453 1.90807 0.68847
1.13840 0.69157 1.79208 0.65347 0.97064 1.53840 0.96673 0.73826 1.43189 1.92171 0.77353 1.27250 1.13703 1.94841 0.56535 1.87978 0.99428 1.53088 1.24485 1.37125 1.48144 1.59359 0.96542 0.95985 0.91859 0.74541 0.82668 0.86711 1.38686 0.60406 1.58159 0.72254 1.69090 0.56572 1.96280 1.49455 0.75087 1.04849 1.78895 1.94191 1.72784 1.27318 1.21948 0.58137 1.99879 1.10984 1.88145 1.79529 1.39959 1.25433 0.98700 1.18299 1.34561 1.76702 0.50163 1.67861 0.87203 1.96607 1.33265 0.79533 1.76007 0.73931 0.90695 1.56174 1.17385 0.67921 1.73285 1.19056 1.74791 0.73960 1.48002 1.53018 1.32650 0.51981 1.85996 1.12759 0.66866 0.65227 0.82150 0.56016 1.97933 0.79165 0.74648 1.69291 0.90268 1.87048 1.53191 1.30777 1.26554 0.81263 0.66333 1.45557 1.95593 1.70825 0.67271 0.65200 1.88531 1.82588 1.39890 0.66254 1.12234 1.48131 1.65257 0.55632 1.97793 1.31742 0.51180 0.88821 1.68599 1.73068 1.05792 0.53644
1.23077 1.54178 1.11682 1.86557 0.93733 0.53520 1.35259 0.75316 1.74547 1.32253 0.94610 0.53514 1.55475 0.86948 0.79282 1.00908 1.22542 1.95368 0.61129 1.16442 1.73712 0.57745 0.90607 0.91731 1.24965 0.97085 0.70002 1.89802 1.39578 1.79804 1.49781 0.86014 0.85564 1.55418 1.95513 0.82587 0.78673 0.93970 1.35621 0.92952 0.77682 1.40605 1.76576 1.71931 0.52768 0.62999 0.61430 0.54989 1.41778 1.51004 0.97855 0.74241 1.12911 0.57606 0.86730 0.63382 1.84340 0.66678 0.95048 1.04729 0.99859 0.56695 1.64093 1.02978 1.40635 0.90493 1.85632 0.84607 0.88541 1.59526 1.22242 1.47280 1.60176 1.28307 0.64941 1.69768 1.16228 0.60995 1.96734 1.62682 0.89837 0.57075 1.79555 0.79877 1.36391 1.40208 1.03574 1.47133 1.78476 1.54477 0.82256 1.84536 0.57399 1.92274 0.94761 0.56302 1.29697 1.71622 0.83602 1.32571 1.49144 0.69039 1.23305 1.61784 1.11208 1.12280 1.66598 1.31791 1.67132 1.38312 1.09019 0.70689 1.91367
1.03814 1.45082 0.94665 0.86261 1.40928 1.40132 1.96089 1.67844 1.61688 1.95732 0.72323 1.98176 1.66384 0.66546 0.51686 1.98104 1.56444 0.58934 0.71661 1.83983 0.88723 1.37947 0.54169 1.42461 1.48404 1.26191 1.63370 1.38524 1.95070 1.43548 1.19829 1.27081 1.72101 1.06232 0.72472 1.11664 1.79088 1.04911 0.56438 1.76358 1.03896 1.51989 0.85991 1.11308 0.80890 1.43443 0.62723 1.63580 1.68078 1.74573 1.97589 1.22473 0.70969 1.13834 1.17734 0.64976 1.02016 1.03406 0.91215 1.68498 1.46254 0.86231 1.59197 1.74312 1.43450 1.34838 1.51371 1.00698 0.61869 1.17968 0.52096 0.87469 1.55143 1.40042 0.97978 0.88932 1.05138 1.17888 1.21029 1.44754 1.03133 1.60715 1.38023 0.69258 0.96948 1.59148 1.90565 1.19311 1.49668 1.36360 0.76588 1.75468 1.20627 1.11232 0.80599 1.77165 1.72127 1.55757 1.89393 0.74148 0.95820 1.80834 0.93420 0.81546 0.74378 1.58585 1.27410 1.25990 1.47153 1.97128 1.26176 1.17999 0.91453 1.14681
0.89834 0.82263 0.98581 1.96495 1.69015 1.10439 0.78989 1.91897 0.62505 1.74637 1.78409 0.54312 0.93182 0.86565 1.79031 0.89833 1.26904 1.57730 0.83867 1.53942 1.00332 1.74531 1.19760 1.01313 0.79655 1.82118 0.53541 1.31006 1.82661 0.72164 1.03271 1.52183 0.86189 1.37270 1.78586 1.76882 1.10760 1.18047 0.97306 0.68309 1.18169 1.78520 1.69268 1.13156 1.72780 1.01965 1.01748 1.44274 0.90774 1.23698 1.72809 1.52232 1.89556 1.23661 1.66094 1.16301 0.93072 1.21804 1.84448 1.34068 0.74813 1.24197 1.33600 0.70904 1.83331 1.31259 1.60752 1.81562 0.53348 1.42528 1.74407 1.90684 1.73884 1.73563 0.55139 0.83653 1.42104 0.67176 1.57623 1.55910 1.86261 1.69967 1.99339 0.77674 1.09328 1.87536 1.12281 1.17785 1.57102 1.38307 1.94761 0.63054 0.52384 1.22867 1.87523 1.64782 1.96935 0.94009 1.62151 1.99074 1.21709 0.76639 1.87891 1.68516 0.64512 1.38946 1.54604 1.21953 0.67523 0.60817 1.90105 1.23756 1.65350 0.57806 1.93586
1.19093 0.88687 1.42177 1.90089 0.89804 0.74602 1.30559 1.51093 1.48612 1.37833 0.70960 1.97409 1.59869 1.67204 0.92935 1.22793 0.69307 0.93847 0.93078 1.14385 1.20002 1.63595 1.02858 0.69545 1.71205 1.52832 0.96914 1.64905 1.94480 1.62211 0.75293 0.98427 1.96911 0.66279 0.94931 0.58742 0.52356 1.48926 1.81011 1.63061 1.50744 1.46467 1.66964 1.23824 0.96298 1.33707 1.29752 0.69930 0.89975 1.38193 1.34905 0.60007 1.77310 0.70397 1.89720 1.75483 1.22553 1.60156 1.75275 0.66635 0.66583 0.90369 1.20346 1.17429 1.31829 0.99886 1.63754 1.00231 0.88200 0.82866 1.32445 1.79987 0.64303 1.35508 0.93042 1.26187 1.44126 1.51006 1.10960 0.59223 0.96626 0.86203 0.91655 0.86816 0.77749 1.32860 0.95659 0.52905 1.15647 1.12105 0.72353 0.69641 1.38500 1.24923 1.36751 0.62773 1.83217 0.98989 0.68368 1.19552 1.81186 1.24917 1.19439 1.90794 1.80194 1.53390 1.76997 0.61371 0.84593 1.14288 1.85009 1.54509 0.50664 1.67704 1.41462 1.33534
1.66818 1.02529 1.48929 1.06060 1.93774 1.18022 1.40016 0.84206 1.70227 0.78367 1.03358 0.97311 0.80948 0.90295 0.53409 1.78917 1.12319 0.70189 0.89202 0.98546 1.41506 0.95473 1.43615 1.75406 0.72872 1.36044 1.87353 1.49017 1.61404 1.30950 0.94107 0.50515 1.48653 0.74949 1.97141 1.06910 1.17062 0.61962 1.08743 0.62923 0.97440 1.50763 1.79933 1.51906 0.84140 1.64473 0.72667 1.39955 1.61220 1.58258 1.16523 1.72968 1.10604 1.58745 1.17843 1.11666 0.94148 0.66514 0.88900 1.71954 0.52768 1.33089 1.02993 1.50426 1.74140 1.33325 1.16829 1.97393 0.85456 0.51336 1.64145 0.78744 0.85129 1.43317 1.56178 0.93869 1.86532 1.21484 1.19270 0.66936 0.61923 0.93837 1.20788 0.80946 1.12946 1.14972 1.43775 1.79578 1.66386 0.97502 1.47562 1.42062 0.60337 1.11787 1.34568 0.69569 1.67418 1.99048 1.58718 1.60721 0.94260 0.88165 0.91919 1.06394 1.51197 0.86795 1.74672 1.29928 1.65786 0.75446 1.44604 0.94206 1.92656 0.81524 1.63512 1.92615 1.43892
1.58785 1.48759 1.34438 0.82918 1.70010 1.29701 1.46927 0.72142 1.91567 1.56056 1.25396 1.92968 1.74043 1.45108 1.63168 1.63064 0.79516 1.17417 0.71729 0.83701 1.02233 1.22329 1.59552 1.10176 1.43888 1.91356 1.96597 1.25320 1.90870 1.39536 1.97578 1.10582 1.57987 1.30262 1.50863 0.87347 0.96794 1.87935 1.54947 1.16877 1.42612 1.86933 1.31668 1.26257 1.63705 0.92929 1.69493 0.62533 0.93733 1.21650 1.41113 0.65234 1.14509 1.44521 1.27766 1.01019 1.99949 1.05379 1.87567 1.95096 1.28220 0.88689 0.83966 0.84854 0.58824 0.74686 1.68086 0.61773 1.25173 0.77869 1.31367 1.90127 1.06478 0.52298 0.64287 1.45151 1.91908 1.80866 1.41050 0.97487 0.78374 0.61517 1.57718 0.74863 0.70706 1.50459 1.04474 0.87277 1.65419 1.19230 1.30130 1.01018 0.79463 1.09823 0.82708 0.92126 0.90161 0.72239 0.89134 1.81001 1.15068 0.87651 0.52208 1.37387 1.15488 1.94185 1.72489 0.82572 1.79534 1.38790 1.61111 1.18842 1.21017 1.80040 1.20670 0.86381 1.47389 1.76229
0.82802 1.10472 0.68531 0.68559 0.50353 0.98214 1.37848 1.06963 0.62947 1.65487 0.70603 0.83569 1.99668 1.79939 1.68815 1.01925 0.51708 1.04636 1.63948 0.70482 1.01151 1.39616 0.73363 1.91356 1.43132 1.51786 0.80843 0.87604 0.59046 1.74176 0.90265 1.30442 0.50447 1.17888 1.94244 0.99975 1.05251 0.70208 0.82033 0.58810 1.41114 0.85439 0.86494 1.60704 0.92098 1.14888 1.13222 1.65723 1.29634 0.58334 0.55927 0.76002 1.11493 0.96780 1.70072 1.98717 1.35161 1.37847 0.70107 1.68191 1.94641 0.51824 0.78691 1.18067 1.93053 1.71174 0.83123 1.87797 1.92161 1.68705 1.40697 1.28081 0.93319 1.54075 0.87362 1.17132 0.57997 1.43303 1.13017 0.76548 0.83805 1.11387 1.23062 0.85342 1.91200 0.58865 1.00418 1.34264 0.56021 0.93900 1.94494 0.96650 1.22441 0.85396 1.75518 1.49578 0.96383 1.15713 1.03605 1.43048 1.81823 0.69155 1.46966 1.77228 1.13469 0.68265 0.70201 0.64704 0.96436 1.60140 1.65478 0.96808 1.41170 1.03904 1.38344 1.30210 1.12956 0.78401 1.07666
1.08034 0.85062 1.10440 1.47513 0.90447 0.62339 0.82277 0.73051 1.55098 1.75048 1.75993 0.85542 1.63811 1.37817 0.51323 1.36537 1.71090 1.37513 1.98937 1.18170 0.73574 0.72680 1.18723 0.67676 1.72079 1.09211 1.90037 0.92673 0.59293 1.77840 1.53255 1.46334 0.55824 1.64004 1.29471 1.57744 0.70639 0.59172 1.15677 1.45983 0.52396 1.63433 1.01519 1.81781 0.84929 1.24316 1.86672 1.10266 1.75720 1.46388 1.96008 1.04945 1.38950 1.22281 1.90751 1.84475 1.01512 1.05361 1.39776 1.30835 1.13229 0.78627 1.14679 0.74489 0.79414 1.27008 0.52870 1.35238 0.67670 0.76974 1.12187 1.13573 0.77694 0.87300 0.70886 0.67748 0.62904 0.84046 0.67039 1.13567 1.03356 0.77212 1.33024 1.77330 0.84298 1.05748 1.52971 1.80440 1.90444 0.91149 1.32297 0.80873 1.82299 1.45473 1.00587 1.55345 1.86535 0.62490 1.42438 0.52975 1.93168 0.64263 1.24579 1.68141 0.78990 0.56521 1.67284 0.78641 0.69547 1.84361 1.67354 1.39383 1.16636 1.89111 1.35942 1.12279 1.11963 0.80636 0.87610 1.81361
1.45671 1.56069 0.61804 0.84367 0.82659 1.26365 0.87403 0.67241 1.48472 1.88987 0.96249 0.82459 0.90426 1.36239 1.54413 1.50186 0.76102 1.13903 1.29130 1.76452 1.77467 1.35516 1.02208 0.71179 0.81236 1.07158 1.20250 1.88680 0.72056 1.40546 0.72263 0.90415 1.91165 1.16616 0.84654 0.97191 0.89535 0.82549 0.96762 1.97957 1.08208 1.09021 0.86135 0.94221 0.93404 0.80082 1.20976 0.80060 0.85081 1.23608 0.57485 1.49357 0.60249 0.78731 1.84533 1.33088 0.56569 1.81778 1.58373 1.09577 1.24010 1.06692 0.60702 1.34700 1.80315 1.77884 1.45620 1.29374 1.72262 1.13808 0.89515 1.44126 1.82901 0.91194 0.71511 0.71451 1.64508 1.79293 1.78136 0.66107 1.58231 0.64523 1.32698 0.88614 1.32356 1.03392 1.80387 1.47590 0.75782 0.57764 1.55182 1.46506 1.18651 1.10941 1.30447 1.71588 1.56893 0.98050 0.98191 1.98907 0.97408 1.36505 1.70512 1.54359 0.90004 1.69690 1.13275 0.78582 0.72365 1.29507 1.61704 0.61613 1.52241 0.93601 1.60854 1.42014 0.79632 1.98194 0.72326 1.35175 0.93828
0.83063 1.51929 0.95302 1.41400 1.15979 1.28370 1.45688 1.91274 1.35223 1.13373 1.38023 1.44983 1.00553 0.74855 1.54718 1.71889 0.63912 0.79859 0.62777 1.86326 1.62834 0.85025 1.45175 1.90253 0.69596 1.59788 1.63962 1.79583 1.19080 0.51401 1.64301 1.79045 1.58743 0.57519 1.45423 0.56475 0.69246 0.90138 1.17633 0.80331 1.14349 1.04251 1.50256 1.05061 1.75071 1.44312 1.30004 1.13945 0.72045 1.82341 0.62928 1.81220 1.35470 1.34512 0.86243 1.54373 0.95471 1.81625 0.79732 1.68233 1.85912 1.05795 0.99407 0.91068 1.88514 1.26625 1.75544 1.72497 1.99762 1.54159 1.93903 0.91635 1.38894 1.98583 1.12273 1.79865 1.63349 0.69940 1.72654 1.47909 1.55357 0.54530 1.91597 1.57695 1.12407 1.44385 0.68709 1.44416 0.66055 1.61927 0.81923 1.35781 0.78061 0.51319 1.51117 1.69268 1.01628 0.57486 1.29535 1.55120 1.39955 1.23910 0.96105 1.26322 0.74590 1.10881 1.17719 0.70314 0.65645 1.52719 1.91089 1.04402 0.55798 1.71399 1.13565 1.74672 1.69825 1.28838 1.30255 1.89197 1.48350 0.63807
0.89907 1.43303 1.68036 0.71147 1.45318 1.00772 1.35130 1.46766 0.87418 1.30964 0.57044 1.46789 0.93202 0.89818 1.19359 0.79014 1.99783 1.31459 1.35872 1.02886 0.65617 1.86337 0.59617 0.94233 0.54126 0.78485 0.91634 1.93656 1.35193 0.50374 1.19145 1.39155 1.43271 0.61741 1.30616 1.94173 1.97989 1.70767 0.55227 1.62413 1.64460 0.81270 1.18008 1.02561 1.80122 1.80816 1.54944 1.71687 0.81297 1.29419 1.05306 1.45878 1.66837 1.16005 1.04900 1.84961 0.54941 1.25341 1.91528 1.08283 0.54606 0.99660 1.23015 0.72154 0.68025 0.57840 0.96999 1.25466 0.96733 1.78078 1.77465 1.79092 1.23293 1.62422 0.70888 0.66812 0.63445 1.92059 1.76097 0.77156 1.16604 1.98411 0.88892 1.16260 0.99401 0.63177 1.93940 0.57270 0.93530 1.28653 1.19100 1.47931 1.53004 1.37369 1.32535 1.89362 1.55182 0.75522 1.59821 1.73076 0.75007 1.95698 1.68071 1.76433 1.85043 1.00690 1.74800 1.93981 1.32715 1.34082 1.04012 1.38651 0.98069 0.96761 0.76454 0.89047 0.87318 0.99342 1.08573 1.38602 1.17722 0.96472 1.92222
0.50866 1.45866 0.57116 1.23570 1.78348 1.71308 1.38320 1.50740 1.07244 1.74698 1.06303 0.79921 0.63995 1.17825 0.81900 1.95776 1.53644 1.17727 1.23364 0.70701 1.81921 1.80729 1.80644 0.65014 1.36165 1.89538 0.65252 0.59637 1.22780 0.92893 1.54919 1.70415 1.36321 1.03955 1.97010 0.53554 0.52359 0.90183 1.70159 0.68001 0.83604 0.68516 1.55367 1.60046 1.26550 0.56170 1.63791 1.99404 0.88826 1.28402 1.63842 1.71382 1.58305 0.76490 1.67289 0.78011 1.47418 0.50195 0.64607 0.66409 0.61823 1.71970 1.39498 1.30457 1.56687 1.15612 1.28701 1.76044 1.09227 0.83694 0.77954 0.92703 1.11186 1.82316 1.17305 1.29625 1.16029 1.25187 1.32484 1.63936 1.57096 1.94697 1.09722 1.87263 1.77420 1.91046 1.50796 1.74297 0.94104 1.83452 1.30614 0.78645 0.73060 0.85336 1.17368 0.83743 0.99510 1.40857 1.27451 0.90412 1.46440 1.89677 1.25328 1.86966 0.77763 1.06640 1.83460 0.88445 1.43167 1.87531 1.41000 1.64982 1.01675 0.57906 0.83204 1.54945 0.59340 1.84449 1.84416 1.63636 1.37633 1.85569 1.96296 1.93915
1.46549 1.38180 1.84210 0.80317 1.45159 1.44914 1.43298 1.71973 1.16832 1.21324 1.08957 1.09484 0.91469 1.63434 1.69780 1.93838 1.69637 1.74607 1.69904 1.37284 1.02350 0.96044 1.20477 1.03369 0.68186 1.33294 0.90031 1.79955 1.88259 0.98587 1.32430 1.37441 1.54556 1.65688 1.39091 0.81016 1.26434 1.82620 0.89155 1.66045 0.73468 1.66632 1.10235 1.16691 1.80931 1.86986 0.70779 0.85434 1.65219 0.97515 1.09689 1.60045 1.04306 1.64552 1.45293 1.28307 1.16294 1.96329 1.60061 1.16998 1.33373 1.67285 1.11999 1.76452 0.51719 1.70781 0.57850 1.00470 1.84136 1.40969 1.11873 1.33828 0.87212 0.71927 1.69401 1.60768 1.02111 0.77799 1.96069 1.01519 1.30941 1.92002 1.83022 1.44686 1.16220 1.88673 1.80873 0.94149 1.73175 0.80899 1.34846 0.76485 0.90501 1.44983 1.77729 0.88486 1.48706 0.99442 1.39228 0.91832 1.71239 1.94979 1.96142 1.32348 1.90656 1.12531 1.44222 1.52648 0.59617 1.35639 0.51214 0.86183 1.71173 0.87476 0.93157 1.42003 1.15538 1.37698 1.11981 0.92687 1.35117 1.53554 1.56937 1.77788 1.79046
0.79490 1.97241 0.67179 1.79903 1.13915 0.54051 0.76261 1.55009 0.89232 1.62352 1.73108 0.88431 0.91902 0.66779 0.80175 1.08412 1.33229 0.94683 1.35642 1.45863 0.82006 0.77121 1.49986 1.75257 1.32685 0.98679 1.71621 1.15308 1.36065 0.95632 0.92969 1.42222 1.97633 1.86430 1.82323 1.12761 0.99905 1.86705 1.43690 1.85014 1.25044 0.96545 1.77500 0.98353 0.98891 0.88403 0.97679 1.64112 1.90916 1.35341 1.88547 1.55017 1.07196 1.31256 0.56629 0.81873 1.17690 0.94292 1.94244 0.71760 1.48249 0.60270 0.76023 1.39212 1.42001 1.95302 1.99998 0.54388 0.92159 1.20089 1.43705 1.17593 0.77407 0.53887 0.65728 0.65619 1.45143 1.52578 0.67880 1.36159 1.81128 0.72914 1.46463 0.86874 1.27950 1.25576 1.44391 1.15010 1.08017 1.49253 1.66383 0.87057 1.36206 0.78078 1.42132 1.82060 0.66731 0.57864 1.90502 1.05786 1.93782 0.65277 1.49812 1.20400 1.20684 0.82886 1.03523 1.56423 1.01602 1.45955 0.92246 1.28720 0.70192 1.09277 1.15192 1.91239 1.14669 0.78055 1.71281 0.69424 0.63930 1.57735 0.87938 1.19216 0.84838 1.22365
1.20953 1.56534 0.55591 1.28151 1.69331 1.03510 1.65428 0.89426 0.82347 1.42124 1.93213 1.32387 1.64555 0.66718 1.06234 0.87189 1.98824 1.19331 0.60201 1.39049 0.87705 0.78067 1.41021 1.82529 0.78071 1.11131 0.55313 1.57675 1.52364 1.90374 0.60932 1.89455 0.70601 1.26497 1.90398 1.29549 0.89397 1.22935 0.84288 1.61070 0.84393 0.89638 0.79169 1.46864 1.25609 1.82453 1.56436 1.32533 1.83898 1.38486 1.96903 1.49510 1.06716 1.39255 0.84165 0.55681 1.17147 1.00339 1.79214 1.93904 1.57415 1.91065 1.91073 0.76896 0.54076 0.54000 1.02560 1.84979 0.90990 1.80389 0.56420 0.51374 0.66045 1.46797 1.03261 0.73006 0.72932 1.13526 0.69915 0.57696 1.27982 1.00414 1.98918 1.30413 1.60514 0.62515 0.84838 1.19895 1.01158 0.88984 1.50975 1.58992 0.54175 1.15738 1.23987 1.12989 1.29342 1.39911 0.63185 1.06999 1.78295 1.52038 1.14950 1.68784 1.76399 1.34366 0.55622 1.19857 0.53813 0.72798 1.40041 1.12708 0.70464 0.72186 1.72297 1.44917 1.15421 1.07140 1.27398 1.87882 1.88599 1.52842 0.83226 0.81888 1.67446 1.23426 0.80449
1.75037 1.06044 0.88490 1.84831 1.78577 1.15185 1.12567 0.91022 1.21282 1.73117 1.05492 0.52241 0.82948 0.91748 0.76430 0.85458 1.53791 1.88859 1.17646 1.83787 1.16399 1.81325 1.86032 1.24435 1.65900 1.14964 0.62123 0.66640 1.63357 1.42029 1.34363 1.39986 0.59970 1.95409 1.48447 0.82618 1.43019 0.80469 1.09023 0.65376 1.93964 0.85964 1.51970 0.88734 1.41315 1.03834 1.27213 1.80717 1.76925 1.20885 0.90456 1.36763 1.20485 1.43943 0.94125 1.60766 1.48430 1.15538 1.40208 0.85013 1.81230 1.94419 1.00614 0.95713 1.50830 1.14134 0.81625 1.44237 1.38726 1.65757 1.87808 1.12467 0.53238 0.75778 1.68773 1.39870 0.82858 0.61217 1.13329 0.97682 1.00106 1.57588 1.66041 0.69122 1.56900 1.35034 1.01409 0.85124 1.07744 0.94629 0.56550 0.70706 1.02500 0.93308 0.79514 1.07819 0.67615 1.71710 1.71164 1.07151 1.34397 1.51898 0.81576 1.50233 0.80600 1.36568 1.90046 1.47950 0.93020 1.84328 0.91838 0.56948 1.44391 1.09378 1.50646 0.74663 1.34586 0.98751 0.53217 1.53768 0.84266 0.99552 1.46722 1.79479 1.63266 0.77147 0.85274 1.15945
1.81685 1.02110 0.78805 1.81554 1.39597 0.65143 1.25120 1.29232 1.78015 0.76162 1.01416 1.83109 1.44894 1.28338 1.57594 1.04008 1.76751 0.52087 0.66865 1.73667 1.85880 1.22876 1.38406 1.29595 0.91990 1.19465 1.38399 0.61930 1.98903 1.52875 0.76379 1.32842 1.73765 1.11983 1.49729 1.74975 1.34227 1.70004 0.60860 1.29239 0.95030 1.69762 1.84863 1.47614 1.04374 1.79621 1.86278 1.47717 1.60390 1.55855 1.22302 0.57993 0.68250 0.77091 1.95294 1.51354 1.23945 0.56942 0.80071 1.37901 1.50556 1.32839 1.65134 0.52738 1.96215 1.67767 1.22696 1.57399 1.50025 1.71741 1.64435 1.95726 1.82455 0.64629 1.61785 0.65833 1.99175 1.71559 0.66553 0.63868 1.79686 1.61176 0.79326 1.93253 1.28338 1.31345 1.50019 1.81344 0.64336 1.61957 0.82707 0.76191 0.83768 0.71039 1.23771 0.61008 1.12936 1.58632 1.81794 0.50774 1.60984 0.53632 1.28008 0.63942 1.86221 0.70846 1.81397 1.58299 0.84190 1.82349 0.75244 1.47163 0.50408 1.69968 1.08477 1.19872 1.08705 0.52297 0.53212 1.80513 1.09253 1.95730 0.56422 1.54548 0.66969 1.46268 0.50976 0.83955 1.15670
0.99228 1.35708 1.02632 1.55346 1.07386 0.67992 1.36270 1.71215 1.47973 0.73376 0.89349 1.09312 0.80893 1.14603 1.43519 1.22173 1.87567 1.70243 0.80930 0.95480 1.62691 1.19788 1.49392 1.09050 1.05957 1.96253 1.59077 1.67677 1.55321 1.15265 1.45926 0.57149 0.76720 1.02002 1.38817 1.74341 1.56197 1.63126 1.17936 1.30893 1.91532 1.12017 0.60447 0.55838 1.54362 1.29639 1.28351 1.05088 1.96698 0.91032 1.92643 1.99142 0.82454 0.50842 1.36981 1.80617 1.38990 1.60055 0.85695 1.40543 0.83740 1.99917 1.26777 1.57174 1.75660 1.31238 1.51694 1.01270 1.07020 1.71929 1.02809 1.42565 1.48123 1.48264 1.42899 1.91034 0.87021 0.89664 0.69013 1.52645 1.08521 0.51308 1.17232 0.60248 0.87330 1.46032 1.06463 0.58822 1.04058 1.01684 1.62016 1.38321 1.54699 1.48209 1.18469 1.30001 0.94872 0.73023 0.61712 1.94238 1.63236 0.80292 1.26581 1.23093 1.74031 1.65499 0.82714 1.74869 1.80049 0.99922 0.84623 0.93607 1.77412 1.95180 1.86850 1.02146 1.16055 1.93237 0.85494 1.13423 1.33203 1.24287 0.62361 1.30092 0.89025 1.01816 1.48112 0.52556 1.62676 1.63640
1.82532 0.80872 1.85955 1.20534 0.84650 1.07734 1.91226 1.57213 1.39907 1.21276 1.18602 1.40342 0.80246 1.32751 1.68479 1.35086 1.83327 0.99729 0.81794 1.18332 1.55911 0.89706 1.23374 0.85804 0.63439 0.56289 1.13380 1.40503 1.78751 0.88733 1.39593 1.17516 1.63058 1.78039 1.64549 0.87088 1.36870 1.70718 0.99122 1.32619 1.42843 1.47332 1.51943 0.63859 0.86739 1.77233 1.61365 1.49668 1.68153 0.62862 1.01376 1.29157 1.77046 1.28081 1.80757 1.64226 1.30310 1.23572 1.52471 0.69180 1.88134 1.79021 1.70428 1.22776 1.01618 0.64405 1.82846 1.71250 0.96544 1.18936 1.95854 1.47755 1.08052 1.30808 1.38745 1.57526 1.67708 0.70601 1.68508 1.98697 0.67653 1.07841 0.99166 0.99233 0.59257 1.84096 1.97919 0.52612 0.59380 0.95986 1.72599 0.55761 1.62020 1.26786 1.09499 1.75659 0.54952 0.98187 0.53490 0.60308 0.71719 0.68702 1.02965 0.82969 1.31014 1.63733 1.02322 0.77272 1.61473 1.24915 1.99475 1.41534 1.93667 1.23484 0.71342 1.31121 0.56493 1.97870 1.77528 0.66598 0.94520 0.91861 0.84484 1.40396 0.99865 0.77596 1.12691 0.75442 0.60183 0.64776 1.39674
1.63227 1.35143 1.87003 0.74153 0.99290 1.78755 1.44762 0.53121 1.84974 1.78270 0.93129 1.58239 1.88762 0.75802 1.12593 1.77968 1.33333 1.02131 0.94399 1.78733 1.27802 1.19448 1.12027 1.08125 1.76823 0.70490 0.67069 0.91047 1.58623 1.85339 1.20424 1.62836 0.55311 1.59182 0.78933 0.75365 1.88214 1.38959 1.82886 0.52132 1.06356 0.82033 0.88572 1.85200 1.62380 1.53274 1.94386 1.81109 0.60807 1.37735 0.59060 1.30589 0.82434 1.46048 1.31591 1.13017 0.98374 1.47834 1.92556 1.90513 0.78940 1.44769 1.94333 1.29118 1.37457 0.91420 1.90807 1.82900 1.64478 1.84385 1.72830 1.51569 1.59625 0.62475 1.35327 1.71441 0.75179 1.10376 0.67180 1.90743 1.64331 1.13842 1.84180 1.08051 1.01972 1.43823 1.64882 0.87194 0.93000 0.88643 0.93257 0.77291 1.89186 1.21684 1.81321 1.68121 1.50211 0.57522 1.18953 1.46935 1.51074 1.23403 1.47213 0.79749 0.62290 1.21875 0.53649 1.15828 1.83333 1.46258 1.44919 1.79028 1.01434 0.68918 1.84920 1.84008 0.93351 1.77976 1.86441 0.74278 1.98399 1.72441 1.05501 0.81859 0.90282 1.71885 1.03527 0.78646 1.28831 1.59447 0.66982 1.86474
1.78091 1.49409 0.71136 1.33239 1.74386 1.82252 1.62065 0.70995 1.38602 1.61127 1.64269 1.77537 1.22452 0.86680 0.93437 1.71721 1.08531 0.67284 1.02088 1.14913 0.59004 1.77804 1.39334 1.62863 1.47218 0.84312 1.25886 0.76129 1.57283 1.06598 1.21775 1.14538 1.38505 1.57302 0.63073 1.28115 0.70417 1.66617 1.10659 1.93319 0.99149 1.65661 1.01319 0.63113 1.65517 1.58997 1.72820 1.09770 0.78245 1.95436 0.97107 1.97331 1.77634 1.87549 0.69636 0.80416 0.53251 1.65270 0.83809 1.47176 0.88871 1.98737 0.93239 1.27988 1.32362 1.74935 1.76960 1.62182 1.97256 0.93395 1.57049 1.42221 1.19336 1.04048 0.88950 1.88380 0.53971 0.62046 0.74731 0.60307 0.94469 1.10825 1.82437 1.28028 1.50309 1.13986 1.94783 0.53234 1.07799 1.25036 1.31437 0.99205 0.67155 0.51746 1.18239 0.68767 1.10991 1.35716 1.08886 1.23073 1.04955 1.01124 1.18015 1.70089 1.33461 0.59757 1.66197 1.81076 1.18527 1.80060 0.55987 1.38848 0.82344 0.90360 1.23456 1.03790 1.69283 1.92779 1.01643 1.38191 1.37643 1.23867 1.67494 1.00805 1.82762 1.48496 1.20521 1.04183 0.96966 1.55897 0.87606 1.86866 1.41516
1.13133 0.53187 1.16925 1.58951 1.57661 1.68168 0.72112 1.68859 0.82462 1.66215 0.57970 0.63802 1.45457 1.61992 1.29645 1.96149 0.57985 0.55549 0.52920 1.92587 1.48920 0.61377 0.82718 1.94395 1.83256 1.50388 1.49260 1.38540 0.63968 1.33648 1.65888 0.96461 1.35314 1.91896 1.57269 1.86319 1.65345 1.90199 0.95911 1.29943 1.16321 0.57492 1.28358 0.82854 1.48236 0.86208 1.93371 0.88196 1.31016 1.19061 1.06770 1.47301 0.67554 1.94889 1.88392 1.45942 1.86768 1.05543 1.79829 1.58937 1.03130 0.56185 1.44237 1.89103 1.33142 0.96998 1.33043 0.50185 0.76140 1.41001 1.39250 1.51129 1.54603 0.91148 1.31913 1.11253 1.70424 1.82216 1.27757 0.89727 1.86050 1.52540 1.41965 1.82879 1.16722 1.51310 0.77127 1.26854 0.67375 1.17674 0.92115 0.71632 1.92024 1.02203 1.90920 1.74593 1.50971 0.90321 1.16900 0.86475 1.00500 0.95764 0.77267 1.89035 1.61313 1.75482 1.25089 1.86653 1.95355 0.96991 1.97368 0.99388 1.63252 1.56718 1.21411 1.71309 1.77507 1.23704 1.32629 1.06788 0.86721 1.47124 0.60351 1.54036 1.87526 1.33538 1.16423 1.91919 1.52147 1.99541 1.43564 0.52523 0.53679 0.50748

Best known: 1162.96