72 72 30000
0 0.0 0.0
7063 -12.0 -6.0
51 -15.0 -5.0
23 -1.0 -18.0
3074 2.0 -21.0
349 -1.0 -17.0
1047 -9.0 -12.0
698 2.0 -22.0
3001 1.0 -21.0
31 7.0 -25.0
1135 -7.0 -17.0
21611 -11.0 -5.0
57 -14.0 -9.0
51 -14.0 -8.0
551 -11.0 -2.0
179 -14.0 -5.0
6 -15.0 -9.0
528 -15.0 -8.0
2832 -9.0 -6.0
1514 -14.0 -4.0
889 3.0 6.0
2554 5.0 9.0
1215 5.0 10.0
1810 2.0 8.0
3050 1.0 9.0
4 1.0 10.0
1563 2.0 9.0
741 6.0 14.0
1532 5.0 12.0
709 3.0 7.0
1022 4.0 8.0
883 -6.0 1.0
1689 -6.0 2.0
10235 -8.0 -2.0
29 -7.0 2.0
2894 -7.0 -3.0
450 -7.0 -2.0
411 -20.0 12.0
207 -20.0 13.0
496 -12.0 10.0
1021 -20.0 15.0
117 -6.0 8.0
46 2.0 21.0
8 2.0 22.0
18 1.0 21.0
561 -1.0 24.0
1877 1.0 22.0
3542 -2.0 20.0
801 -2.0 21.0
967 -4.0 18.0
62 -4.0 19.0
1366 -5.0 18.0
230 -5.0 26.0
4 1.0 23.0
12 -6.0 5.0
145 -6.0 6.0
7149 -9.0 6.0
2250 -9.0 7.0
383 -12.0 5.0
134 -12.0 6.0
1947 -11.0 3.0
182 -11.0 4.0
3934 -14.0 4.0
468 -14.0 5.0
18 -15.0 4.0
133 -15.0 5.0
2340 -16.0 7.0
754 -16.0 8.0
1264 -15.0 10.0
806 -20.0 10.0
3665 -5.0 19.0
2452 -9.0 -11.0

1.96573
1.29968 1.67122
1.56546 0.54679 1.87727
0.60804 1.01621 1.23481 1.04613
1.57154 1.78130 0.71216 1.96253 1.04563
1.03773 1.05522 1.20231 1.87619 1.93516 1.84968
1.61269 1.24129 1.64346 1.34012 0.70588 1.19931 0.96682
1.77835 1.60136 0.57365 1.74042 1.34883 1.42781 1.39227 1.46572
1.27816 1.17979 1.46114 1.68950 0.99230 1.80139 1.42444 1.39918 1.59074
1.06527 1.51899 1.42511 1.29702 0.86583 1.24252 0.61143 0.96173 1.16453 1.71254
1.99965 1.79206 0.58613 0.57365 1.55843 0.89716 1.22604 1.37052 0.78165 1.15366 1.03542
0.73398 1.66118 1.42781 1.94381 1.23500 1.02630 1.42981 0.88048 0.96994 1.26505 1.80592 1.38229
1.15606 1.68007 1.12695 0.72864 1.70502 1.61511 0.51846 1.64246 1.75708 1.35328 1.90736 0.73770 1.05391
1.10051 1.86511 1.22923 1.52294 1.56666 0.81598 1.16266 1.17651 1.69238 0.63965 1.53403 1.41767 1.44472 0.93865
1.24519 0.92143 1.78908 1.04283 0.95273 1.39583 1.23712 1.88609 0.60601 1.03001 1.14487 1.60752 1.64286 0.80695 1.84617
0.64412 1.29817 1.18428 0.50030 0.89347 1.08139 1.75730 0.55256 1.75073 1.59387 1.31773 1.04124 1.66050 0.82365 1.42295 1.13250
0.81585 1.40112 1.34123 1.75383 1.39531 1.67773 1.78910 1.81572 0.96181 0.83879 0.75574 1.24052 1.37408 1.28870 1.06215 1.62966 0.64989
1.50544 0.76212 1.92069 1.62521 1.68765 1.16225 1.05660 1.13270 1.87785 1.53068 0.92894 1.86037 0.83244 0.97681 0.63965 0.65824 1.00398 0.99154
1.65746 1.39206 1.20251 1.71708 1.25309 1.37038 0.94606 0.77099 0.87307 1.04184 1.41544 0.92443 0.55604 0.61173 1.22542 1.39972 1.66793 1.70540 0.58602
0.55245 1.65505 1.65589 0.57592 1.17943 1.30438 0.67874 0.78196 1.86601 1.44157 1.38731 1.38976 1.62232 1.81875 0.77315 0.86454 1.76112 0.51512 1.65290 1.18510
0.61569 0.76397 1.87331 1.98568 1.98458 1.50425 1.67169 1.85781 0.52699 1.58882 1.53796 0.77216 1.07158 1.31636 1.76985 1.77628 0.59613 0.83030 1.40752 1.82451 1.66195
0.63879 1.83632 1.22523 1.49050 1.22209 1.66279 1.72973 1.79431 1.31688 1.26634 1.34169 1.44843 0.59541 0.53509 0.83536 1.86760 1.19014 0.76785 1.53499 1.75965 1.28193 1.95365
0.55745 1.53012 1.33934 0.56393 1.71336 1.39541 1.35871 1.80018 1.05834 1.32850 0.56858 1.05586 1.62774 0.70666 1.88286 1.28363 1.90718 0.60541 1.34241 1.21476 1.39882 1.35056 1.34072
1.11128 1.82328 0.98107 1.48528 1.83048 1.58679 1.71892 1.41918 1.87896 1.49350 1.75316 1.86951 1.79019 0.78904 1.85630 1.79147 0.65986 1.57457 0.60223 1.41971 0.51213 1.65253 1.35843 1.12928
1.56029 0.89886 1.42419 1.73795 0.70783 1.12205 0.87392 1.54459 0.53206 1.98298 0.59285 1.44209 1.84738 0.61675 0.82512 0.78020 1.07893 0.93566 0.67983 1.09512 1.01330 0.56250 1.10858 1.16812 1.14183
1.95480 1.24329 1.70247 0.67634 0.88326 0.76459 1.37517 1.85735 1.58663 1.14220 0.50730 1.12185 1.32761 1.94052 0.87182 0.55386 1.96519 1.27119 0.99816 1.20843 1.41815 1.67581 1.42887 1.61223 1.41262 1.80358
1.63633 1.57817 1.89696 1.05114 1.39814 1.01308 0.56379 1.04390 1.80252 1.16560 1.26730 1.51335 1.03447 1.79876 1.37875 0.95879 1.01977 1.66427 1.70126 1.21551 1.17670 1.55315 0.61480 1.17719 1.23818 0.52068 1.97767
1.28714 0.81779 1.21470 1.67034 0.66004 1.89591 1.49753 1.05598 1.62152 1.66987 1.99334 0.90173 1.16568 1.75559 0.81769 0.76207 0.90141 0.64767 1.27055 1.59894 0.65646 1.57339 0.68262 0.92716 1.31633 1.23525 0.97769 0.96768
1.64585 1.95536 1.76761 1.94159 1.81267 0.51127 1.13053 1.30407 1.32835 0.98837 0.70929 1.70189 1.05867 1.55464 0.58598 0.69552 1.10198 0.66768 1.16500 1.11340 1.76269 0.67376 1.63895 1.77055 0.58676 1.25298 0.60359 1.58780 1.09957
0.95346 0.67420 1.51767 1.57817 0.69378 0.57252 0.60802 1.61730 0.89109 0.68423 0.55673 1.24077 1.10694 1.79007 0.50651 0.63268 1.36438 1.11498 1.48460 0.96947 1.46164 0.84736 1.32071 1.46776 0.87206 1.20051 0.79916 1.16020 1.44153 0.63364
1.59734 1.66364 1.32815 1.50698 0.66218 1.18692 0.87673 1.13069 1.40740 1.14107 1.79373 1.96741 0.52019 0.68906 1.78693 0.65125 0.93291 1.33606 1.33907 1.96589 1.14138 0.72819 1.94570 0.80604 0.82001 1.23886 1.96339 1.71924 0.93382 1.82106 1.31738
1.45012 0.74868 1.08992 0.73651 1.22556 0.56835 0.84803 0.68867 1.39345 1.47872 1.20224 1.42885 1.17557 1.40305 0.80427 0.76588 1.55144 1.39920 1.04864 0.74605 1.66101 0.88439 0.83116 1.82265 1.30680 1.74174 1.36103 1.38949 1.14914 1.11369 1.44627 1.43151
0.56751 1.00760 1.38903 0.53361 1.61146 0.53677 0.72432 1.59790 1.44911 1.04169 1.18446 1.36650 0.74369 1.28137 1.07634 1.29004 1.74412 1.32414 1.27207 1.41769 0.55390 1.30582 0.96811 1.32377 1.43523 1.29012 1.08887 1.73140 0.83795 1.11444 1.91714 1.99172 0.90825
0.64866 1.24351 0.61203 1.65431 1.80861 1.46098 1.50895 0.63946 1.53854 1.65089 1.05718 1.24354 1.20015 1.28186 0.95308 1.44111 0.71449 1.31294 0.70093 1.81569 1.27630 1.21688 0.81454 1.65672 1.76606 1.23916 0.91057 0.99672 1.97232 1.99663 1.23654 1.05677 1.52453 1.10324
1.55251 1.28582 0.63075 1.82443 1.65442 1.63780 0.72550 0.58751 0.78444 1.50837 1.01145 1.99854 0.50920 1.46116 0.85916 0.50129 1.37628 1.21945 1.16223 1.30674 1.11930 1.16314 0.97921 1.92218 0.68479 0.72411 0.96445 1.94075 1.31448 0.67154 1.86728 0.90098 0.57430 1.43233 0.50175
1.51496 0.62596 0.72129 1.21666 0.90907 1.88730 1.29212 1.00403 1.96766 1.00326 1.51825 1.20929 1.95730 1.24973 0.79999 1.73830 0.65611 0.93966 0.82088 1.43218 1.07802 1.90841 0.91313 0.68863 1.45205 0.79686 0.87820 1.79235 1.09395 0.86829 1.62343 1.38772 1.53332 0.60552 0.62196 0.75646
1.92016 0.83170 1.58333 1.77996 0.72094 1.46052 1.53931 1.30333 1.44406 1.26875 1.05644 0.96901 1.53395 1.29282 1.21341 1.67011 1.98384 1.31665 1.04496 0.62780 1.41143 0.59173 1.74764 1.54731 0.84279 0.66404 0.95401 1.62487 0.69003 0.61078 1.26756 1.49925 1.66560 1.01395 1.67445 0.80909 1.77814
1.81229 0.93792 1.32742 1.55188 1.19453 0.85330 1.06724 1.69144 1.07452 1.84886 0.52096 1.95126 0.72657 1.49735 1.13081 0.94455 1.34611 0.92697 1.85288 1.46839 1.25809 0.67073 0.77210 0.94100 1.83845 0.75017 1.69486 1.08929 1.92107 1.52216 1.98635 0.90600 1.57446 1.35191 1.04631 1.26857 0.52202 1.72559
0.58344 0.58678 0.89131 0.99067 1.78523 1.19771 1.49970 0.95804 1.99279 0.83683 1.19618 1.85265 1.48202 1.74820 0.79708 1.86410 0.87931 0.60119 1.01560 0.73842 0.84419 0.65239 1.46292 1.30248 1.05186 1.52931 1.35047 1.99017 0.51713 0.86017 0.78175 0.50854 1.07067 1.41237 0.56145 0.68856 1.83303 1.25709 1.51074
1.24195 1.40465 1.69965 0.66768 1.53995 0.81429 0.81001 1.82260 1.19410 1.92232 1.96650 1.38491 1.88570 1.27600 1.97500 1.52970 1.17909 1.85452 1.28228 1.05528 0.85240 1.45546 1.36853 1.96496 0.70931 1.59174 1.18192 1.11073 1.61326 0.74226 1.25454 0.65279 1.07950 1.73767 0.56550 1.91289 1.56550 1.10873 1.67229 0.77622
1.43035 0.79327 0.84070 1.81033 0.61845 1.02833 1.72293 1.70077 1.47363 1.19935 0.57445 0.67548 0.92034 0.85084 0.70823 1.02390 0.87179 1.06071 1.43677 1.20854 1.81520 0.77700 1.36926 1.57427 1.79520 0.80285 0.55662 1.32257 1.99429 0.50620 0.56494 0.90482 0.69607 1.48494 0.86501 0.61470 0.60236 1.11830 1.19599 0.72806 0.58811
0.74635 1.45840 1.62707 1.12171 0.76742 0.94665 1.96866 1.00562 1.36572 1.70515 1.26720 0.51496 0.55217 0.93002 0.65843 0.64256 0.84090 1.72963 0.84638 0.91870 0.55421 1.91810 1.55630 1.65030 1.40023 1.89887 1.72096 1.01765 0.59531 1.98627 1.32200 1.24686 0.93024 1.19947 1.62206 1.19522 0.81335 0.57512 1.45498 1.50082 0.83574 1.11650
1.20320 0.96463 0.60023 1.98295 0.60850 1.72975 1.83377 1.56005 1.98176 1.91476 0.87199 1.99868 0.51173 0.60938 0.67800 1.86203 0.68135 0.98790 1.76634 1.97618 0.55407 1.14898 0.84043 1.02110 1.27044 1.68747 1.16579 1.39455 1.65742 1.11824 1.73065 1.96436 1.22434 1.63168 0.91230 0.60818 1.14067 1.10195 1.20962 1.22813 1.06265 1.66441 1.24956
1.56689 1.83881 0.90564 1.75135 1.41111 1.53992 1.61033 0.59225 1.38552 0.78603 0.91199 1.46765 1.37977 1.20465 1.67291 0.77915 0.56647 1.24090 1.06537 1.10730 0.73787 1.69490 0.78158 1.93842 1.39257 0.63929 1.33475 1.22304 1.66314 1.79472 0.72081 1.94242 1.68307 1.66427 0.64136 1.81228 0.76020 1.39625 1.09747 1.61715 1.97881 0.60488 1.82746 1.82710
1.82756 1.77918 1.85939 1.07962 1.01734 0.56021 1.54162 0.96167 1.86886 1.96781 0.81421 1.90246 0.65323 0.56101 0.73991 1.22837 0.99256 1.65814 1.65782 1.95276 1.69006 1.35435 1.15386 1.77916 0.65182 0.73995 0.62685 1.89925 0.62758 1.91246 1.19120 0.84639 1.38301 1.46096 1.50488 0.62893 1.13689 0.75563 0.62594 0.59116 1.64506 1.72816 1.77907 1.31763 0.82617
0.99115 0.63918 1.71631 1.61831 1.81687 0.84679 0.60100 1.25287 0.69462 1.18171 1.95845 1.30434 1.52820 0.52032 1.28583 1.98778 1.33503 1.91857 0.95718 1.27700 0.72946 1.62487 0.99715 1.53025 1.35222 1.69129 0.73427 1.20183 1.42635 0.60795 1.88347 1.53262 0.59875 1.24441 0.77220 0.76072 1.16573 1.31643 1.15410 0.70944 1.26706 0.55156 1.63318 1.20037 1.45173 0.85217
0.81367 1.04194 1.06839 0.72655 1.63416 1.62454 0.54583 0.66170 0.86714 1.76962 1.06673 0.85894 1.58505 1.38448 1.46355 0.54654 1.33406 0.65882 0.50289 0.70120 0.92846 1.91788 1.71286 1.24867 0.97591 1.69293 1.97434 1.27064 1.83580 0.84000 1.94979 1.48623 0.86194 1.41346 1.91664 1.71112 0.88552 0.75719 1.89534 1.40801 1.29295 0.66922 1.32254 1.03257 1.35804 0.62762 1.32338
1.67821 0.62210 1.57418 1.58664 0.52260 0.82061 1.47466 0.82977 1.77127 1.26774 1.79930 1.73901 0.70458 1.59936 1.37509 0.89209 1.96005 1.06244 1.63553 0.79289 1.37210 0.71913 0.91691 1.72574 1.16589 0.79054 0.90689 0.87121 1.13393 1.15712 1.55834 0.95253 1.62497 0.67565 1.75619 0.88224 1.64838 0.67688 1.15715 0.58434 1.09051 0.85768 1.36504 0.50561 1.37802 1.53829 0.63515 1.13580
0.65458 1.02832 0.82635 1.67498 0.52924 0.74791 1.03680 0.56931 1.37047 1.04447 1.01015 1.80104 1.43322 1.34086 1.67641 1.05547 0.69300 1.36283 1.67274 1.47243 1.54397 1.33491 1.62511 0.97807 1.91440 0.93114 1.57501 1.61914 1.66543 1.70027 1.39398 1.31260 0.82605 1.97841 1.35648 1.32691 0.83312 1.51997 1.49616 1.97773 1.11653 0.62609 1.88827 1.31313 1.42182 0.99986 1.54577 1.86132 1.27647
1.48782 0.54553 1.81851 1.27056 0.89919 0.78488 1.70866 0.83954 1.48137 0.97316 0.93633 1.93071 0.71633 1.46959 1.49997 0.94462 0.68925 0.81087 1.45401 1.69623 1.88813 1.51948 0.53702 1.92291 1.52109 0.91099 1.80946 0.88898 1.80468 1.75067 0.95403 1.30823 1.64428 1.02562 1.64396 0.93668 0.64742 0.51504 1.27026 1.42374 1.53625 0.69295 1.59265 0.67390 0.75515 0.62301 0.89200 1.42977 1.12444 1.15115
1.38739 0.71398 1.81626 1.78531 0.65310 1.42313 0.98197 0.86776 1.77448 0.50640 1.68594 1.44011 0.61283 0.77232 0.75645 1.99877 1.61338 1.16171 1.57259 1.98598 1.68420 1.38727 1.57899 0.51519 1.64065 0.53717 1.39686 1.97724 1.27524 0.62899 1.40915 1.17989 0.61431 0.55926 0.97419 0.51980 0.81728 1.48872 1.14494 1.99071 0.93994 1.08304 1.84136 1.90353 1.49853 0.51984 0.89893 1.59499 0.53496 1.41003 1.76225
1.48812 0.87461 0.96578 0.52206 0.95146 0.56631 1.50833 1.83843 0.53113 1.62711 0.95874 1.38730 1.47030 1.01725 1.19810 1.30422 1.21307 0.58568 0.69449 0.90086 1.39145 1.43443 1.42780 1.10251 1.98307 1.63915 0.71285 1.07036 1.27802 1.62760 1.55039 0.53632 1.71678 0.77204 1.15663 1.57069 1.03694 1.96451 1.97194 0.62243 1.24564 0.76493 1.96021 1.35435 1.34713 1.90821 0.87713 0.71352 1.53349 1.28956 0.89961 1.47811
1.86280 1.11158 1.28440 1.26210 1.89575 1.93520 1.13810 1.15345 0.59507 1.92099 1.55045 1.81970 0.56602 1.36887 1.78074 1.65770 0.82696 1.78161 1.57007 1.51795 0.78456 0.97042 1.20361 1.38032 0.81011 1.63194 1.47556 1.86752 1.54510 1.30471 1.46257 1.91559 0.87715 1.82041 1.42625 0.81164 1.96051 1.06560 0.77774 1.50904 1.05775 1.54603 1.41773 1.21049 1.57117 1.70559 0.77124 0.87504 0.60419 1.71986 1.43333 1.83602 0.82379
1.72152 1.89323 1.66194 1.30525 0.59717 1.44850 1.52957 0.80040 1.62062 1.21512 0.63756 0.63956 1.68843 1.71460 1.09863 1.01638 1.93044 0.64996 1.31106 0.91255 1.61918 0.73284 1.90630 1.77358 0.92444 1.84441 1.40064 0.68094 1.80526 1.10708 1.16748 1.68389 1.60703 1.48910 1.22385 1.23954 0.56446 1.02254 1.52725 1.25207 1.30927 1.08339 1.61900 1.57886 1.32656 0.96796 0.89028 1.99248 1.18293 0.86174 0.85360 0.60464 0.51245 1.48591
1.69701 1.36762 1.55108 0.71405 0.96826 0.59271 1.12408 1.80533 1.39708 1.93074 1.95618 1.21294 1.82248 1.19100 1.24874 1.09453 0.60807 1.63457 1.93935 0.74721 1.30228 1.18432 0.85246 0.84538 1.20121 1.11758 0.81397 1.68978 1.51771 1.15227 0.91157 1.37863 1.39179 1.25385 1.24299 1.42217 0.93405 1.41564 1.45060 1.14061 1.59976 0.71801 1.58183 0.86160 1.62907 1.24617 0.58423 1.54615 0.85976 0.51885 1.10328 1.68809 1.15899 1.90799 1.39694
1.89868 1.96303 1.37245 1.16759 1.07645 1.81176 1.30586 1.78340 1.21113 0.52183 1.98099 1.96717 1.89462 1.15588 0.81461 1.51741 1.79856 0.97422 0.91567 1.41089 1.75863 1.61261 1.70827 1.97413 0.74492 1.41988 1.67062 0.54252 0.53393 0.71429 0.64433 0.57050 0.56652 1.49039 0.85016 1.97387 1.84903 0.83972 0.64061 1.86238 1.03375 1.85158 1.36387 1.81352 0.63919 0.50340 0.65053 0.54401 1.59841 1.92752 0.80254 0.63384 0.59593 0.66570 1.00417 1.62474
0.88933 1.69201 1.70853 1.02864 0.85361 1.25310 1.84051 1.33794 0.60916 1.18372 1.53257 1.69935 1.68547 0.51902 1.60097 0.84925 1.98939 0.75334 0.96039 0.98036 1.67683 1.61501 1.56815 1.78474 0.99354 0.90030 0.69554 1.98040 1.77913 1.76471 0.72001 1.73249 1.56077 1.13131 0.57906 1.15673 1.54153 1.89544 1.95512 0.60542 1.07250 0.66784 1.18199 1.48102 1.02306 1.19330 1.68438 1.36432 1.12438 0.50472 1.93598 1.89873 1.26432 0.57875 1.83027 0.97893 1.42183
1.80790 0.97458 0.80244 1.10979 0.81701 0.65781 1.38388 1.35558 0.89509 0.61810 0.77339 0.76286 1.75195 1.77062 1.24043 1.17314 0.98687 1.81660 1.00455 1.90654 1.59407 1.33691 0.70777 1.56040 0.82478 1.70330 1.12154 0.58759 0.81102 1.29639 0.71455 1.38897 1.52290 1.23856 1.65487 0.74789 1.82090 1.60479 1.68411 1.53717 1.45795 1.64422 0.85046 1.02964 0.90223 1.91290 1.90484 0.91412 1.65809 1.70492 1.18991 1.63529 1.34905 1.85115 1.80015 1.52385 1.74987 1.25901
1.36690 1.39616 1.88667 1.25990 0.80675 1.82879 1.07596 1.66317 1.92380 1.45096 1.72629 1.76335 0.53529 1.87651 0.85456 1.90903 0.62253 0.69405 0.95476 1.37714 0.83676 1.84992 1.84733 0.82855 1.34103 1.38470 0.90839 0.80417 1.21345 1.69819 1.63144 1.94748 0.73743 0.89138 1.41239 0.51171 0.88944 0.78509 0.80140 1.90435 0.51038 0.82166 1.96449 1.79677 0.84122 1.79315 0.70922 0.65851 1.99378 1.03488 1.91258 1.31247 1.16654 1.16093 1.61299 0.85931 0.54839 0.78119 1.60050
1.99360 1.18956 0.79292 0.63311 1.62356 0.57479 1.96090 1.18677 0.85660 0.53080 1.78461 0.61868 1.46434 1.30964 1.06251 1.23179 0.94424 1.09347 1.50855 1.39052 1.04634 1.50984 1.02092 1.53673 1.54390 1.12607 0.59401 1.99073 0.61240 1.90712 1.72821 1.00617 0.61196 1.27530 1.69704 0.73279 1.12585 1.19511 1.69574 1.82949 1.12177 1.10227 1.24950 0.88037 1.80285 0.78825 0.80353 1.98288 1.16461 1.37634 1.09662 0.70688 0.98580 1.29115 1.12920 0.82085 1.98980 1.38201 0.89146 1.11886
0.60883 1.46292 1.74987 1.95830 0.70368 1.05695 1.14869 1.06781 0.74475 1.79648 1.78590 1.50650 0.95719 1.56670 1.69198 0.94394 1.33829 0.60291 1.00928 1.81301 0.83440 0.83624 1.91250 0.79571 1.24726 1.27898 1.32706 1.12818 0.76383 1.17424 1.52580 1.81587 1.91529 0.80077 1.21703 0.69595 0.56672 1.44318 1.14510 1.51580 1.32669 1.56862 0.56390 1.56562 0.83096 1.84460 1.88049 1.78011 0.84143 1.93515 1.54841 1.49466 1.08562 0.77739 1.82856 1.62010 0.63025 1.98942 0.72306 1.78548 1.17483
1.91227 0.82666 1.51346 1.17906 1.81560 1.42329 0.51052 1.81203 1.82461 1.70806 0.50233 0.57340 0.83779 0.55899 0.80972 0.92250 1.17761 1.74201 1.03981 1.08428 0.75631 1.53191 1.60710 1.17123 1.05587 1.43962 1.20795 1.54815 1.37476 1.56210 0.68142 1.88169 0.60540 1.61081 0.54020 1.29851 1.39911 1.66262 1.01296 1.38236 1.16730 1.44800 1.02843 1.74232 1.09460 1.38694 1.85254 0.59736 1.42602 1.56944 1.39776 0.87264 1.16955 0.58780 0.66350 1.74511 1.25102 1.75921 1.97564 1.80080 1.20475 1.38386
0.77336 0.51099 1.51996 0.98473 0.67897 1.48153 1.95452 1.54645 0.87695 0.79794 0.55341 0.89516 0.52408 1.70710 1.54556 1.57270 1.37036 0.98746 0.62775 1.96340 1.94469 0.78705 1.27167 0.53173 1.43243 1.07740 1.35669 1.94078 0.93836 1.48742 1.17586 0.72505 0.59568 0.79707 0.73773 0.57792 0.98815 1.15897 0.56696 1.80482 1.73579 1.73507 1.86304 0.56542 1.72766 1.72565 0.94856 1.62344 1.03012 1.96311 1.23371 1.74869 1.46870 0.94102 1.38525 1.70423 0.96075 1.41375 0.76540 1.47351 1.24189 1.66929 1.03336
1.83274 0.78475 0.75014 1.59858 1.21346 1.97292 1.41020 1.32639 0.57798 0.97211 1.46202 1.59423 0.60605 1.61958 1.98773 0.58833 0.63282 1.55228 1.12042 0.54817 1.01645 1.30935 1.49645 1.15709 0.84213 0.77798 1.72497 0.91826 0.76298 0.92877 1.91961 1.88783 1.00267 1.48313 1.32508 1.13586 1.44461 0.56052 1.73958 0.70348 1.95265 0.94844 1.57425 1.11026 1.90656 0.74916 1.74888 0.65528 1.85662 1.93178 1.55021 1.90873 0.57215 0.75860 1.20693 1.88881 1.86997 1.36240 0.79172 1.36907 1.36224 1.22337 1.34502 1.06078
1.60833 0.78476 1.85642 1.23875 1.67511 1.38470 0.59345 1.46886 1.73005 1.15558 0.58439 1.69646 1.97921 1.02609 0.74923 1.44610 1.15482 1.23046 1.79475 0.72399 1.32642 0.93389 1.90398 0.56041 0.64945 1.03794 1.23312 1.02598 1.12863 1.69626 1.98571 1.11223 1.92566 1.21515 0.94264 1.83784 0.99217 0.71899 1.52395 1.74751 1.51241 1.74925 1.59354 1.85710 1.14425 1.27321 1.48643 1.94223 0.95334 1.07792 0.55782 1.38910 0.95315 1.48065 0.53505 1.98341 1.33252 1.49503 1.45021 0.82196 1.85996 0.83807 0.81850 0.95071 1.81991
1.21242 0.79002 1.13375 1.51830 0.76857 1.60668 1.47758 0.91574 1.60009 1.74883 1.50721 1.67223 1.71455 0.87232 1.00709 1.79992 1.30128 1.14458 1.42644 1.65961 0.54232 1.28845 1.46882 0.51939 0.55325 0.64543 0.88144 0.78015 1.16313 1.51963 1.01879 1.75725 1.70032 1.85167 1.72527 1.93812 1.40644 1.08973 1.20853 1.36882 1.67614 1.12923 0.97273 1.28406 1.41708 1.05193 0.87863 0.61060 1.60701 1.91859 0.94190 0.83800 1.96896 1.68733 1.71706 1.99812 0.53559 1.16235 1.70759 0.80835 0.85357 1.87615 1.41595 1.28170 1.98344 1.03718
0.54849 1.31358 0.94735 1.77490 1.40532 1.88692 1.79068 1.36011 1.76143 1.67478 1.24547 1.98282 1.25883 0.54483 0.66486 0.51227 0.73496 0.84730 1.44701 1.07651 1.03860 1.24072 0.75103 0.75993 1.99032 1.09506 0.72588 1.37212 1.68488 0.61569 1.03833 1.73911 1.62219 1.74214 1.85904 0.67665 0.77840 1.73817 1.60110 1.00069 1.69079 1.82951 0.66235 1.55949 0.69431 1.27103 0.79690 0.85003 1.17862 1.78984 1.46042 1.46739 1.64159 0.58627 1.86839 1.62053 1.60798 0.60212 1.14470 1.46061 1.71088 1.08215 1.42737 0.55558 1.05718 1.92244 1.80562
1.69307 1.75636 1.16503 1.96318 0.86996 1.35266 1.45123 1.97387 1.43082 0.90778 1.72505 1.41604 1.40944 1.24223 0.75815 0.70311 0.74595 1.05975 1.24481 0.59571 1.83093 0.99147 1.78208 0.68914 1.03807 1.99037 0.52907 1.85466 1.98619 1.16428 0.74213 0.53890 1.67619 1.84484 1.78381 1.93252 1.02307 0.82892 0.95374 1.13533 1.91708 1.00928 1.36923 1.43714 1.06225 1.48118 1.77671 1.29503 1.12170 1.00963 0.56184 1.55687 0.60530 0.84562 0.89154 0.91994 1.07405 0.59644 1.72483 0.93239 1.99424 1.57099 0.89481 1.64813 1.41517 1.99410 1.82786 1.33660
0.84609 1.26198 0.97397 0.97476 1.40921 1.02373 1.14561 1.02798 1.44036 1.22682 1.61183 1.08218 0.85457 1.94730 0.60684 0.79737 0.60048 1.21084 1.62967 0.87706 1.46053 0.61356 0.67717 1.13067 1.04447 0.96225 1.46062 0.72124 0.51447 0.65361 0.66857 1.24968 1.99836 1.82036 0.59728 0.84989 1.13324 1.88240 1.51358 0.90853 0.92213 1.60386 1.72177 1.80134 0.59602 0.88669 1.91219 1.19421 1.32534 0.95046 1.24340 0.92024 1.37860 0.83691 1.87925 1.86358 0.52410 1.92960 1.88132 0.66480 1.99132 0.86527 1.78051 1.81564 1.20106 1.41284 1.06617 1.16996 0.70651
0.76822 0.88910 0.84070 1.48713 0.74604 1.79459 1.47974 1.43456 1.16555 1.71473 1.28582 1.18351 0.93526 0.67395 1.24521 0.87438 1.65592 1.41138 1.17000 0.52481 0.65702 1.09966 1.61996 1.59411 1.88374 1.87996 1.63507 1.64255 1.74726 0.82764 0.81518 0.54832 0.60457 1.18387 0.81179 1.20021 0.59000 0.51100 0.63402 0.53947 1.11120 0.51927 1.51298 1.24502 1.03676 1.47318 1.52765 0.92744 0.54034 1.48407 0.67238 1.88463 1.64740 1.66734 1.71686 1.46082 0.84937 1.23506 1.50820 0.88480 0.94578 1.17539 1.23944 1.97136 0.55107 0.98896 0.86444 0.79881 1.17392 0.50186
1.80528 1.21555 1.39131 0.54080 1.25043 0.65443 1.54786 1.23074 1.61010 1.61363 0.81659 0.80717 1.77350 1.11785 1.76137 1.32126 1.62906 0.94912 0.82662 1.36786 1.52937 0.67151 1.15632 1.79893 1.64323 0.72160 1.55561 1.96123 0.81023 0.89202 1.26994 1.68169 0.96606 0.69865 1.20231 1.39010 0.73092 1.17751 0.71544 1.67207 1.08394 1.77376 1.22372 1.55762 1.88048 1.50417 1.85971 0.54289 1.77938 0.65739 0.67731 1.21868 1.73326 1.14203 1.68744 1.92977 1.68715 0.70922 0.85764 1.25293 0.55114 1.32690 1.15006 1.35283 1.11591 1.00161 0.90647 1.76493 1.53435 1.97644 1.18646

Best known: 241.97
