101 101 200
0 40.0 50.0
10 45.0 68.0
30 45.0 70.0
10 42.0 66.0
10 42.0 68.0
10 42.0 65.0
20 40.0 69.0
20 40.0 66.0
20 38.0 68.0
10 38.0 70.0
10 35.0 66.0
10 35.0 69.0
20 25.0 85.0
30 22.0 75.0
10 22.0 85.0
40 20.0 80.0
40 20.0 85.0
20 18.0 75.0
20 15.0 75.0
10 15.0 80.0
10 30.0 50.0
20 30.0 52.0
20 28.0 52.0
10 28.0 55.0
10 25.0 50.0
40 25.0 52.0
10 25.0 55.0
10 23.0 52.0
20 23.0 55.0
10 20.0 50.0
10 20.0 55.0
20 10.0 35.0
30 10.0 40.0
40 8.0 40.0
20 8.0 45.0
10 5.0 35.0
10 5.0 45.0
20 2.0 40.0
30 0.0 40.0
20 0.0 45.0
10 35.0 30.0
10 35.0 32.0
20 33.0 32.0
10 33.0 35.0
10 32.0 30.0
10 30.0 30.0
30 30.0 32.0
10 30.0 35.0
10 28.0 30.0
10 28.0 35.0
10 26.0 32.0
10 25.0 30.0
10 25.0 35.0
20 44.0 5.0
40 42.0 10.0
10 42.0 15.0
30 40.0 5.0
40 40.0 15.0
30 38.0 5.0
10 38.0 15.0
20 35.0 5.0
10 50.0 30.0
20 50.0 35.0
50 50.0 40.0
10 48.0 30.0
10 48.0 40.0
10 47.0 35.0
10 47.0 40.0
10 45.0 30.0
10 45.0 35.0
30 95.0 30.0
20 95.0 35.0
10 53.0 30.0
10 92.0 30.0
50 53.0 35.0
20 45.0 65.0
10 90.0 35.0
10 88.0 30.0
20 88.0 35.0
10 87.0 30.0
10 85.0 25.0
30 85.0 35.0
20 75.0 55.0
10 72.0 55.0
20 70.0 58.0
30 68.0 60.0
10 66.0 55.0
20 65.0 55.0
30 65.0 60.0
10 63.0 58.0
10 60.0 55.0
10 60.0 60.0
20 67.0 85.0
40 65.0 85.0
10 65.0 82.0
30 62.0 80.0
10 60.0 80.0
30 60.0 85.0
20 58.0 75.0
10 55.0 80.0
20 55.0 85.0

1.14376
1.19166 1.85155
0.76044 0.92270 0.98233
1.09240 1.32635 1.36669 1.94025
0.75961 1.38718 1.80912 1.52164 0.54276
0.89661 0.63119 0.55020 1.55696 1.37001 1.61908
0.81567 0.70547 1.02958 0.75038 1.40436 1.13233 0.57413
1.39135 1.20786 1.31926 1.48390 0.91070 1.61015 1.39344 0.98875
0.73481 0.73768 1.73756 1.02883 1.56486 0.75173 1.29203 0.52842 0.52321
1.63999 0.89872 0.83636 1.33315 1.98307 1.13111 0.63384 1.62991 0.74950 0.99552
1.92166 1.11364 1.08715 1.05388 1.70380 0.77480 1.16612 0.55837 1.80584 0.81399 1.38881
1.05049 1.49157 0.53188 0.70385 0.64238 1.67725 1.29682 0.94319 0.97077 1.20219 1.07273 1.83479
1.67556 0.78654 1.51604 1.36781 0.52804 0.99541 1.33556 1.47641 1.95805 1.52993 0.61068 1.21192 1.79886
1.10762 1.62555 0.87770 1.38424 1.50183 1.25740 1.95120 0.73745 1.99687 0.76953 0.79380 0.63620 1.93613 1.20949
0.86291 1.56924 1.36701 0.85436 0.70531 1.13904 1.69587 0.61701 0.64497 1.39276 1.19627 1.41108 1.13276 1.03020 1.90820
1.31940 1.32800 1.95964 1.99786 0.85581 0.63445 0.85155 0.56447 1.61392 1.66958 1.38305 0.68136 1.93811 1.54815 0.77936 0.99564
0.53196 1.35387 0.71816 1.24661 1.64497 1.82152 1.91250 0.57729 1.06046 0.83776 1.08078 1.65435 1.04756 1.02076 1.22992 0.65305 0.81875
1.62320 1.90928 0.63211 1.78827 0.64700 1.31974 1.32150 1.84467 1.09698 0.56443 1.07341 1.11778 1.18853 0.69216 1.36027 0.53956 1.65711 1.82430
0.69351 0.50875 1.80807 0.77409 1.39406 0.63327 0.77426 1.28677 1.30239 1.46254 0.58478 0.71690 1.40437 1.18566 0.67959 1.87723 0.75483 1.94773 0.83305
1.19125 1.87471 1.70713 0.74294 0.98716 1.45734 1.91274 1.65119 0.51791 0.92236 1.66252 0.61936 1.06346 1.76678 0.81533 1.01313 1.21659 1.60660 1.99992 0.85750
1.43455 1.19282 1.48831 1.14642 1.35767 1.03847 1.11945 1.10934 1.55594 0.92390 0.73439 0.84160 1.15031 0.98122 1.67514 1.98243 1.16146 1.63765 1.70728 1.90312 1.02771
1.06465 1.73485 0.92197 1.57284 1.78864 1.53895 0.73056 1.57479 1.57628 0.79324 1.64117 1.63055 1.19452 1.65356 0.87352 0.96393 0.98295 0.88577 1.73839 0.93878 1.04492 0.87044
0.68448 1.93403 1.86146 1.07421 0.69162 0.59617 0.95529 0.60929 1.38255 1.90943 1.29183 0.69922 1.28417 1.49209 1.83458 1.14864 1.09570 1.41113 0.73175 0.99161 1.15339 0.96430 1.16870
0.68419 0.50637 0.90627 1.36673 0.51154 1.69950 1.36183 1.95340 1.08901 1.32203 0.67945 1.58024 0.67951 1.62235 1.57646 1.70089 1.09404 0.90335 1.98810 1.80026 1.29828 0.64117 0.75941 1.36678
0.95046 1.86597 1.14777 1.53183 0.83637 1.30284 0.80963 1.37494 0.50795 0.52132 1.47262 1.38350 0.52818 1.71003 1.35544 1.86727 1.53951 1.30438 1.70830 1.24734 1.02391 0.68543 1.80382 1.29243 1.98221
1.39365 1.42562 0.53994 1.14491 1.79593 1.09942 0.52579 1.60627 1.55131 0.64621 1.51754 1.04798 1.07748 1.72494 1.85218 1.06043 0.88055 0.70758 0.76881 1.09437 1.13458 1.89936 0.54860 0.64984 0.62517 1.85208
0.58949 1.19590 1.98378 1.35695 1.32348 1.79530 1.51186 1.32409 1.21829 1.58946 1.15032 0.73384 1.68857 1.87214 1.25880 1.29164 0.96501 1.32455 1.56351 0.68725 0.88413 1.72438 0.75415 0.57310 0.61818 1.12280 1.15715
1.02828 0.63475 1.30364 1.77044 0.94930 0.81733 1.47035 0.72442 0.83680 0.99638 1.92498 1.87896 1.89284 0.96504 0.57239 1.85337 0.65222 1.36579 0.94137 0.93298 1.54424 1.08343 1.85387 1.58484 0.57945 1.34978 0.51194 0.57376
1.44761 1.31381 0.95306 0.73498 1.80626 1.85004 0.74780 1.97064 0.84832 0.99950 0.69351 0.86172 1.57967 0.50855 0.62984 0.58983 1.89732 1.31992 0.75530 0.67431 0.82113 1.36118 0.51842 0.64973 0.84022 0.57484 1.53827 1.97252 1.78494
1.65230 1.56534 0.66448 0.96654 1.01076 0.64058 1.44772 1.31792 1.18276 1.89227 1.66446 1.25621 1.54562 0.96735 0.60183 1.86712 1.35993 1.79837 0.64445 1.44363 1.56117 1.30225 0.92314 0.84880 0.59633 1.53017 1.98255 1.47717 1.04427 1.62494
0.98627 1.38844 1.67521 0.57371 1.10947 0.51606 1.41206 1.00446 0.65784 1.23253 1.64349 0.58978 0.55481 1.54989 1.87110 0.87433 1.39674 1.44823 1.26791 1.31748 0.58388 1.62882 1.96912 1.40056 1.38078 0.73366 1.77822 0.83043 0.57427 0.61242 1.42746
1.07292 1.95426 0.68239 1.14846 0.68164 1.18605 1.33479 1.46074 1.71758 1.79033 1.09415 0.97375 1.94982 0.67467 1.91056 1.70845 0.76278 1.35923 1.17382 1.35471 1.46633 1.20153 1.72701 0.67834 1.33869 1.66954 1.83767 1.64774 0.60680 1.90254 0.74295 0.77995
1.60873 1.84597 0.67626 1.78136 1.88027 1.43710 0.70697 1.80421 1.19093 1.05748 1.25778 0.70151 0.96110 0.81372 0.71470 0.95313 0.95406 1.00228 1.44383 1.00320 1.60570 0.53203 1.81260 0.86704 1.30632 1.07776 0.80962 1.75241 0.51937 1.05241 0.62439 0.75478 1.24921
0.60297 1.16050 0.64513 1.11182 1.31847 1.73094 0.59175 0.86678 0.97058 1.78150 1.61482 1.24849 1.93155 0.94456 0.50519 0.77912 1.83900 1.58556 1.53007 1.95512 1.62394 0.56681 1.69219 1.93749 0.83242 1.09628 1.08515 0.89796 1.35865 1.02108 1.04791 1.40740 1.24383 1.99485
1.08827 0.62717 0.97937 0.64631 1.16136 1.09546 0.93322 0.77122 0.97990 1.69445 0.72249 1.50600 1.16367 1.89241 1.41666 1.55089 1.29789 1.90551 1.15198 0.68594 1.72022 1.65125 1.00525 1.65799 1.51254 1.09333 1.90391 1.71821 1.13302 1.07962 1.57623 1.80927 1.79701 0.95421 1.76678
0.75682 1.85302 1.25851 1.80787 0.87933 0.85216 1.66956 1.38757 1.25025 1.73377 1.57374 0.53295 1.32043 1.31239 1.77165 1.98959 1.51808 1.60104 1.65296 0.59163 1.02622 0.71130 0.69910 1.44129 1.86052 1.12988 0.88909 1.95452 1.49787 0.99252 1.30183 1.64152 1.46710 0.88232 0.61475 1.34069
1.93585 1.00674 1.19923 1.34473 0.53662 1.91685 1.02570 1.89765 0.71576 1.19767 1.64399 1.05557 1.48434 1.32631 0.86321 0.59684 1.64693 1.72684 1.08708 1.32551 1.02444 1.95837 0.85167 1.49012 1.64340 0.74803 1.72494 1.15150 1.37108 1.23001 0.90695 1.65418 1.62052 1.44213 1.46643 0.65036 0.82965
1.86474 1.09785 1.43924 1.58358 1.28148 0.50753 1.47069 0.97011 1.49838 1.10687 0.70146 0.54989 0.92474 1.42170 1.28257 1.69146 0.81462 1.85222 0.77029 0.82185 1.77444 1.63148 0.52634 1.27861 0.92207 1.45659 1.24062 1.72744 0.66240 1.63799 1.36324 0.57772 0.56266 1.82786 1.30652 1.56042 1.02343 0.69530
1.17573 1.43672 1.84868 1.06670 1.34948 1.96699 1.08555 0.72848 1.27162 1.44135 1.48490 1.43065 1.91508 1.86992 1.50803 1.62046 1.75296 0.97812 1.57532 1.43327 1.85507 1.75386 0.83596 1.31147 0.60346 1.39398 1.93728 1.25918 1.13076 1.71774 1.78752 1.75156 0.53831 1.27648 1.44960 1.13789 1.35315 1.14403 0.77800
1.55521 0.83482 0.97077 0.75229 1.78809 1.77378 1.13586 0.61536 1.52360 0.50082 1.32506 1.29015 1.34935 1.46392 0.91413 1.90019 1.99260 0.60756 0.60979 0.89066 1.66764 1.53372 0.86025 1.82522 1.93718 0.92146 1.29020 1.78351 0.78378 1.44217 1.02328 1.31874 0.50769 1.38475 1.26484 0.81882 1.04228 1.50501 1.10444 1.69270
1.06787 1.91441 0.55609 1.11014 1.96035 1.66796 1.74203 1.13525 1.89245 1.23517 1.05613 1.03032 1.11209 0.70393 1.06817 1.50776 0.87297 1.08655 0.77930 0.89989 0.93945 0.74642 1.92929 1.15247 1.50984 1.11379 0.68936 1.67766 1.75867 0.59524 0.95286 0.78859 1.80836 1.33105 1.17724 1.92068 1.32362 0.54523 1.18802 1.64192 1.40559
1.97285 1.54063 0.62624 1.60259 1.93351 0.88855 1.33096 1.28156 1.22290 1.52183 1.52323 1.54604 1.56757 0.79881 0.64079 1.02844 0.98007 0.66847 1.87890 1.44087 1.00685 1.45031 1.94072 1.31655 1.16009 1.24616 1.96877 1.88885 1.00433 0.53863 1.06281 1.08501 1.84273 1.91456 1.67647 1.38527 0.99866 1.56713 1.96834 0.91209 1.14605 0.61774
0.95054 1.89951 0.82905 1.02796 0.55890 1.54664 1.95479 0.77056 1.55226 1.29637 1.92987 0.96310 0.58123 1.63557 1.98562 0.68852 1.84480 1.23149 1.81382 0.96949 1.22151 1.11079 1.58724 1.13948 1.70669 0.80663 1.95029 0.56164 1.08607 1.02050 1.20180 0.92810 1.27722 1.71579 0.88731 1.09653 1.71569 0.87103 1.01542 1.28124 1.88013 1.32614 0.79444
1.40905 0.86786 1.10631 1.41160 1.33589 0.55104 1.48435 1.01163 1.74931 1.75457 1.13393 0.71206 1.34660 1.38831 1.77946 0.70577 1.52916 1.93100 1.64599 0.65149 1.20788 1.57857 1.62955 1.66448 0.74137 0.92186 1.94473 0.59791 1.98666 1.73081 0.90141 0.94091 1.25612 0.84405 1.32330 1.75087 1.22213 1.64022 0.97050 1.86077 0.83234 1.11201 1.63114 1.41437
1.86297 0.62988 1.83729 1.97118 0.92380 1.08299 1.35724 0.83907 1.26203 1.61734 1.56757 1.99821 0.66279 1.55545 1.55612 1.15917 1.38229 0.78377 1.24163 0.51103 0.55359 1.04878 0.97705 1.03221 0.60913 1.91744 0.72090 1.44834 1.95408 1.04713 0.77747 1.45628 1.03765 0.69837 0.55480 1.68446 0.95175 1.85454 0.64352 1.88451 1.67698 1.72828 1.07202 1.73766 0.66981
1.67560 0.76401 1.99768 0.87806 1.28469 1.70402 0.89323 1.08190 0.79339 0.89180 1.35619 1.83661 0.74928 1.45539 1.57485 1.40991 0.56223 0.85104 1.50995 1.90891 1.63107 1.02167 1.95009 0.56917 1.34490 1.81847 0.85683 1.96106 1.18454 1.17318 1.89108 0.80200 0.52604 0.55347 1.50917 1.29077 1.50983 0.77860 1.64867 1.53443 1.19358 1.85283 1.33681 1.69173 1.18750 1.28393
0.53549 1.83432 1.17519 1.21255 1.86313 0.80345 0.96286 1.73294 0.71161 0.77585 1.13876 0.93734 1.94892 1.14221 1.49312 1.48614 1.98217 0.63096 1.05709 1.85172 1.10386 0.52054 1.58509 0.60476 1.48569 0.64003 0.67248 1.70828 0.69069 0.52405 1.95892 1.65158 1.17214 1.69169 1.38948 1.77088 1.79950 0.78818 1.14350 1.60481 1.46556 1.63902 1.09732 1.04175 1.31524 1.56997 1.61189
1.35014 1.78021 1.59161 1.82641 1.09176 1.17868 1.18022 0.97206 0.82007 0.79332 1.63728 0.55577 0.98694 1.49850 1.65952 0.72877 1.76876 1.46655 0.67546 1.01823 1.97507 0.70841 1.14506 1.68099 1.06239 1.28295 0.51696 1.79101 1.61545 1.08597 0.64121 0.69539 1.01216 1.78101 1.81882 1.01076 0.90534 0.67173 1.99607 1.44707 1.54571 1.57241 1.01642 0.70253 0.72507 1.76681 1.87738 1.70580
1.78696 1.93220 0.76336 0.53217 0.78539 0.81841 1.40575 1.73915 1.37295 1.56221 0.95852 1.30814 1.56926 1.68902 1.22839 0.82548 0.84703 0.57412 1.54643 0.61041 1.27711 0.95700 1.70491 1.19459 1.18001 1.44087 1.56249 0.65402 1.32628 1.19599 1.49503 1.33124 1.10884 0.93004 1.98887 1.22865 0.60859 0.96640 1.37252 1.82508 1.10725 1.12633 0.60229 0.93744 1.05220 0.55244 0.81384 1.06669 1.59690
0.65696 1.19099 0.68684 1.80467 0.60274 1.83568 1.81074 1.33821 1.11567 1.27346 1.64453 1.70004 1.09733 1.74283 1.90702 0.79674 1.55968 1.83003 1.93044 0.53689 1.75300 1.33099 1.19032 1.66823 1.09221 1.68016 0.62772 1.42746 1.40694 1.55513 0.89061 0.80904 1.40126 1.01165 0.96013 1.76257 0.65220 0.82652 1.79553 0.75486 1.50626 1.37684 0.89855 1.88637 1.58575 1.93130 1.09536 1.21705 1.47624 1.56966
1.13225 1.28527 0.63044 1.19475 1.96864 0.61719 0.85650 0.81799 1.47400 0.66935 1.62887 1.24054 1.72640 1.89978 1.92307 1.67924 0.78679 0.55732 1.81694 1.71327 0.89007 0.61833 1.31065 0.88950 1.91495 1.83173 0.86286 1.81033 1.86893 0.78366 1.49402 1.95543 0.76025 1.77212 0.89690 1.35474 1.07779 1.99039 1.51552 1.17134 1.48232 0.89781 1.08749 1.58069 0.54447 0.92671 1.14998 1.97685 1.54698 1.88331 1.12163
0.51605 1.99246 1.96796 1.17056 1.60271 0.81431 1.45555 1.43069 1.07966 0.81700 1.05388 1.44755 0.51498 1.35569 1.25422 1.86159 1.31388 1.41448 1.29176 1.34953 1.20959 1.48130 1.76927 1.05051 0.81854 1.31529 1.53654 1.56255 0.52601 0.71898 0.95087 1.76869 0.69242 0.70071 1.15205 1.27742 0.92504 1.08089 0.59960 1.75504 1.62413 0.72646 1.18902 1.82315 1.44027 1.76628 0.51650 1.83509 1.69492 1.46324 0.91690 1.61550
1.58242 1.05330 0.66434 1.43220 0.93147 0.82598 0.80801 1.93079 1.61672 1.97773 1.32920 1.57975 1.65281 0.90592 0.92124 1.60047 1.34556 0.97883 1.74529 1.35893 1.99827 1.06296 1.10167 1.59820 1.17190 0.75922 1.62640 1.09850 1.25591 1.06114 1.30421 1.35680 1.01404 0.94746 1.83602 1.32696 1.18677 0.70138 1.10728 1.56551 0.79419 0.54224 1.47478 0.92441 1.50072 1.19594 0.66866 1.37105 0.93822 1.08569 0.88643 1.99963 1.80108
0.57749 1.05542 0.56785 1.92924 1.37306 1.50137 1.29819 1.69559 0.78283 0.87540 1.78561 1.90314 0.51880 1.05635 1.31677 1.43149 1.33742 0.67689 0.62911 0.69492 1.31385 1.63340 1.71647 0.86991 1.37603 0.96615 0.87975 1.97370 1.76003 1.77979 1.61259 1.84175 0.82417 1.79491 0.62674 0.58947 1.38101 1.48509 0.60717 1.48239 1.41690 1.98610 1.94014 1.01293 1.09860 1.18534 1.28332 1.22252 1.74549 0.69845 0.53907 0.51274 0.83193 0.67168
0.64620 0.89896 1.91808 1.70124 1.66131 0.77371 0.89781 0.50726 1.98634 1.91490 0.57857 0.68001 1.38250 1.59002 1.37565 1.16284 1.55050 0.76412 1.89318 1.03726 1.96962 1.15725 1.50586 1.35466 1.71815 1.03727 1.61378 1.43503 0.83696 0.93747 0.59774 1.24169 1.99113 0.65974 1.65855 0.61283 1.30140 1.43922 0.98894 1.22748 1.80466 1.20290 1.94255 1.80656 1.53707 1.61948 1.47166 1.72638 1.53593 1.13469 1.62664 1.80223 1.32881 0.50412 0.71253
1.25728 0.90973 1.85345 1.60115 1.40975 1.42208 1.81485 1.01642 1.74014 1.54973 0.70311 0.56082 0.67880 1.15742 0.96668 0.88654 0.93200 0.82626 1.60943 1.47669 1.26255 1.09517 1.47188 1.88858 0.98486 1.06486 1.98770 1.18622 0.85867 1.02160 0.68125 1.08290 0.72773 0.62926 1.69239 1.10842 1.89053 1.78202 0.85631 0.67682 0.79766 1.71442 1.80844 0.62487 1.67976 0.96622 0.52927 1.95310 1.37996 1.56582 1.25213 0.63148 0.53881 1.23131 1.16533 1.23014
1.72530 0.60994 1.78962 1.93749 1.03941 1.78350 1.31604 1.80345 1.10709 1.54803 1.26752 0.73888 1.13223 1.66474 0.92578 1.77693 1.01970 1.74848 0.95471 1.67842 0.75995 1.76308 0.73598 1.41098 0.83928 1.01756 1.46423 1.51818 1.95515 0.76067 1.85658 0.55602 1.52956 0.96331 1.41052 1.78900 1.97843 1.40214 1.67702 0.65478 1.10569 1.15406 0.83257 1.83725 0.65296 1.88327 0.83770 0.75669 1.95042 0.81484 0.75844 1.47405 1.92804 1.06312 1.08203 1.87563 0.59594
1.24004 1.92148 0.50018 0.56451 1.13902 1.22869 0.57603 1.28782 1.37847 1.93290 1.25503 1.25444 1.21548 1.56466 0.51828 0.57932 1.43545 0.83803 1.41656 0.51174 0.72434 1.65342 1.47828 0.51435 0.95657 1.52330 0.64323 1.61656 1.10911 1.94321 1.47954 1.27481 1.69301 1.72138 1.87247 0.71696 0.69423 1.75596 0.56584 1.64455 1.77182 0.92056 0.98703 1.71066 0.71666 1.20319 0.57003 1.43785 1.18071 1.62156 0.53733 1.52581 1.78684 0.52938 1.94303 1.30523 1.36121 1.49478
1.23326 1.62357 1.28963 1.00431 1.88653 1.06797 1.31468 1.70284 1.87900 0.96883 0.89912 0.65537 1.16923 1.71717 1.90408 1.64710 1.02743 1.00072 1.72392 0.54924 1.89804 1.50733 1.71488 0.77078 1.86676 1.73856 1.63168 1.95871 0.90601 1.71087 1.42255 0.96245 1.52419 1.53620 1.09597 1.35184 1.86857 1.76875 0.57723 0.56483 0.88230 1.11252 1.48073 1.68790 1.90892 1.04168 1.29398 1.68661 0.96667 1.83216 0.65813 0.86971 0.60352 1.92746 0.82779 1.52761 1.52045 1.87849 1.13306
1.11094 1.69522 1.62147 0.71804 0.67385 0.74883 1.41470 1.08104 0.77644 1.54030 1.70624 1.76386 0.78449 1.12234 0.73561 1.82974 1.95483 1.54969 1.36707 1.05073 0.51669 1.50017 1.94691 1.45280 1.67524 1.52333 0.69849 1.00328 0.83479 0.65022 1.88285 0.60729 0.95885 1.14460 1.54671 0.57579 1.02023 0.89411 1.83177 1.67849 1.88907 1.22512 1.87445 0.91043 1.57240 1.22681 1.59786 1.96021 0.74178 0.87372 1.11765 1.66693 0.59885 1.79395 1.46579 0.71303 0.91450 0.76750 1.78088 1.60351
1.12446 0.71615 1.43103 0.85146 0.54183 0.57355 1.97948 1.58492 1.63235 0.68170 1.03874 1.86522 0.71179 1.14654 1.24064 1.18943 0.89164 1.36144 1.90715 0.67445 0.73896 1.61897 1.94298 0.63810 1.56111 1.55784 1.53910 1.30640 1.83697 0.91335 1.02737 1.04494 1.29198 1.21235 1.28449 1.06216 1.72632 0.96212 1.51846 0.64378 0.63648 0.62525 1.17970 1.63189 1.07904 1.68443 1.63075 1.43825 0.83410 0.79183 1.09226 1.76032 0.70595 0.93003 1.77541 0.95632 0.78740 1.47151 1.85041 0.77729 0.76911
0.87836 1.34033 1.91811 1.07071 0.67794 1.17631 1.79522 1.09186 1.78875 1.04482 1.56871 1.85895 1.87347 1.18933 1.25401 1.96579 0.86274 0.78465 1.04723 1.53730 1.85583 1.24425 1.60701 0.96516 1.14731 0.90574 0.86493 1.71067 1.26879 1.56402 1.10502 1.50453 0.75963 1.17709 0.50698 1.77896 1.83224 1.90843 1.08403 1.38478 1.35768 0.99840 1.66101 1.48112 1.39111 1.44410 0.74672 1.49726 1.05094 1.59206 1.51920 1.42222 1.38364 1.89499 1.66907 0.82270 1.49860 1.13205 1.17942 1.78958 1.39653 1.14572
0.61759 0.68757 1.92336 1.37544 1.82602 1.03852 1.41865 0.52679 1.22203 1.50862 0.59829 1.44312 1.55710 0.82172 0.95571 0.84851 0.54401 1.12319 0.66271 0.74626 0.86558 1.29415 1.08323 1.57594 1.11156 1.50684 0.65094 1.04614 1.26817 1.68332 1.31183 0.60269 1.84826 1.05656 1.61776 1.31652 1.25659 1.07201 1.88699 0.71769 1.63181 1.29287 1.64662 0.61456 1.13209 1.23327 1.45481 0.52815 0.57240 1.74449 1.19967 1.93662 0.56235 0.99624 0.93440 1.64582 0.54787 1.42880 1.93411 1.90654 0.63762 1.77290 1.61192
0.76678 1.86992 0.74973 0.97968 1.02888 1.01745 1.60359 1.73961 1.00019 0.99515 0.53604 1.67085 0.90039 1.41568 0.66420 1.29744 0.99654 1.57655 1.35723 1.20767 0.80678 1.14696 1.08546 0.50211 1.66794 1.44763 1.09587 0.81771 1.06557 1.62894 0.50978 1.97528 0.84410 1.93668 1.12212 1.25794 1.08670 1.61484 0.83934 1.53308 1.70604 1.83220 1.47951 1.15449 1.18878 0.83605 0.83073 1.72857 1.59596 0.66662 1.55243 0.96868 0.62917 0.65004 0.60357 1.47094 1.44807 1.15021 0.77286 1.76907 1.20341 1.04532 0.62853 1.27873
1.95085 1.46775 0.97328 0.71229 1.74817 1.48910 1.35025 1.35443 0.53495 1.54079 1.85311 1.79870 0.60638 1.37741 0.51412 1.45570 0.58129 1.84284 1.21572 0.71522 1.53209 0.58321 0.99196 1.57607 1.35418 0.71949 1.10686 0.88857 1.17425 1.38347 1.22640 0.82713 1.42242 1.07634 1.18415 1.03982 0.86336 1.48026 0.82901 1.77601 1.97420 0.51875 1.04107 1.61950 1.94301 0.67451 1.09383 1.03949 1.88301 1.31234 1.84207 0.88167 0.90954 1.02622 0.58984 1.73109 1.58022 1.87175 1.45442 1.17042 1.81722 0.75887 1.15999 1.09962 1.03337
1.14680 1.70708 0.94154 1.35482 0.94041 0.64107 1.06409 1.77789 0.67910 1.30020 0.61936 0.70335 1.18179 1.75978 0.85214 1.95864 1.99201 1.77547 1.82580 1.78534 0.80392 0.63272 1.20006 0.67035 1.20674 1.89514 0.92974 1.50508 0.50165 0.73130 0.89071 1.35117 1.03244 1.69545 1.97474 1.78536 0.79876 0.79777 1.17313 1.30231 0.63336 1.55428 0.65926 1.44844 1.83521 1.56030 1.86937 0.60938 1.96749 1.60640 0.96673 1.39208 0.79393 1.58676 0.61586 1.23122 1.13830 0.97338 0.93595 1.37969 1.77952 1.92725 1.11202 1.99145 0.79323 1.41883
0.81375 0.94948 1.34816 0.88520 1.95036 0.70153 0.54754 0.54675 1.31869 1.89951 1.27184 1.55197 1.96014 1.28284 1.69827 1.85940 1.20701 1.48882 0.87900 0.83267 0.62451 1.14243 1.60311 0.66565 0.85360 0.52710 1.54788 1.31066 1.50228 1.59948 1.73992 1.32638 0.96487 0.81849 1.47182 1.93566 1.84988 1.91874 1.12554 0.73991 0.99677 1.73429 1.23598 1.73311 1.65368 0.79202 1.67288 0.75121 0.53238 1.03595 1.25705 0.62262 0.53211 1.67913 0.64171 1.98220 1.83819 0.86884 0.77449 1.95185 1.69115 1.54505 1.68462 0.80705 1.69817 1.99235 1.21030
1.87576 1.11272 1.32081 0.91321 1.65386 0.94457 0.56474 0.87986 1.28695 0.69424 1.33811 1.04511 1.88100 1.92720 0.65694 1.16073 1.41454 1.89418 1.90965 1.13415 1.39696 1.40217 1.21977 1.33735 1.35999 1.70034 1.85569 1.28950 0.96326 1.36643 0.64568 1.12076 0.64640 0.85174 1.22723 0.92640 1.08362 1.42886 1.36957 1.01908 0.79416 1.78518 0.93428 0.59234 0.87857 1.37957 0.99799 1.71059 0.75130 0.50065 1.53101 1.40559 1.93553 1.90369 1.65846 1.26561 0.64393 1.66269 1.13098 1.94876 1.19386 1.75619 1.15409 0.94154 0.97037 1.04665 1.09034 0.79639
1.00573 1.77806 1.93877 1.55786 1.15487 1.68412 1.75871 1.43638 1.92648 0.99234 0.89832 1.72577 1.91541 1.73416 1.86615 0.90248 0.97955 1.41752 0.92533 0.67113 1.59368 1.25403 1.50894 1.44145 0.85209 1.33136 1.55687 1.26459 0.55765 0.75954 0.74656 1.98657 1.77745 0.69486 1.04105 1.61905 1.98860 0.70880 1.62243 1.89472 0.53975 1.51661 1.43453 1.02998 1.42148 0.64141 1.57925 0.78693 0.55735 0.59260 1.64610 1.16234 0.52909 1.28872 1.43871 0.97988 0.68605 1.84695 1.12969 1.83761 1.50942 1.76863 1.48023 1.84131 1.63802 1.17071 0.83806 1.89504 0.61811
1.45536 1.60912 1.87795 1.60480 1.59590 0.62542 1.69201 0.78685 1.36839 1.03657 1.05808 0.77486 1.04856 0.65414 0.67402 0.96086 0.72993 1.77352 0.69721 1.62442 1.80352 1.20449 1.88307 1.26429 1.17966 0.56109 1.85013 1.23106 1.75583 1.41157 0.87147 0.89626 1.58215 1.52167 1.24623 1.24948 1.05227 0.71830 1.96175 1.51855 1.09688 1.49716 0.85608 0.96933 1.21596 1.46259 1.42673 1.31924 0.63882 1.32298 1.78575 1.58380 1.75340 0.65361 0.94480 1.96827 1.62898 1.54220 1.59971 1.60159 1.78198 1.80991 0.86859 0.51582 0.62139 1.62485 0.91475 0.81968 1.50299 0.78825
1.52066 1.71025 1.62801 1.11620 1.30763 0.77996 1.56844 1.92888 1.25735 1.44046 1.52987 0.73638 0.70139 1.58568 0.52828 1.83831 1.35830 1.16761 0.91891 0.73007 0.58467 1.67838 0.63432 0.61946 0.74569 1.78767 1.02002 1.12102 0.73328 1.78887 1.04088 1.88195 0.71882 1.08856 1.99895 0.76577 0.56323 1.28663 1.18912 1.66216 1.95006 1.74137 1.24564 0.59876 1.71007 0.54167 1.12094 1.69399 0.69577 1.39323 1.84082 0.95873 1.52163 1.36601 1.00276 1.13697 0.50138 0.80884 1.82825 1.55249 1.29187 1.81727 1.46305 0.79881 0.83841 1.49013 0.76867 1.00015 1.27904 1.84667 1.73951
1.21802 1.29039 1.58222 1.30243 1.91640 1.27897 1.69297 1.75155 1.34514 1.98237 1.41099 1.84628 1.90170 0.79223 1.71960 1.14475 0.68299 1.47659 1.95883 1.11014 1.34631 0.58167 1.87427 1.93839 1.57872 1.82842 0.98634 1.20318 1.99560 0.82237 0.88525 0.97417 0.52082 1.10797 1.43000 1.15553 0.68155 1.76907 0.73284 1.17950 1.30086 0.83833 1.80867 1.99036 1.90171 1.55673 1.00236 1.92252 1.80857 0.50919 1.47287 1.85793 1.52979 1.11030 1.97439 0.92853 0.96088 1.68246 0.54176 1.81661 1.90519 1.76464 1.96594 0.56572 0.98861 0.79235 1.60348 1.19342 1.09333 1.57413 1.37988 1.46681
1.35420 1.04516 1.80999 1.52513 1.59488 0.90326 0.90098 1.26062 0.66612 1.45047 1.91891 1.31305 0.88272 1.28284 0.98059 1.79664 1.08507 1.53234 1.92748 1.83159 1.97978 1.23830 0.90394 1.93428 1.90954 0.69678 0.65230 0.50943 1.53780 0.91526 1.07810 1.27753 1.36177 1.49018 1.82221 1.67664 0.64907 0.61149 0.76282 1.30906 1.02489 1.74647 1.37632 1.24881 1.10167 1.92132 1.11485 1.46508 1.69904 1.41838 1.41399 1.03975 1.20783 1.43179 0.65287 1.45754 1.20185 1.89452 1.00989 1.21121 0.94924 1.10268 1.06747 0.81506 1.66791 1.83697 0.61484 1.85097 0.81722 1.89537 1.26699 1.08113 0.91006
1.51615 0.75286 1.96550 1.39262 1.30012 1.01059 0.68072 1.56610 1.70918 1.33352 1.10773 0.55382 1.40797 1.54255 1.01937 0.74368 0.92277 1.21405 0.53060 1.39749 0.82207 1.41614 1.32046 0.99481 1.74346 0.62898 0.94081 1.18366 1.90369 0.97215 1.96412 1.84852 0.82587 0.89110 1.37548 0.55181 1.97127 1.99333 1.34708 1.85290 1.54133 1.36857 1.66153 1.13587 1.34491 1.20774 0.81097 1.53688 1.97618 1.20407 0.88238 1.77369 1.93721 1.96068 1.86465 0.69081 0.67308 1.98143 0.83834 1.22766 1.26240 1.86048 1.35656 1.83565 0.61024 1.49106 1.35854 0.81164 0.98834 1.44829 0.72403 1.84207 0.68315 0.93045
0.89887 1.83195 1.31513 1.25231 1.28812 0.81967 1.14161 1.41511 0.95987 1.03563 1.95812 1.71912 0.70252 0.67551 0.78433 1.84724 0.52925 1.38526 0.81757 0.95765 1.22299 0.94982 1.59371 1.01031 0.66600 1.21391 1.80880 1.51146 1.15636 1.44244 0.90952 1.50336 1.21975 1.11253 0.94255 1.90582 0.56523 1.42378 1.10629 0.84065 1.48385 0.93364 1.04358 1.66436 1.82233 1.78623 0.75546 1.55584 1.03304 1.84216 1.53199 1.65587 1.34558 1.96737 1.89961 0.84221 1.93916 1.36290 0.83015 0.90206 1.21704 0.94691 0.54718 1.37605 0.89795 0.60893 0.77515 1.05185 1.12201 1.43869 1.47667 1.55954 0.95033 0.74535 1.40389
1.60723 1.03635 1.05036 1.80239 1.35549 1.25851 1.03465 0.92470 1.39072 1.35335 1.70623 1.52076 1.52527 1.83704 1.95402 1.40198 1.16994 1.27492 1.29178 1.10546 1.78609 1.57879 0.92588 1.82603 1.58659 1.08714 1.81844 1.98185 1.75408 0.79855 0.86205 0.85245 0.93300 1.17445 1.57725 1.23142 1.01115 1.45548 0.82757 1.77828 1.57351 1.66810 0.60953 0.89447 1.87099 1.61782 1.39071 1.10685 0.96601 1.11465 1.59252 0.70308 1.88343 0.99921 1.12659 1.30199 1.75186 1.46525 0.77929 1.19090 1.46869 0.97978 0.86375 1.19945 1.26982 0.84525 1.00639 1.30720 1.66579 1.68707 0.50939 0.72115 1.81743 1.83934 1.06038 0.96111
1.82076 0.59210 0.61203 1.47173 1.26036 0.86297 1.55697 1.25394 0.65707 1.79316 1.08975 1.82498 1.36205 0.53877 0.90583 0.67971 1.88730 1.23725 1.49420 1.12900 1.68293 1.01327 0.72826 0.82987 0.82803 1.28017 1.63351 1.05518 1.90579 1.36516 0.65012 1.03135 0.61057 1.20708 1.37538 1.48293 0.74510 1.01549 0.64565 1.06011 1.08782 1.40528 1.27884 1.07411 1.25550 1.51480 1.76279 1.17409 1.10097 1.84372 0.83867 1.59860 0.72958 1.12347 1.06487 1.68782 0.53288 1.59908 1.72378 1.57939 1.04110 1.03999 1.29360 1.02037 1.74743 1.89581 1.43378 1.25541 1.06858 0.56302 0.97753 1.32985 1.82375 1.31976 1.11952 0.89418 1.11654
0.79506 0.58864 1.89321 0.56029 0.65922 0.55031 1.05307 0.54656 1.62629 1.94805 1.47965 1.38461 1.79806 1.45408 0.93794 1.93102 1.93471 0.91677 1.65677 1.74133 0.94604 1.75669 1.12491 0.71160 0.56552 0.55225 0.77703 0.63585 1.21096 1.35762 0.51909 1.30210 1.17389 0.62323 0.84581 1.14004 0.71548 1.58366 1.46680 1.77096 0.55526 0.94346 0.66824 1.33264 1.18831 1.93790 1.80652 1.42137 1.10932 1.68930 1.15618 1.83938 1.26742 1.27241 0.62621 0.93015 0.53072 0.75083 1.21667 0.87471 1.14087 0.97991 0.87090 1.11941 0.71604 0.83327 1.56614 1.80805 0.72871 1.29716 1.96764 0.94448 1.93008 1.30482 1.43033 1.10448 1.64491 0.61229
1.70178 1.14735 0.68706 1.63258 1.93966 0.82020 0.86891 0.79815 0.55957 0.93814 1.69324 0.99104 0.86905 0.55854 1.45723 1.77951 0.63310 1.44805 0.95870 1.99952 1.26482 0.77035 0.53734 1.55685 1.22251 0.82182 0.76997 1.27302 1.74561 0.67312 0.83910 1.74807 0.92765 1.88414 0.97021 1.37001 1.16170 1.69602 0.69652 1.36733 1.76730 1.64752 1.01903 1.91571 1.27272 0.74919 0.99112 0.62324 0.52568 0.53510 1.68407 0.76105 1.89144 1.66586 1.26408 1.27545 1.69544 1.70400 1.79006 0.88183 1.97980 0.51323 0.58670 0.87368 0.52050 0.93367 1.86261 0.55920 1.87410 1.70761 1.46459 1.23356 1.37046 1.00014 0.72530 1.09140 0.89879 0.74768 0.70665
0.65167 1.70947 1.02219 0.86125 1.23387 0.95550 1.50329 1.23392 0.88784 1.12466 0.59511 1.92900 1.76663 1.54604 0.93264 1.12785 0.55733 1.77992 1.77068 0.75027 1.13514 0.57027 1.19383 0.73110 1.07556 0.53715 1.62773 1.99894 0.91283 0.74078 1.34831 1.91635 1.32212 1.14337 0.91093 0.61076 1.68413 1.63242 1.01876 1.73961 1.03466 1.48989 1.71893 1.16439 1.19130 1.16170 1.76061 1.50300 1.94846 0.83110 1.46753 0.66058 1.25059 1.92987 0.69734 1.93007 0.98529 1.18668 1.13652 1.07216 1.72015 0.59365 1.16068 1.70895 1.73733 1.97639 1.79981 1.23455 1.38190 0.82072 1.73708 1.95048 1.11074 1.67674 0.50359 1.63115 1.89412 1.96790 0.93251 1.52707
1.30944 0.87200 0.54302 0.86213 1.49915 1.05132 1.53371 0.99260 1.41282 1.77756 0.66281 0.80895 0.80237 0.66045 1.56508 1.31338 1.78772 0.98489 0.97917 1.60114 0.83869 1.25384 1.93056 1.15734 1.91541 1.52388 1.26924 1.03540 1.57914 1.94590 0.50162 1.69286 0.91785 1.64137 1.08898 0.96237 0.92344 0.63195 1.92303 1.85097 0.51416 1.11066 0.99728 1.00243 0.55735 0.93554 1.20565 0.51219 1.69334 0.96009 0.81102 0.83543 1.64612 1.70017 1.04552 1.60278 0.81436 0.83792 0.77475 1.93097 1.62330 0.96872 0.61256 1.83065 1.10850 1.38784 0.60590 1.44401 0.52753 1.17613 0.52357 1.21970 1.49309 0.83773 1.04450 1.21769 1.23224 0.99918 0.97765 1.45125 1.44898
1.31359 1.44491 1.06094 1.62820 1.87638 1.06286 0.83578 1.14002 1.08497 0.78773 1.44574 0.77185 1.03017 1.74355 0.81666 1.05536 1.59271 0.57077 0.82780 0.62455 1.71803 1.59586 1.10122 0.83986 0.87352 0.67113 1.77858 0.64089 1.10253 0.97255 1.76605 1.66967 1.60914 1.82280 1.11258 0.91375 1.03863 0.68295 1.02228 0.68558 1.57859 1.95717 1.17849 0.61449 1.35486 1.01668 0.58968 1.19428 0.77257 1.53223 1.58389 1.03023 1.46769 0.61254 1.25319 1.71269 1.19199 0.77158 0.85530 0.56075 0.93497 1.46925 0.63304 1.59613 1.99771 1.63999 1.39342 0.57841 0.55943 1.13001 0.70180 0.63797 1.13977 1.12316 1.01009 1.21840 0.59327 1.98385 0.79248 0.95992 1.93863 0.90027
1.84931 0.55139 1.69573 1.33121 1.79273 1.51759 0.64912 0.82950 1.13368 1.10722 0.94723 0.91052 0.73757 1.23483 1.04701 1.34136 0.75502 0.97923 1.60791 0.87892 1.65633 1.41236 1.30775 1.20848 0.61928 1.31568 0.53734 1.78035 1.22184 1.30626 0.69968 1.97228 1.00372 1.51805 0.92281 0.63288 1.76026 1.78676 0.64009 1.59977 0.60520 1.76229 1.44490 1.86286 0.92625 1.34419 1.33538 1.03887 0.89318 1.17376 1.63514 1.62911 0.73724 0.95261 1.11065 1.15748 1.27798 1.49378 1.94430 1.54748 1.82540 0.59192 1.34542 1.79775 0.62622 1.13005 1.12371 1.23055 1.78603 1.27496 1.08209 0.94103 1.52409 0.67729 0.94707 1.05389 1.51444 0.66279 0.60045 1.73934 1.65493 1.91342 0.56104
0.91637 1.12736 1.78532 1.00067 0.80930 1.18007 1.49642 0.74379 1.75489 1.33665 1.28634 0.55083 0.99646 0.51336 1.08789 0.85590 1.39405 0.84254 0.72233 1.94985 0.57730 1.18379 1.52941 1.08298 1.57165 0.88120 0.59399 1.37316 0.90124 0.65894 0.97532 0.89799 0.72832 1.78699 1.78284 1.89789 1.91411 1.83806 1.19685 1.11293 0.77565 1.54569 1.13843 0.63476 1.90531 1.05645 0.86628 1.44733 1.13150 0.67850 0.63105 0.62614 0.87905 0.71835 1.52057 1.21648 1.93939 1.10671 0.61898 0.74206 1.69359 1.12575 0.89725 1.33956 1.03876 1.05370 1.83900 0.60924 1.94909 0.90047 1.71170 0.61844 1.14349 1.57530 1.36714 1.79646 0.53449 1.06298 1.18137 1.23041 0.75973 0.60740 1.43918 1.17888
1.94923 0.61091 1.65641 1.22296 1.41381 1.11845 1.52482 0.96944 0.81722 0.96163 0.70055 1.16955 1.78233 1.21138 1.67231 0.53358 1.08780 0.51893 1.22421 0.50332 1.00544 1.16945 0.95225 0.66954 1.91222 0.82909 0.51986 1.51451 1.22976 1.98050 0.60237 0.84035 1.83875 1.98277 0.71605 1.23283 0.94090 0.53475 1.52408 1.23017 1.32251 0.60871 1.68940 1.99336 1.66734 1.01590 1.49334 1.32814 1.13093 0.61502 0.71156 0.99351 1.36809 1.20771 1.07546 0.50332 0.54394 0.62330 1.64163 0.90547 1.54840 1.68380 1.29876 1.96303 0.75442 1.66328 0.84500 1.59260 0.65476 1.92223 1.61905 1.79380 1.34684 0.81025 1.87182 1.50233 1.30005 1.11049 0.62425 1.60838 1.14999 0.53329 1.34784 1.10124 1.48033
1.77114 0.69550 1.52989 1.39159 0.72293 0.64134 0.98495 0.98493 1.78282 0.75780 1.75202 0.90838 0.65509 1.23378 1.02132 1.54618 1.72144 1.90608 1.73350 1.51605 1.34942 1.81052 0.63314 1.60775 1.42609 1.81376 1.44911 0.77956 0.51801 0.94493 1.63832 1.08780 0.81642 1.87684 1.28951 1.75997 0.61408 1.44397 1.11052 0.66714 1.27906 1.39665 1.04496 0.56981 1.15551 1.50787 1.74765 1.13070 1.77818 1.31305 1.36603 0.95796 1.87476 1.41804 0.86402 1.30347 1.60153 1.61864 1.58153 1.51715 0.81941 1.67603 0.59378 1.70324 1.42000 1.77061 0.75289 1.10847 1.00038 1.66860 0.64102 0.94584 1.87239 1.96886 1.51685 0.61760 1.73412 0.76609 1.83540 1.70667 0.64807 1.48264 1.46279 1.07429 1.96318 0.80100
1.28801 0.70020 1.76254 1.26718 1.32335 1.65200 0.76775 1.30993 0.68574 0.76692 0.89414 1.34069 1.95848 1.30743 1.44314 1.43278 0.75537 1.60138 1.95417 0.50661 1.29144 1.58689 0.88208 1.48964 1.34044 1.42116 1.63193 1.78569 1.02994 0.81467 1.93203 1.32464 1.48010 1.78811 0.69979 0.93512 1.92411 1.84968 1.99287 1.62807 0.76016 0.70897 1.69040 1.94841 1.62877 1.61730 1.22993 0.52024 1.90135 1.37971 1.34360 1.75619 1.04406 0.78954 1.04762 1.93198 1.01593 0.55351 1.85706 0.61037 1.11582 0.54340 0.76200 1.03502 0.92096 1.99894 1.30681 0.54630 1.83473 1.58601 1.08969 1.22729 1.02595 0.59077 1.89960 1.39480 0.79624 1.05282 0.51520 1.44396 1.79692 1.50290 1.78141 1.27665 0.82005 0.89341 1.75620
1.92493 1.54416 1.46119 1.53444 1.90409 0.56688 1.34891 0.71368 0.84605 1.59496 0.83197 1.74395 1.68073 1.87603 1.68127 1.49109 1.70528 1.99028 1.78594 0.76688 0.75339 1.35793 0.96701 0.62050 0.50602 1.87205 1.24415 0.56134 1.67863 1.81697 1.64545 1.35605 1.14994 1.11102 1.31612 0.96831 0.89233 0.81979 1.96244 1.15113 1.14974 0.53294 1.77009 1.70233 1.40667 1.54578 0.80613 1.23215 0.72408 1.88249 1.32166 1.70953 0.78073 1.72688 1.94286 0.67574 0.72376 1.25170 0.51068 1.13088 1.91645 1.31343 0.94475 0.92189 0.88525 0.56610 0.54818 1.95664 1.89881 0.89983 0.92413 1.32875 1.34347 1.24692 0.96406 1.56786 1.57177 0.70782 1.79441 0.56988 1.43802 1.48954 1.62934 1.27906 0.76576 1.20202 1.97455 1.74245
1.47828 0.54256 1.97417 1.23461 1.22084 1.69230 0.85297 0.80407 1.24642 1.07036 0.61841 0.57368 0.62253 1.20399 1.75692 1.94638 1.40837 1.11014 1.37486 0.63847 1.07595 0.74650 1.62991 0.82383 1.34124 1.46682 0.51240 1.71657 1.10013 1.35244 0.76328 1.05352 1.63021 1.82724 1.46797 0.96432 1.29656 1.91989 1.66740 1.66622 1.81202 0.82902 1.07879 1.23932 1.85954 1.02634 1.59183 0.65850 1.52275 1.87650 0.73334 1.64432 1.54670 1.46402 1.17520 0.87265 1.56440 1.72209 1.38418 0.87472 0.67382 1.19217 1.75807 1.28018 1.76306 1.08860 0.94490 1.61821 1.18962 1.82856 0.89712 1.42864 1.91126 1.42572 1.51460 0.90733 0.98430 1.40474 0.79581 0.59519 0.65988 0.68949 1.89873 0.89259 1.12727 0.82438 0.74593 1.42149 1.09707
1.45238 0.73521 1.66591 0.68009 0.51400 0.52551 1.50738 1.80512 0.93643 0.86195 1.41513 1.59252 0.77330 1.02634 1.57434 1.06479 0.60739 1.35739 1.10459 1.23742 1.16208 1.70231 1.65249 1.52604 0.90157 1.05587 0.61605 1.60913 0.76087 1.09087 1.66305 1.58904 1.14346 1.00442 1.57837 1.67570 1.33194 1.41343 1.30335 1.30292 1.25684 0.69254 1.25785 0.63263 1.97068 0.52661 0.74951 1.44595 1.54769 1.87058 1.33384 0.95022 1.78174 1.05704 1.56513 0.54781 1.59180 1.41728 1.72878 1.93570 1.38854 1.13546 1.47304 1.88518 1.60234 0.92566 1.09933 0.80786 1.69008 0.58210 1.17884 1.83180 1.50090 1.88779 1.47718 1.09496 0.87957 0.96570 0.65660 0.98336 1.74169 1.66318 0.70118 0.78455 1.29223 0.68114 1.39791 1.41303 0.55306 1.51547
1.60036 1.87759 1.43690 1.35072 1.47799 1.12360 1.02312 0.79350 1.98560 0.90088 1.33848 1.00603 1.54688 1.42324 1.09662 0.97089 1.66716 1.99318 1.61537 1.47870 1.06103 1.16134 1.38324 1.67172 1.03788 1.76857 1.63256 1.05195 1.60819 1.78288 0.50040 1.96735 1.53186 0.56909 0.85449 0.89500 1.59382 1.92777 0.87046 1.02599 1.33886 0.62888 0.69671 1.39029 0.86158 0.53177 1.01416 1.39498 1.64008 0.80246 1.47827 1.40263 0.62413 1.29926 1.83070 1.70339 1.37920 0.58081 0.87324 1.40734 1.51679 1.36949 1.01661 1.84470 1.60696 1.53928 1.37769 0.74842 1.18822 1.77002 1.46975 1.98321 0.55903 0.62219 1.55366 1.32510 1.79899 1.57895 1.00161 1.81488 0.96454 1.36021 1.36741 1.45073 1.91615 0.95069 1.96247 0.53881 1.61802 1.44322 1.84790
1.29194 1.78508 0.82202 0.75231 0.79416 1.89429 0.50176 0.64106 1.05138 1.61171 0.85112 1.68316 0.53217 0.83914 0.83187 1.71810 0.65080 0.86169 1.98833 0.77186 0.71008 0.51945 1.87624 1.72248 1.99548 1.96766 1.20135 1.98657 1.98777 1.78869 0.72286 0.84419 1.88014 1.48246 1.21089 1.10594 1.04114 0.66047 1.96014 1.62134 0.50275 0.58389 1.76626 1.37308 1.77618 1.96505 1.86757 1.05254 1.69971 0.72808 0.97238 1.44771 1.55441 1.16133 0.81897 0.96287 1.41861 1.56608 0.75450 1.19160 1.54810 0.63750 0.85686 0.72308 0.64769 1.45735 1.49485 0.57997 0.82589 1.45613 1.10858 0.55665 1.44852 0.60705 1.60810 1.46801 1.98516 1.12069 1.49650 1.32579 0.79101 0.90430 1.06468 1.18475 1.05911 1.80843 1.17670 1.93292 0.70919 1.92609 1.08719 0.78626
1.07596 1.64483 0.80390 0.95364 1.22212 0.78130 0.90120 1.64948 0.55852 1.85667 1.09117 0.86052 0.84212 0.89810 1.61754 1.92728 1.61628 1.19607 0.63079 0.93636 0.71922 1.66020 1.27739 1.71058 0.79338 1.86671 1.28926 1.99355 1.47429 1.79116 0.92625 1.75017 1.46730 1.93635 1.32372 0.92045 1.14603 1.38702 1.43131 1.29701 0.52953 1.53964 1.90441 1.55384 1.43925 1.86550 0.56462 1.66046 0.76271 1.98201 1.31170 0.97803 1.68705 1.23070 1.43183 0.50946 1.07324 1.67516 0.92064 1.76230 1.00572 1.16606 0.77237 1.32806 1.40526 1.42960 0.53988 1.24689 1.23469 0.81632 0.72071 1.41528 1.42127 0.54684 1.81281 1.71393 1.09970 0.99836 1.76482 1.23732 0.97519 0.78915 1.40697 0.91552 1.27205 1.32364 1.41994 1.55258 1.90108 1.06018 1.43067 0.51698 1.35770
0.89683 0.69904 0.83099 0.62611 1.89628 0.70763 0.53140 1.77975 0.58152 1.60163 1.04510 1.49214 1.47801 1.07192 0.96474 1.02314 0.75826 1.04532 1.78402 1.69765 1.42944 0.89777 1.72986 1.24670 1.82694 0.70221 1.20026 1.71536 1.61584 1.93848 1.66953 1.93793 1.25685 1.70371 0.84595 0.87357 1.77949 1.17239 1.01919 1.94160 1.86484 0.55359 0.84193 1.42788 0.55730 1.85555 1.69875 0.96863 1.33500 1.89372 0.85435 1.91936 1.40186 1.13344 1.27971 1.76755 0.63664 1.52320 0.63319 1.34137 1.09542 0.67787 1.20877 0.67691 0.80501 0.82173 0.84907 1.96864 1.55656 1.07173 1.27906 1.37665 1.00226 0.66891 1.74621 1.34075 1.36534 1.64736 1.68422 1.19872 1.86161 1.17634 0.82386 0.58351 0.75801 0.72632 0.90697 1.26775 1.54816 1.73580 0.65291 1.32978 1.21416 1.10504
1.47393 0.52517 0.50619 1.02818 1.98331 1.66458 1.71193 0.93044 1.78020 1.16134 1.78856 0.51028 1.56096 1.17192 1.05039 0.79396 0.84367 0.54348 0.53470 1.64038 0.61509 1.90930 1.66250 0.98278 1.25855 1.84122 0.54445 1.63574 1.68212 1.58670 1.08856 0.64496 1.86593 1.01365 0.86882 1.12194 1.37887 1.16167 1.35215 1.51541 1.38606 1.97562 1.08114 0.99858 1.35851 1.98710 0.66516 0.66314 0.61439 0.93470 1.32586 1.25120 1.26386 0.86451 1.05404 1.68296 1.50199 1.97482 1.62007 1.15513 1.02337 1.80454 1.24661 1.08656 1.50200 1.55664 1.04637 1.48577 0.94288 0.97423 1.07413 1.69956 1.99688 0.83827 1.45649 1.81573 1.21820 1.00875 0.86853 1.09320 1.14180 1.03280 1.58977 0.94370 0.59554 1.99724 1.77664 0.96521 1.64418 0.59453 0.75074 1.42062 0.92682 1.47270 1.18118
1.33545 0.82802 0.91118 1.42471 1.96876 1.59689 0.87750 1.23179 1.31710 1.69708 0.75060 1.85592 1.33525 1.51262 0.85239 1.76523 1.19405 1.38218 1.22324 1.44207 1.45168 0.84251 1.70275 1.88121 0.55828 0.78025 1.64018 1.35437 1.75800 1.07318 0.58486 0.79963 1.66273 1.98399 1.37523 1.59593 0.75182 1.60715 0.68582 1.78348 1.39455 1.55840 1.82826 0.87756 1.72691 0.90423 1.71213 1.69429 1.29827 1.84414 1.45835 1.09992 1.32020 1.94010 1.91819 1.03143 0.51725 1.95267 1.59812 0.55833 1.71445 0.72443 1.85920 0.63824 1.89029 0.50836 0.76823 1.50654 1.63329 1.57631 1.76974 1.96213 0.68815 0.65986 1.80024 1.83908 0.81648 1.97224 1.72220 1.88134 0.53116 1.80353 1.96964 0.86734 0.95086 0.72855 0.65513 0.93227 1.36928 0.86624 1.78571 1.81525 1.12403 1.28966 1.25947 1.60515
1.23653 0.96751 1.95057 1.38746 1.95204 1.46990 1.10682 0.81722 1.36022 1.22668 1.62568 1.78833 0.66733 0.85199 1.37517 1.86004 1.71988 1.78588 1.18233 1.05056 0.74695 1.24159 0.64085 0.97027 1.61615 1.64679 0.78505 1.96228 1.49022 0.85124 1.97624 1.74119 0.60211 1.79720 1.83903 0.64056 1.56454 1.05047 0.77845 0.85865 1.83944 0.61294 1.26795 0.51803 1.54562 0.63489 0.93034 1.62637 0.52687 1.32597 0.68790 0.58193 0.74618 1.35557 1.84470 1.30431 1.63981 0.97992 1.51497 1.61588 1.91796 1.27112 0.85720 1.67894 1.87956 1.87979 1.17035 0.84447 1.75643 1.71086 0.92709 1.39382 1.56971 0.95540 1.78913 0.69399 1.65285 1.59638 1.96775 1.77485 1.36351 1.49879 1.46691 0.94534 1.60635 0.91117 0.94819 0.78775 1.93448 0.89333 0.71104 1.53484 1.42800 1.43877 1.55856 1.54653 1.72743
1.64828 1.09212 1.58224 0.72574 0.87449 1.72768 1.93591 1.58938 1.09631 0.72135 1.83691 0.76351 0.58189 1.08998 1.95995 0.51372 1.43800 1.83342 1.11328 0.77310 0.52540 1.08387 1.91167 1.04880 0.88156 0.96971 0.70060 1.74019 1.57841 1.02147 1.29448 0.71858 0.70724 1.98716 1.87903 0.87604 1.49841 1.95531 1.58405 1.71615 1.96019 1.22539 1.99781 0.78005 0.68579 1.54694 1.13517 1.83238 1.23595 1.34092 1.73762 0.81686 1.56539 1.12946 1.33008 0.88349 1.46217 0.99382 0.85848 1.06446 1.57092 0.64030 1.38444 1.06810 1.45013 1.61862 0.93409 1.35759 0.51748 1.92617 0.96998 0.53462 1.03300 1.32396 1.59839 1.42977 1.27520 1.50408 1.51533 0.82819 1.24004 0.56836 1.44668 0.89669 1.42829 0.57664 1.08799 1.97011 1.84099 0.93961 0.51466 1.52179 0.79869 0.99375 0.78038 1.56625 0.79213 1.92442
1.13895 1.98892 1.12921 0.95992 1.99424 1.10766 0.71633 0.96258 1.40021 1.34383 1.33757 1.00655 1.70446 1.80917 1.00728 0.77984 1.36650 0.92015 1.98641 1.23724 0.55806 1.76258 1.65222 0.85793 1.91734 1.54491 1.31644 1.78945 1.54747 0.80050 0.97171 0.94952 0.62809 1.45464 0.98297 0.71049 1.14638 1.95862 1.89663 1.28748 0.54660 0.81063 0.88597 1.80813 0.62841 1.99783 1.35786 1.64249 0.79889 0.79773 0.92454 1.00190 0.91832 0.88460 1.59486 1.80913 0.84031 1.36027 1.67371 0.71605 0.81117 1.58565 0.74791 1.91566 1.85203 1.31353 1.24368 1.50702 1.68473 1.19877 0.77165 1.32664 1.09219 0.70157 0.93771 0.96262 1.43029 1.46742 0.83648 0.79498 1.53902 1.12096 0.94884 0.71061 1.76413 1.37989 1.52227 1.49260 1.98074 1.79264 0.80336 1.10693 1.21083 0.97262 1.06957 1.82981 0.91180 0.98518 1.42822
1.92026 1.06851 1.61124 1.50962 1.40801 1.82782 0.75380 1.96010 0.84008 1.68631 1.67150 1.96817 1.54587 0.75688 1.56716 1.64572 0.59436 1.68788 1.91980 1.55517 0.86880 0.71688 0.81654 1.16888 1.32406 1.88547 1.23024 1.22685 1.63500 1.15188 0.79549 1.31584 1.77985 1.81399 1.21861 1.85435 1.49594 1.53328 0.55230 0.54164 1.89515 1.30557 1.02647 1.79821 0.63692 1.18439 0.97244 0.89892 1.20894 0.99207 1.12139 1.53097 1.23087 1.22549 1.64184 1.09472 0.59821 0.88196 0.51373 1.53443 1.60081 1.74396 1.05376 1.31537 0.91983 1.36793 1.80747 1.97319 1.60120 0.79035 1.81510 1.22010 1.92330 1.96895 1.34766 1.43563 1.55516 0.88115 0.51441 1.09920 1.82559 1.27447 0.55089 1.91362 0.89363 0.73056 1.62898 1.72618 0.87703 1.69676 1.72037 1.17004 1.59574 1.62960 1.29541 1.80563 1.57957 1.60633 1.74263 1.22343

Best known: 819.56
