101 101 200
0 35.0 35.0
10 41.0 49.0
7 35.0 17.0
13 55.0 45.0
19 55.0 20.0
26 15.0 30.0
3 25.0 30.0
5 20.0 50.0
9 10.0 43.0
16 55.0 60.0
16 30.0 60.0
12 20.0 65.0
19 50.0 35.0
23 30.0 25.0
20 15.0 10.0
8 30.0 5.0
19 10.0 20.0
2 5.0 30.0
12 20.0 40.0
17 15.0 60.0
9 45.0 65.0
11 45.0 20.0
18 45.0 10.0
29 55.0 5.0
3 65.0 35.0
6 65.0 20.0
17 45.0 30.0
16 35.0 40.0
16 41.0 37.0
9 64.0 42.0
21 40.0 60.0
27 31.0 52.0
23 35.0 69.0
11 53.0 52.0
14 65.0 55.0
8 63.0 65.0
5 2.0 60.0
8 20.0 20.0
16 5.0 5.0
31 60.0 12.0
9 40.0 25.0
5 42.0 7.0
5 24.0 12.0
7 23.0 3.0
18 11.0 14.0
16 6.0 38.0
1 2.0 48.0
27 8.0 56.0
36 13.0 52.0
30 6.0 68.0
13 47.0 47.0
10 49.0 58.0
9 27.0 43.0
14 37.0 31.0
18 57.0 29.0
2 63.0 23.0
6 53.0 12.0
7 32.0 12.0
18 36.0 26.0
28 21.0 24.0
3 17.0 34.0
13 12.0 24.0
19 24.0 58.0
10 27.0 69.0
9 15.0 77.0
20 62.0 77.0
25 49.0 73.0
25 67.0 5.0
36 56.0 39.0
6 37.0 47.0
5 37.0 56.0
15 57.0 68.0
25 47.0 16.0
9 44.0 17.0
8 46.0 13.0
18 49.0 11.0
13 49.0 42.0
14 53.0 43.0
3 61.0 52.0
23 57.0 48.0
6 56.0 37.0
26 55.0 54.0
16 15.0 47.0
11 14.0 37.0
7 11.0 31.0
41 16.0 22.0
35 4.0 18.0
26 28.0 18.0
9 26.0 52.0
15 26.0 35.0
3 31.0 67.0
1 15.0 19.0
2 22.0 22.0
22 18.0 24.0
27 26.0 27.0
20 25.0 24.0
11 22.0 27.0
12 25.0 21.0
10 19.0 21.0
9 20.0 26.0
17 18.0 18.0

0.91332
1.50979 0.56761
1.58476 1.27525 0.89909
1.59064 1.81829 0.71416 1.84778
1.89255 1.16404 1.89848 0.55198 1.04657
1.85290 1.39486 1.83254 1.31049 1.22644 1.31195
1.94161 0.56166 0.71742 1.05605 1.46166 1.42533 1.16420
0.74825 1.86010 0.73140 1.75709 1.57423 0.73447 1.52031 0.83501
1.69052 1.34281 1.23344 1.21209 0.69327 0.81408 1.68616 1.51080 1.08807
1.41778 1.94379 0.84067 0.86213 0.85868 0.90345 1.66180 0.60297 1.39793 1.04977
1.03890 1.30296 0.55525 0.57855 1.72283 1.53969 1.14247 1.46591 1.33358 1.51180 1.33937
1.59496 1.66184 1.13147 1.83886 0.62424 0.81698 1.53364 1.44755 1.86929 1.02043 1.10255 1.86890
0.62327 1.30680 1.09569 1.28355 0.94751 1.63646 1.78326 1.24105 1.15527 1.15257 1.43696 0.50323 1.16138
1.60875 1.47697 1.60106 1.41891 1.49197 1.18533 0.94278 1.88887 0.85992 1.06175 1.96259 1.37933 1.88909 1.15138
0.51890 1.10326 1.71053 1.63429 0.57127 1.62869 1.95958 0.60335 1.90057 1.24242 1.91334 1.21261 1.77147 1.89119 1.84723
0.67671 1.20445 0.86602 1.29968 0.77030 0.57150 0.72873 0.60810 0.71316 1.50786 1.89675 1.03961 1.05223 1.96098 0.81536 1.17744
1.08062 0.66419 0.73078 0.96557 0.84982 1.84244 1.39045 1.51288 0.65112 0.57845 1.93348 0.59524 1.33392 1.25361 1.15084 1.18086 1.12455
1.85043 0.55375 1.58089 1.87171 1.63609 0.70531 1.09463 1.07035 0.76745 1.11146 0.53439 0.52821 1.04956 1.22660 1.32962 1.58414 1.36719 0.79356
1.01620 0.58440 0.74796 0.62510 0.61986 0.75788 1.22361 0.75005 0.97985 0.78466 1.04662 0.80183 1.47003 1.21765 1.12644 1.11326 1.25711 1.80198 0.58032
1.27997 1.71565 1.34349 0.66900 1.05984 0.57765 1.17475 1.83348 0.51855 0.81525 0.86164 0.92969 0.66159 1.11210 1.04888 1.23642 1.87607 1.50820 1.38407 0.76713
1.63365 0.84418 1.40265 1.00296 0.79393 1.62171 1.30006 1.34794 1.44831 0.53090 1.06989 1.51303 1.37732 1.97211 1.86330 1.11916 1.41861 1.37725 1.11249 1.48512 0.98332
1.16459 1.17280 1.96110 1.56310 1.81945 1.40185 1.49551 1.24432 1.67689 1.06309 0.58166 1.20103 0.72049 1.62245 1.00387 1.53168 1.86741 1.44833 0.96389 1.91068 1.64395 0.91207
0.54675 1.94314 1.73351 0.92003 1.24923 1.50398 1.79387 1.70676 0.50252 0.83265 1.20556 0.80361 1.07520 1.91850 1.59822 0.53943 1.97459 1.25315 1.84584 1.30226 1.01336 0.86123 1.65585
1.45135 1.98450 0.64795 0.97802 0.89644 1.47149 1.26114 1.45754 1.55113 0.99494 1.23160 0.82146 0.55377 1.91020 1.86521 0.64289 0.95194 1.22985 1.51051 0.61395 1.44705 1.18687 1.16236 1.00554
0.65313 0.76698 1.61069 1.85982 1.63742 1.48929 1.68673 1.12558 1.16336 1.44292 1.85832 0.87245 0.96407 1.51312 1.79223 0.93046 0.65680 0.87091 1.62258 1.37944 0.91788 1.25680 1.42936 1.26786 0.83290
1.18968 1.91341 0.69817 1.91494 1.29573 1.00794 0.59608 1.29594 1.08603 1.46809 0.99104 0.52479 1.62565 0.84920 1.83304 1.24405 1.21366 1.22555 0.52611 1.93657 1.69398 0.57701 1.18769 1.29678 0.76650 1.81400
0.82194 0.78462 1.40096 1.08243 1.28431 1.13205 1.38280 1.14975 0.88574 0.71540 1.27989 1.20015 1.14100 1.38556 0.88402 1.94282 1.08415 1.05185 1.47096 1.57925 1.42004 1.87379 0.99804 0.60814 1.56317 0.73100 1.54148
0.58703 0.67299 1.80737 1.51592 1.35061 1.97323 0.57426 1.40989 1.56055 1.46177 1.20094 1.65858 1.76746 1.55796 1.94387 0.58960 1.39917 1.91324 0.94674 0.79256 1.29971 0.95232 0.97563 1.21706 1.28092 0.90348 0.97094 1.80952
0.70709 1.75936 1.57054 1.97710 1.22154 1.95429 0.55004 1.77340 0.63642 0.92417 1.25710 1.31704 1.90441 1.83911 1.97845 1.47016 0.94457 0.89814 1.08402 1.10612 1.03093 1.05218 1.31960 1.72810 0.95084 1.30099 0.78485 1.48033 1.76508
1.78814 0.87395 0.87394 1.05297 1.58523 1.40543 0.77838 0.60817 1.86370 0.59860 1.57800 1.96602 1.46452 1.42354 0.52560 0.50895 1.57824 0.65005 0.61418 1.30493 1.35860 0.98835 0.90792 1.48950 0.95292 0.90709 1.86541 1.17067 1.01691 1.64799
0.75516 0.87078 1.07151 1.40417 1.40303 1.02675 1.05937 1.83454 0.98135 0.86095 0.64678 0.82148 1.53684 1.31808 1.39410 1.31984 0.85121 0.60465 1.37471 1.88253 0.62501 1.37261 1.17111 1.94017 0.98241 1.67498 1.97865 0.89427 1.07359 1.52618 0.67135
0.83613 1.96923 1.87166 1.03080 1.10666 0.89817 1.98150 1.56342 0.87840 0.63152 0.64609 1.65964 1.80347 0.79392 1.15216 0.93935 0.66016 0.52794 1.36987 0.91804 0.65922 1.51886 0.98250 1.30686 1.40276 0.72193 1.75196 1.33638 1.38102 1.13693 0.90322 1.23490
0.90123 0.73403 1.90581 1.03570 0.72377 0.63032 1.78177 1.50587 0.86496 1.79009 1.69924 1.33079 0.63639 0.78813 1.62772 1.52610 1.32301 1.55802 1.03132 1.97257 0.95891 1.84084 1.73391 0.51688 0.65000 0.52858 1.79492 1.33281 1.40726 0.72705 1.71606 1.99046 0.90713
0.54330 1.87832 1.60966 1.21127 1.87880 1.86228 0.51204 1.82335 0.51461 0.87634 0.82466 1.38810 1.58693 0.74147 0.97248 1.36835 0.59461 0.91337 1.91579 0.52892 0.93819 1.36933 0.81681 1.15061 1.39378 1.27363 1.71127 1.44827 0.55796 1.45833 1.83881 0.90677 1.61465 1.99844
0.62177 0.67168 1.73858 1.23873 0.76515 0.73319 1.38809 0.88704 0.78937 1.48835 1.87184 1.03292 1.42935 0.64367 0.87719 1.73797 0.74178 1.68263 1.73011 1.77231 1.03761 0.76904 1.37735 0.77946 1.88444 1.26241 1.28759 0.69309 0.87528 1.61558 0.87940 1.34012 1.73122 0.63448 1.41800
0.95889 1.76966 1.60240 0.56140 0.66220 1.72629 1.23884 1.74650 1.66362 0.97530 1.86388 1.65974 1.39267 1.55974 1.95015 1.34705 1.07752 1.58606 1.47806 1.37401 1.60805 0.79503 1.09796 1.63219 1.47000 0.66686 1.12669 0.66711 1.88285 0.84509 1.88028 0.64877 1.76412 0.76898 1.35807 1.66269
0.71020 0.70236 1.85197 1.58074 1.48345 0.67058 0.64499 0.93106 1.98484 1.06216 1.18164 1.75412 0.94848 1.67478 1.03860 0.57016 1.92676 1.21543 0.58044 0.96310 1.99787 0.95625 1.05039 1.70844 1.81705 1.02538 1.30327 1.47376 1.76049 0.69501 1.98420 0.99317 1.70243 1.04306 0.91570 0.88850 1.32938
1.98652 1.34244 0.86979 1.34766 0.82847 1.62905 0.75975 1.15067 1.22649 1.71232 1.08566 0.87838 0.77043 1.15779 1.92070 1.44180 0.92411 1.69141 0.53249 0.68184 1.80223 1.67515 1.08923 1.24228 1.02005 0.52683 1.06309 1.98267 0.86262 1.95632 0.88425 1.81128 0.50747 0.72463 1.64294 0.64376 1.12072 1.86298
0.54979 1.07164 1.41712 1.03656 1.08973 1.33039 0.83917 1.77847 1.57802 0.81437 0.66752 1.17886 1.68928 0.79709 0.75060 1.17785 1.88205 1.47375 1.27064 0.69819 0.68779 1.00966 1.11569 1.18292 0.80731 1.68646 1.37095 1.13466 1.61832 0.53742 0.93919 0.88137 0.71022 1.97908 0.94475 0.71638 0.93152 0.67378 1.62611
1.41316 0.91428 0.76056 1.85342 0.67428 0.63132 1.24403 0.54366 1.48654 1.29587 1.12712 0.60582 1.73432 1.41992 1.63757 1.45626 1.73952 1.57071 1.95656 1.11716 1.05353 0.63672 1.24901 1.69748 0.53835 1.55879 0.88228 0.82839 0.89271 1.27422 1.47745 1.84072 1.03636 1.10515 1.60807 1.73241 1.71319 1.42932 1.14896 1.97298
1.25571 1.61368 1.47388 1.69362 1.70678 1.40359 0.62311 1.09843 0.81144 1.72807 0.76891 0.87355 0.71543 1.19739 1.44972 1.74842 0.52994 1.82537 1.92775 1.87370 1.86629 1.78886 1.93908 1.55257 1.83596 0.74959 1.98733 1.63756 1.44919 1.05910 1.90017 0.52374 1.45931 1.54353 0.77936 0.54282 1.90165 0.64507 0.59519 0.97967 1.02751
0.57952 1.79767 1.38911 0.95931 0.81668 0.94356 1.15101 0.74608 1.01801 0.54570 1.17474 1.84290 1.16072 0.79107 0.81016 1.92678 1.23619 1.87424 1.84715 1.16947 1.27549 1.89743 0.61741 0.95650 0.50893 0.90956 1.26666 0.51782 1.76231 0.57454 1.07638 1.36170 1.51015 1.76566 1.02890 1.10663 1.93925 1.48716 0.64029 1.16850 0.82444 0.89411
1.00514 1.49996 1.78694 1.39454 1.74909 0.55538 0.98384 1.06982 1.16362 1.53588 1.77360 0.88470 0.83060 1.09243 0.94041 1.85115 1.40848 1.02585 0.79180 0.94524 1.10909 1.77240 1.44019 0.53612 0.59586 0.74931 1.06611 0.57562 1.11932 0.66440 1.62452 1.05647 1.49852 1.44593 1.28435 1.60049 1.17212 1.97706 0.66915 0.99870 1.15451 1.39510 1.63735
1.09014 0.91381 1.80545 1.47203 1.61497 1.50027 1.95364 0.59258 1.74560 0.84220 1.80777 0.83072 1.76664 0.77466 1.31833 0.94202 0.61206 1.37332 1.99348 0.82084 1.51001 0.61031 0.61151 0.94945 1.05776 0.54638 0.90423 0.64383 0.92521 1.69274 0.67018 0.76026 1.56525 1.47635 1.67985 0.51773 0.89972 1.10779 1.17394 0.84279 1.26830 1.22461 1.53140 0.61224
0.70271 0.86978 1.86079 0.56984 1.65167 0.63812 0.74944 1.09940 1.69193 0.97411 0.97288 0.68623 1.37670 1.86575 1.57446 1.06066 1.59931 0.98371 1.23275 0.96318 1.38071 1.64971 0.91383 0.62188 0.68763 0.95368 1.58580 1.20931 1.87270 1.48366 1.06639 0.66959 0.56029 0.66897 1.48015 1.93193 0.54880 1.56814 0.73119 1.70851 0.90245 1.09884 1.73285 1.33783 1.93191
1.21019 1.67316 1.55660 1.48454 0.84731 0.92465 1.13895 0.61080 1.72640 0.95645 1.93039 1.11386 1.84625 1.83655 0.90472 0.84778 1.59988 1.65302 1.30640 1.92901 1.12425 1.69795 0.61257 1.02828 1.70788 1.92749 0.51290 1.93932 0.82887 1.78731 0.73931 1.01885 1.17353 1.89626 1.99016 0.69836 0.74307 0.98866 0.51173 0.73189 1.29321 1.46163 1.29801 1.88318 0.53876 1.32992
1.42401 1.80350 1.63779 1.31665 1.73730 0.73416 0.53428 1.61043 1.50810 0.75847 0.54526 1.51121 1.39905 1.39329 1.76177 1.97605 1.97686 0.62178 1.35999 1.04880 1.70680 1.50098 1.76371 0.64264 1.78851 1.64424 0.81025 1.54431 0.64023 1.59065 0.82166 1.84255 1.85583 1.57547 1.49580 0.93443 0.74562 1.55312 1.42710 1.87528 0.71241 1.51463 0.97060 1.08546 1.07269 1.13621 1.49257
1.42221 1.14935 1.83211 0.91799 1.94750 1.96474 0.78116 1.72553 1.59088 1.78688 1.27820 1.51723 0.64153 1.37028 1.80330 1.73462 1.95601 1.61265 0.85974 1.41151 1.21713 1.85085 1.92851 0.61408 0.84468 1.59455 0.59573 1.40884 1.49841 0.52326 1.74043 0.82324 1.17935 1.25664 1.65052 1.27020 1.28014 0.89629 1.63466 1.63109 1.50812 0.63368 0.84237 1.36989 1.48486 1.53828 0.74837 0.77999
1.41304 1.57191 0.73695 0.76135 0.96949 1.50936 0.75892 1.65302 1.66824 1.32953 1.37755 1.93809 1.35895 1.38558 1.71184 0.51773 0.67197 1.43243 1.64428 0.91613 0.62368 1.87049 1.50907 1.58928 1.18333 0.84615 1.22865 0.64431 1.72220 0.90013 0.76665 1.03848 1.39278 1.02010 1.99001 1.59805 1.20138 0.56567 1.14875 1.13425 1.06542 1.61887 1.69444 0.89514 1.25139 1.68377 1.15600 1.50218 1.59182
0.69033 1.36120 0.79301 0.54273 1.67706 1.46545 0.89073 1.82699 1.70030 1.94564 1.81951 1.68538 1.56007 1.97167 1.19925 1.66123 1.71290 1.08988 1.13013 1.71509 1.93861 1.74015 1.52480 1.02872 1.54224 0.83309 1.07511 1.72397 1.65905 1.92858 1.65285 0.52626 1.87300 1.65765 1.93236 1.44204 1.68713 1.88910 1.28709 0.68346 1.49109 1.11220 1.47335 1.10780 0.61995 1.54849 1.18218 1.25126 1.15595 1.58253
1.97847 0.85337 1.64088 1.94674 0.67287 1.87812 1.13738 0.51113 1.87270 0.62130 0.71001 1.40442 1.79671 1.58401 1.84681 1.04256 0.62524 0.89371 1.70312 1.03629 1.55538 1.67151 1.52872 1.01156 0.90028 1.49216 1.31766 0.70106 0.98847 1.53215 1.63346 0.58769 1.96129 1.20578 1.25631 1.63531 0.60782 1.42647 1.02703 0.64512 1.77320 0.60624 1.23663 1.58952 0.78246 0.54259 0.68898 1.74927 1.65035 1.93817 1.74313
1.04641 1.73756 1.62455 1.56153 1.23846 0.62818 0.71420 1.87278 1.56157 1.59605 1.53179 1.55435 1.72809 1.56186 1.55819 1.51457 1.64287 0.91865 1.92575 0.81908 0.90964 0.51415 1.91624 1.40353 1.48428 0.76856 1.51220 0.82638 1.33189 1.55478 0.96646 1.61933 1.10926 0.95339 1.37920 1.31802 1.88952 1.85591 0.95796 0.78391 1.69361 0.85611 1.29508 0.98843 1.77485 0.85002 1.18955 0.62701 1.44574 1.52824 1.61241 1.16278
1.56061 1.75442 1.49234 0.96123 1.36946 1.21262 1.86157 0.53582 0.74919 1.62491 0.75299 1.11687 1.94993 0.68194 0.84501 1.62100 0.80059 0.57054 1.48171 1.62797 0.90117 0.74476 1.15842 0.69818 1.19412 1.69583 1.74049 1.32122 1.57913 1.64704 0.69672 1.23494 1.68396 1.19051 0.59979 0.96510 0.91708 1.11103 1.70161 0.76420 0.56886 1.33547 0.58992 1.13444 0.71581 0.76026 1.72435 0.59262 0.94386 1.90812 1.01236 1.28741 0.87331
1.80675 1.07970 1.68187 1.82788 1.56068 1.97937 1.86054 0.90256 0.95275 1.55423 1.96959 1.84964 1.79209 1.64172 1.54370 1.33189 1.65249 0.76459 0.89551 1.56073 1.49926 0.78252 1.63318 1.68030 1.69909 1.66918 0.76037 0.88101 1.26310 1.41289 0.84026 1.25171 1.06794 1.77627 1.83100 0.52790 0.65827 1.40065 1.90959 1.07100 1.67318 1.01223 1.12131 1.67218 1.09146 1.44790 0.81533 0.61748 1.21780 1.10814 1.08251 1.23729 1.35155 1.10720
1.81469 1.25653 1.40289 1.32773 0.65352 0.76721 1.02200 1.06611 0.54209 1.13714 1.29492 0.68833 1.43062 1.76549 0.56943 1.04941 1.50460 1.63060 1.10072 0.54387 1.16413 0.96835 1.04836 1.23543 1.67312 0.58151 0.58063 1.16275 0.96496 1.18490 1.93446 1.17910 1.43735 0.64675 1.22342 1.70212 1.81845 1.95756 1.23862 1.02623 1.52879 1.80017 0.62148 1.29019 1.95070 0.56960 1.35272 1.37433 0.55601 1.17240 1.12199 1.94280 0.58850 1.96725 0.54247
1.53124 0.84122 1.61196 1.53731 1.13303 0.53375 0.98789 1.80936 0.78607 1.41140 0.77425 1.15006 1.95614 0.56383 1.16806 0.81097 1.05968 1.29446 0.67433 1.86394 1.50870 0.72253 1.81771 0.78371 1.68365 1.74348 1.54900 0.92211 1.58332 0.63301 1.42680 0.80746 0.86247 0.86779 1.26602 1.00712 0.90965 0.69040 1.20402 1.31371 1.35434 0.99011 1.61116 1.14424 0.63379 0.55881 0.94167 0.93900 1.11036 0.84494 0.73509 1.23567 1.64768 0.69881 1.80475 0.84571
1.59736 1.42175 0.62765 0.67044 1.72865 0.98459 1.05549 1.35184 1.58426 1.53298 0.61429 1.61998 1.47481 1.39910 1.30135 1.35312 1.06316 0.77964 1.08735 0.56204 1.12261 1.02322 0.83196 1.41388 1.85180 1.81470 1.93463 1.61806 1.84869 1.21867 0.51863 1.76212 1.02590 0.61655 1.99765 1.90255 1.50288 1.18770 1.46779 1.37370 1.02844 1.09734 1.66517 1.14913 1.41315 1.96132 1.50976 0.93163 1.08968 1.21876 1.62324 1.19484 0.82016 0.52406 1.74104 1.58166 0.64729
0.96174 1.48642 1.50855 0.57104 1.64670 1.17623 1.01296 0.82886 1.26872 1.73977 1.23211 1.25654 0.82825 1.63495 1.31208 0.58775 1.48728 1.13042 1.79908 0.73336 0.71009 0.89113 1.68684 1.13250 1.20683 0.93720 1.44898 1.25694 1.14472 0.54712 1.89601 1.02380 1.31320 1.41375 1.74424 0.78686 0.62821 1.84003 0.84946 1.92946 1.11999 1.92701 1.95736 0.50642 1.47950 1.38420 1.31105 1.97534 1.68700 0.74700 1.54822 1.47387 1.25590 0.60829 1.75999 0.80482 1.78909 1.46279
1.43187 0.74810 1.59681 1.69718 0.75116 1.84052 1.59921 1.05272 1.07002 1.87626 0.62085 1.65881 0.90303 0.78089 1.45964 0.75027 1.76892 1.36682 1.10775 1.19420 0.95613 1.02612 1.99693 0.84304 1.74893 0.74258 1.50529 0.76042 0.65679 0.72037 1.89340 0.57545 0.51157 0.98030 1.98881 1.66257 0.56221 1.37956 1.20385 1.86489 1.28341 1.00081 1.65243 1.20566 0.62313 0.58393 1.87152 1.90860 0.84780 1.01948 1.54106 1.50192 1.61187 1.24914 1.34875 0.62711 1.23352 0.95492 1.07151
1.72622 1.33462 1.29724 1.39235 0.66312 1.07211 0.82692 1.35804 1.67755 1.11058 1.08939 1.92616 1.15537 1.70328 1.71735 0.56017 0.80173 1.01095 0.82653 1.93648 0.85871 1.03680 1.36348 1.84093 0.84734 0.63266 1.59704 1.72110 0.76190 1.98065 1.42197 0.53598 1.10621 1.41017 1.45099 1.99628 1.12961 0.64405 1.54161 1.25944 1.77982 1.50562 1.38547 0.83264 1.50564 0.55140 0.76285 1.78653 1.79209 1.34427 1.13822 0.68302 1.85656 0.93139 0.97825 1.99293 1.00938 1.16564 1.60165 0.91314
0.54489 1.63069 0.80694 1.92883 1.98079 1.43600 0.57103 1.49975 0.57070 0.83516 1.85408 0.97573 1.08451 1.95290 1.94775 1.65748 1.15342 1.84115 1.76186 0.56832 1.40553 1.08820 1.79522 0.61109 1.56733 1.29330 1.71704 1.52334 0.95066 1.87628 1.69881 1.28938 0.99587 1.50302 1.30744 1.71348 1.96531 1.39688 1.59607 1.10878 1.15242 1.09935 1.63996 0.99852 1.99605 1.18942 1.66592 0.66734 1.07571 1.60101 1.05948 0.73948 1.48651 0.94096 0.77483 1.09687 1.28669 1.79064 1.05882 0.66226 1.40099
0.99016 0.56541 0.75480 0.62578 0.84691 1.61434 0.73194 1.68753 1.54897 1.87724 0.52023 0.63815 1.86532 0.64187 0.73220 1.82590 1.59330 1.81719 0.90710 1.33206 1.83311 1.87839 0.93861 1.03474 1.34662 0.63344 1.89781 1.92633 1.76247 1.26405 1.04458 0.82884 0.50307 1.96383 1.22525 1.02690 1.59097 1.54606 1.59087 1.16489 1.65365 1.27421 1.68734 0.70948 1.95585 0.67664 1.48213 0.80751 1.92402 1.19994 0.68199 0.62493 1.49875 1.59605 0.60865 0.75390 0.94292 1.06087 1.07893 0.59921 1.35749 0.62888
1.46382 0.79285 1.09828 1.41453 0.90535 1.81191 0.52154 1.74345 0.90411 0.98672 0.54128 0.95216 0.56709 1.38680 1.49726 1.28316 1.69782 0.99926 0.77975 1.00619 1.77097 1.07053 1.64651 0.93464 1.53019 0.86806 1.22681 1.56173 1.94894 0.57971 1.61515 1.02199 0.64972 1.35157 1.00726 1.88366 1.31785 1.59549 0.66674 0.56387 1.18183 1.56736 0.83832 1.95444 0.55226 1.39152 0.89804 1.68042 1.98978 1.27815 0.51362 0.67833 1.05925 0.53951 1.87540 0.68600 1.37497 1.12269 1.50749 1.87153 1.12523 1.46069 1.04923
1.29306 1.74866 1.22923 1.40418 0.83261 1.34794 0.55501 0.97959 1.21792 1.10857 1.42691 1.79111 1.59973 0.66596 1.15633 0.71087 1.34096 1.47809 0.83694 0.96863 0.59427 1.78687 1.04984 1.95976 1.36573 0.97667 1.95092 0.56075 1.32841 0.78672 0.83509 0.60146 1.03528 1.77414 0.92197 1.07115 1.97171 0.99698 1.61043 1.15700 1.46990 0.70723 0.84339 1.06902 1.87244 0.54734 0.85498 1.49787 1.70487 1.68809 1.89145 0.81555 0.59145 0.53086 1.93080 1.67812 1.78092 1.00269 0.88068 1.66256 1.45361 1.71525 1.85824 1.19789
0.71168 0.89771 1.71336 1.49239 1.70849 1.55524 1.93951 0.95456 1.80416 1.20604 1.02301 0.77939 1.51088 0.99119 0.73932 1.45516 1.40027 0.99458 1.85391 1.30572 0.89918 1.34403 0.93317 0.59132 1.21678 1.40626 1.32494 1.85477 1.21145 1.39401 1.18898 1.87777 0.94413 1.79575 1.79957 0.70715 0.91756 0.66683 1.54914 1.96623 1.84724 1.85402 0.96794 1.50792 1.10511 0.76824 1.68519 0.77856 0.95540 0.98394 1.11965 1.68743 0.81007 0.83077 1.84723 1.26148 1.96781 0.70245 1.75655 1.39099 1.84043 1.91426 0.64697 0.60717 0.88837
1.67433 1.79038 1.53715 1.66739 1.20863 0.56128 1.59108 1.30635 1.86101 1.31048 0.87664 1.21952 0.85889 1.44754 0.89984 1.25064 0.64662 0.71619 0.90730 1.43508 1.64041 1.28877 0.78018 1.56696 1.48691 1.45743 0.52506 0.67040 1.61499 0.60884 1.21953 1.68402 1.26367 1.84713 1.97021 0.64887 1.77818 0.55261 1.21300 1.16417 1.47954 1.31394 0.69840 1.33227 0.91337 1.16454 1.06413 1.93414 1.35315 1.53195 0.82356 0.92845 1.96928 1.60495 1.88489 1.96243 1.55249 1.03089 1.87121 1.41809 1.81834 0.98131 0.98692 0.97997 0.87265 1.61391
0.92788 1.77434 0.51720 1.00557 0.75809 1.11527 0.76876 1.99060 1.55843 0.87062 0.88465 1.00464 1.77723 1.61945 1.19278 1.89738 0.61269 1.21467 1.53569 1.08044 1.10647 1.34372 1.91122 0.54268 1.23251 1.84791 1.74385 1.56059 1.86177 0.51131 1.36901 0.94221 1.88249 0.87509 0.54378 1.23559 1.48550 0.89733 1.59659 0.91569 1.73912 1.51535 1.15580 1.07698 1.59513 0.85189 0.54099 1.17943 0.63895 1.40921 0.98533 1.79078 1.79089 1.30837 1.72008 1.13603 1.85498 1.68619 1.00552 1.32115 0.76120 0.64254 1.59856 1.11727 1.21554 1.85572 1.81546
1.81332 1.57631 1.54934 1.34452 1.38995 1.06040 1.57492 1.90372 1.85089 1.89436 1.54336 1.79123 1.73891 1.02990 1.46346 1.08947 0.70400 1.79067 1.35520 0.54446 1.20260 1.38004 0.79270 1.73246 1.24638 1.36273 0.67273 1.73197 1.46333 1.95884 1.81165 1.98806 0.67413 1.92577 1.44473 1.31008 1.59899 0.68418 1.48584 1.78684 1.76499 0.60306 0.82238 1.17622 1.31560 0.91681 1.94372 0.63708 1.18850 1.87218 1.90857 1.52039 1.01146 1.55007 1.94501 1.78806 1.12653 1.37464 1.01191 1.42015 1.51197 1.88421 0.95315 1.99050 1.96825 0.88424 0.97765 1.88326
1.01847 1.92235 1.71480 0.52995 1.10246 0.53813 1.57249 1.70836 0.54687 1.72031 1.40883 1.98529 1.97073 0.54792 1.50220 1.63789 1.11552 1.01446 1.46219 0.72605 1.23904 0.57810 0.74952 1.33175 1.93273 1.35066 0.52869 0.57345 1.81551 1.91341 1.21917 1.18103 1.74829 0.76211 1.16874 1.05814 1.74347 1.76559 1.48754 1.85451 1.52681 0.97098 1.78345 1.97123 1.56636 1.06343 1.78123 0.83215 1.39486 1.95005 1.08497 0.93106 0.73348 0.70493 0.66562 1.50001 0.78359 1.09227 1.82661 1.93231 1.49254 1.66357 1.05699 1.78980 0.77418 0.70078 1.56180 1.57950 1.28793
0.95875 1.78330 1.97906 0.72444 1.43315 0.71300 0.56807 1.95593 0.71484 1.86089 0.58578 1.72617 0.78775 1.85920 1.01039 1.57127 1.70068 1.95851 0.55687 1.43008 1.62422 1.48959 0.54681 1.61287 1.96369 1.27649 1.17772 0.98755 1.27132 0.51857 1.81574 1.74235 1.54213 1.66647 1.53945 1.40832 0.86101 1.10909 1.80284 1.54362 1.68607 1.98322 1.91560 1.40432 1.46194 0.85285 0.99161 1.06221 0.59257 1.68202 1.59516 1.55642 0.60077 0.57759 1.91473 0.94625 0.78867 0.68482 1.48130 1.45418 1.93872 1.31694 0.67033 1.82188 0.97313 1.59420 1.59605 1.61756 1.43808 1.85409
0.67600 1.40307 1.14029 1.67185 1.93797 1.16763 1.69849 1.82599 1.41398 1.39545 1.45879 0.74447 1.77864 1.36618 1.15797 1.09207 1.85945 0.78458 0.79377 0.61920 0.80102 0.67153 1.69382 0.68485 0.99676 1.94133 0.52910 1.06006 1.92837 0.81582 0.88713 1.72808 0.71966 0.51270 0.57795 0.78212 1.13596 1.30838 0.83957 1.07313 1.44946 1.15870 1.36391 1.86279 1.66918 1.49881 1.89020 1.82602 0.88327 1.03929 1.92210 1.56664 0.92234 1.27999 0.52607 1.67055 0.64190 1.53620 1.81382 1.21763 1.31154 1.10698 1.58119 1.17796 0.84120 1.36790 1.37572 1.45400 1.26000 0.84966 0.65014
0.83912 1.32641 1.54461 1.68012 1.40314 1.07227 0.85172 1.34830 1.24286 1.50760 1.18179 0.86114 1.71925 1.52488 0.56304 0.68206 1.75744 0.86087 0.86120 1.37305 0.63056 1.95097 1.11467 1.57542 0.72563 0.72760 1.59054 1.86491 1.96552 1.26232 0.64604 1.11535 1.29868 0.54374 1.67647 0.60747 1.40247 0.62071 0.76683 1.48947 0.80623 1.25488 1.33258 1.93938 1.85370 1.44827 0.86675 0.84965 1.62255 1.92238 0.59925 1.16754 1.94504 1.87803 1.27773 0.83882 1.38713 0.78080 1.38719 1.13588 1.54708 1.18799 0.94695 1.71503 0.82731 0.84690 1.01184 0.90925 0.60745 1.08145 1.56637 1.81821
1.11379 1.68850 1.28184 1.93065 1.75801 0.59138 1.82228 0.84616 0.52712 1.96380 1.81350 0.80028 1.07658 1.97348 0.98457 1.02434 1.13455 1.03368 1.10404 1.82525 1.26437 1.04042 1.91512 1.77220 1.12341 1.57992 1.61473 0.99278 1.12089 1.41094 1.09954 1.51620 1.72054 0.75321 1.31474 0.86483 0.87091 1.27728 1.09099 1.42054 0.87758 1.89232 0.50029 1.62318 1.59766 1.27638 1.26354 0.71120 0.53465 0.56647 1.56554 1.17555 1.54483 1.00194 1.03902 1.15781 1.95756 1.08295 0.92105 1.14349 1.38276 0.57051 0.80572 0.84778 1.78281 0.65680 0.71661 1.95820 0.92858 0.80317 0.95920 1.68261 1.02256
0.83899 1.97603 1.72688 0.72420 1.36256 1.71181 1.82144 1.45003 0.51528 0.80152 0.96735 0.54473 0.56929 1.11809 1.49652 1.62810 1.95267 1.62518 1.17543 0.92755 1.08153 1.63173 0.65216 1.43584 0.91867 1.48726 1.55373 1.65850 0.92041 0.79362 1.20870 1.10423 0.51997 1.84604 0.75060 0.50810 0.60599 1.00418 0.82943 0.58860 1.18449 1.87376 1.34470 1.51788 0.90225 0.76991 0.96152 0.55551 1.54321 1.44109 1.00607 0.99386 1.73705 1.25042 0.58643 1.07627 1.62236 0.50723 1.32180 1.11525 1.74484 0.69309 1.45116 0.55585 0.97650 0.61905 1.28529 1.22852 0.72546 1.84363 1.02935 0.96859 0.74905 1.22779
1.49916 1.60265 0.87455 1.28807 1.35846 1.65886 1.93851 0.67701 0.68094 1.46952 1.47234 1.48274 1.85852 1.74750 0.55208 0.65849 1.82969 0.51653 1.54591 1.91837 0.50796 1.30400 1.63583 0.68481 0.55497 1.04482 0.67272 1.02751 0.57898 1.40715 0.59087 0.74779 0.88304 1.95102 1.37384 1.46498 0.75762 0.90269 1.38205 1.45089 1.86371 0.92515 1.16445 1.57315 1.50060 0.58696 0.89844 1.62994 1.78941 1.15880 1.75484 1.80017 1.39543 1.36874 1.67326 0.80586 1.72928 1.64181 1.84125 0.56438 1.34029 1.11965 0.59255 1.56172 1.99788 1.94083 0.79711 0.63410 1.75103 0.64707 1.82852 1.75935 0.61867 1.56981 1.74160
1.85683 0.81062 1.13790 0.90517 1.46640 0.84217 1.98110 1.09435 1.75284 1.62478 1.62596 1.01171 0.53485 1.64729 1.38804 1.15939 0.63116 0.97053 1.46715 1.53593 1.51838 1.16638 1.64684 1.54847 1.47413 1.45663 1.34041 1.96374 1.08118 0.64933 1.52341 1.96434 1.17748 1.93352 1.52367 1.30965 0.71580 1.98074 1.11863 1.83461 0.60557 0.93295 0.78593 1.38223 1.82860 0.56675 0.61188 1.03324 1.90553 1.38326 1.05750 1.63574 0.65682 0.80965 1.56595 0.51828 0.68073 1.40133 0.55079 0.84139 1.02904 0.62239 1.42527 1.22171 0.88601 1.65127 1.15370 1.68950 0.81737 0.92274 1.51159 1.18339 0.67063 1.00854 1.55007 1.05981
1.67232 1.99376 1.26192 1.42997 1.30014 0.86298 1.78004 1.75906 1.59871 1.23843 1.95479 1.46027 1.14267 0.96178 1.08537 1.02496 0.88902 1.19768 1.26902 1.01773 1.60414 1.03841 1.71154 1.19777 0.51440 1.60991 1.49452 1.18925 1.62971 1.16010 0.79291 1.44512 1.82448 1.61412 1.21317 1.77994 1.55987 1.03026 0.77588 0.76529 1.55431 1.12183 0.75040 0.69340 1.14979 1.40861 0.79160 1.04071 0.63977 1.46230 0.54754 1.40915 1.56989 1.79757 0.85925 1.88703 1.94260 0.63789 0.82782 0.90026 1.19110 1.70032 1.31483 1.53048 0.69230 0.59896 1.98272 0.53079 0.97638 1.63554 0.84722 0.97676 1.15816 0.88804 1.67770 0.63051 0.55482
1.99823 1.99510 1.34256 1.03609 1.02225 1.35657 0.60218 1.63586 1.95913 1.63605 1.34696 1.70324 1.84656 0.57681 1.98253 0.92854 0.93866 0.60567 1.36798 1.69235 1.91085 1.40814 1.06543 0.97708 1.00504 1.87198 1.14199 1.84927 1.57162 1.19206 1.57089 0.83876 1.54701 1.90194 1.22146 0.68158 1.08660 1.52051 0.86129 1.47497 1.96832 0.57966 1.97438 1.45584 1.12421 1.83319 1.49858 1.47301 0.73980 1.71142 1.37833 1.78885 1.52249 0.52421 1.83433 1.21946 1.99452 1.47362 1.33661 1.93561 1.78330 1.23290 0.80228 1.79587 0.93338 0.80783 0.64572 1.35890 1.56504 1.77073 1.10898 1.30528 1.97712 1.87304 0.67482 0.88108 1.42731 1.93970
1.55412 0.62325 1.65888 0.99469 1.48446 1.85728 0.51328 1.78582 0.91336 1.32288 1.92628 1.05769 0.62778 1.30579 0.57014 1.21934 1.45466 0.85428 0.55446 1.82898 0.88441 1.93121 1.89127 1.39022 1.71774 0.66131 1.74008 1.05841 0.92956 0.99428 1.44128 1.08263 1.34222 0.85052 1.58124 1.36309 1.25684 1.24038 0.85330 1.32868 1.09965 1.49533 1.14370 1.94664 1.62180 1.72423 0.66119 0.54491 1.82999 0.95146 0.55268 0.67359 1.41412 1.92113 1.19647 0.62978 1.44212 1.92462 1.04423 0.56877 0.67131 0.92727 1.90955 0.94089 1.36359 1.90923 1.65530 0.74175 0.83568 1.21315 1.69807 1.02736 1.35975 1.92042 1.58118 1.96543 0.98917 1.39450 0.96994
1.97948 1.78918 0.77646 1.91055 1.86435 1.54972 0.96327 1.94116 1.30680 1.18765 1.68115 0.65875 1.34312 1.40666 1.56900 1.08700 1.29378 1.29644 1.90665 0.80071 1.84548 1.78845 1.47430 1.92790 0.70196 1.21795 1.26213 1.86175 1.99347 0.59316 1.29781 1.96165 0.74214 1.05048 1.05497 1.66832 1.43698 0.92066 1.01835 0.97638 1.36518 1.55062 1.79163 0.57483 0.65732 1.13101 1.95693 1.75953 1.52232 1.19483 1.60702 0.63009 1.41245 0.71447 0.93198 1.85149 1.20369 0.52059 1.78713 1.33853 0.59275 1.19169 0.96681 0.96139 1.35404 1.31004 1.18117 1.10857 1.45576 0.93043 1.11040 0.82321 0.72662 1.70183 1.36062 1.23415 1.41371 1.31755 0.68995 1.44681
1.20560 0.81743 1.04765 1.63304 1.56725 0.71659 0.82615 1.83889 1.05180 1.82256 1.17236 0.59246 1.67771 1.06925 1.68494 0.98018 1.36155 0.55292 0.82347 1.20465 1.10608 1.41876 1.43144 0.89341 1.61239 0.51474 0.65327 1.22628 0.63832 1.80248 1.30292 0.68286 0.95864 1.76100 1.77017 1.93481 1.94449 1.01122 1.95161 1.56125 0.91750 1.06034 1.91236 1.48243 1.46318 0.82132 1.44889 1.90824 1.97669 0.87430 1.68070 1.57478 0.54255 0.82789 0.94319 1.74582 0.96202 0.83920 0.59863 1.02993 1.54378 0.93699 0.87711 1.04360 1.70521 0.53396 1.88099 1.79465 0.62577 0.84783 0.56252 1.26129 0.86342 1.17288 1.87342 1.26705 0.98816 0.54852 1.36831 1.50350 0.62212
1.93153 1.74741 0.50575 0.75057 1.33525 1.39029 1.70890 0.56827 1.13934 0.66355 1.73620 1.29546 0.81364 1.96032 1.05088 1.75166 0.76998 1.87708 0.72372 1.52641 1.81270 1.83377 1.15034 1.69118 1.02342 1.41348 1.94552 0.69171 0.94714 0.62274 1.56596 1.76680 0.96007 1.63676 0.68024 1.55802 1.02062 0.82502 1.04360 0.61132 0.93121 1.40736 1.95185 1.91121 1.42819 0.96684 1.73160 0.66827 1.56154 0.55967 1.05563 1.95767 1.22022 1.18857 1.64459 1.32994 0.89946 0.87111 1.55125 1.71564 1.33546 0.53853 1.46455 1.08953 1.29824 1.16803 1.13130 1.20314 1.67279 1.48973 0.68252 1.40235 1.05898 1.21419 0.81739 1.54991 1.64465 1.02473 0.78366 1.36059 1.07275 0.76658
1.98700 1.25125 1.49847 1.74702 0.69257 1.01353 0.76980 1.24914 1.55102 1.18828 1.50498 1.71260 1.95058 1.34542 1.14303 1.18065 1.95119 1.73513 1.69224 1.59467 1.67500 1.29805 0.58180 0.72350 0.57731 1.63550 0.50424 0.90851 0.69602 1.17401 1.23522 1.39711 1.01492 1.83946 0.91676 1.33973 1.99384 0.87756 1.46799 1.79083 0.99241 1.82303 0.59715 1.02877 1.67081 0.68649 0.70279 1.36821 1.76850 1.13919 1.00900 0.77201 1.33008 1.38813 1.85194 1.76420 0.92921 0.67284 1.16859 1.61882 1.49317 1.53868 1.44856 1.26801 1.69313 1.93162 1.97333 0.82353 0.58602 1.51224 1.01727 1.83729 0.57880 1.09824 0.72999 1.76927 0.79493 1.13080 0.85353 1.38572 1.31264 1.60037 1.67935
1.64096 0.97949 1.38800 1.57691 1.74375 0.61709 1.11689 1.93581 0.78749 1.21879 1.05366 0.76700 0.52923 1.64006 1.09046 0.96480 0.63598 1.62977 0.66377 0.84786 1.33558 0.89832 1.82192 0.60455 1.64025 1.73165 0.84779 1.84106 1.47549 0.94132 1.78777 0.77873 1.79259 1.90159 0.91885 1.13060 1.13967 0.76426 1.51011 0.61101 1.58190 1.32645 1.51059 0.53359 1.97014 1.85514 1.59289 1.77800 1.66416 1.83353 1.24363 1.12867 0.88030 1.72190 1.49988 1.34386 0.92813 1.32797 1.64042 0.51577 0.63454 1.05881 1.31973 1.29256 0.82937 0.71133 1.09301 1.61494 0.51464 0.62597 1.35931 1.09135 0.71836 0.67586 0.86769 1.36174 1.74915 0.66182 1.94812 1.34173 0.70703 0.73838 1.25077 1.41858
1.52075 1.99635 1.97971 1.04361 1.12659 0.83513 1.34406 1.72874 1.19871 0.54456 1.14511 1.12874 1.14428 0.94152 1.23428 1.35566 1.60392 0.63701 1.67653 1.69776 0.91068 1.23503 1.51869 0.75317 1.52914 0.81539 1.96817 1.18406 1.10918 1.62645 1.06530 1.95464 1.81758 1.56161 1.90957 1.25507 1.59052 1.25935 0.78656 1.64879 1.80519 0.62784 0.83652 1.22096 1.30920 0.68210 0.89379 0.99929 0.74400 0.59133 1.81465 0.57816 0.84407 1.55123 1.06688 0.94616 1.98554 0.73085 0.90195 1.04334 1.82774 1.41411 1.22906 0.99050 0.61518 1.54402 1.75070 0.63653 1.71117 1.77161 0.82692 0.96693 0.94420 0.92455 0.57746 1.44353 1.62153 0.63850 0.50416 1.04457 1.87186 1.74405 1.87407 0.77335 1.18898
1.87414 0.56139 1.58091 0.67421 1.84811 0.73603 1.54014 1.48334 1.43915 0.94266 1.54801 0.57140 1.54329 0.80194 1.51053 0.97512 1.88162 0.66815 1.38818 1.78099 1.16219 1.70634 1.04704 1.41221 0.68293 0.59772 0.60706 1.80875 0.70537 1.42964 1.61351 1.49265 0.71867 0.51940 0.58244 1.20003 1.44893 1.04125 1.68373 0.84861 1.96428 0.69479 1.88801 1.23311 1.05222 1.37363 0.78973 0.54332 0.72217 0.66714 0.69932 0.64386 1.93039 1.34950 1.42296 1.00105 1.92284 1.34956 1.41213 0.79250 1.71181 1.29266 0.51617 1.11111 1.35703 1.50579 1.55261 0.89887 0.52997 0.78502 0.86467 1.61473 1.47289 0.90300 1.32052 1.01724 1.28669 1.10083 1.97634 0.72133 0.87395 0.52098 1.62958 1.51733 0.58934 0.77722
1.57307 1.29856 1.94040 1.02973 1.05765 1.01932 0.50227 1.52253 0.59799 1.92979 0.53806 1.29266 0.67675 0.55365 0.71707 0.59578 0.93498 0.87572 1.52858 1.76408 1.34803 1.06509 0.70946 0.62004 1.98946 1.60548 0.57352 0.97698 1.71309 0.86774 1.87868 1.14204 1.76223 0.58777 1.78478 1.41745 1.99438 1.03508 0.51633 1.91642 1.25270 1.41945 0.75590 0.95553 1.83737 0.51480 1.17173 1.16388 1.39073 1.91791 0.84244 1.76204 1.28352 0.76662 1.65893 1.66228 1.00652 1.78439 1.04146 0.50202 1.49400 1.04718 0.55084 0.54468 0.62907 0.90151 1.60311 1.78380 1.38732 1.97027 1.31892 1.01690 1.64823 0.76446 1.88644 1.86242 1.10408 1.57555 1.34400 0.71387 1.32500 1.50130 1.01989 0.94429 0.98674 1.18386 1.85485
1.99701 0.86824 1.52300 1.51363 0.76505 0.92021 1.16629 1.96303 1.16121 1.04578 1.54091 0.80769 1.28775 0.62409 1.04042 1.88288 0.63481 0.91010 0.68593 1.40752 1.88192 1.14994 1.97827 0.99371 0.54228 0.80484 0.55891 1.04910 0.54877 1.43400 1.67074 1.82558 1.97313 1.78480 1.17795 1.60658 1.44166 0.66249 0.50484 1.34110 0.84086 1.13758 1.15689 0.50974 1.03192 0.77452 1.12248 0.90834 1.68832 1.33967 1.46946 1.43944 0.53734 1.29252 1.63255 1.55967 1.77430 1.87237 1.62559 1.90300 0.60434 0.57398 1.81902 1.09833 1.59082 1.50195 1.28743 0.71990 1.52014 0.89604 1.60721 1.20995 0.68189 0.88721 0.90482 1.17275 0.62095 1.56376 1.16649 1.48045 0.97966 1.29227 0.86182 1.28093 1.57396 1.49636 1.71952 1.77634
0.51722 1.96717 1.02824 1.19886 1.94171 1.00468 0.93318 1.28183 1.30578 0.55109 0.90944 1.25487 1.14261 1.57495 1.56278 1.89248 1.36399 1.67853 1.73617 1.61603 0.68287 1.19051 1.95476 1.04738 1.91783 1.89493 1.82984 1.43151 0.82799 1.61486 1.76348 0.67943 1.15091 1.45055 1.58622 1.69938 1.20978 1.24603 1.94511 1.89366 1.26794 1.49601 1.34006 1.92909 0.54918 0.74987 0.83434 1.83181 1.72735 0.97371 0.93890 1.42434 1.53663 0.90647 1.77851 1.11790 1.29981 1.00147 1.20979 1.13004 1.73160 1.20821 1.01796 1.28561 0.66136 1.86799 1.18942 1.52181 1.79459 0.81108 0.82020 0.79447 1.90365 0.89682 1.03496 0.57774 0.92423 1.95327 1.96642 1.39214 1.28984 1.23964 1.02738 1.75685 1.63047 0.78630 0.59531 1.53376 0.74476
0.65304 0.69390 1.33839 1.04586 0.69215 1.03022 1.03341 1.62236 1.54873 1.18150 1.00404 1.38984 1.12453 1.89773 1.34925 0.81241 1.58183 1.90119 0.93582 1.31934 1.27251 1.17183 1.38953 0.66175 0.94998 1.71698 1.68091 0.90408 1.04294 0.88821 1.33434 1.26008 1.21359 1.63529 1.57690 0.79377 1.71424 1.91279 1.00523 0.66804 1.08057 1.10810 1.45103 0.81105 1.21303 0.63793 1.22923 1.16397 1.38147 0.75902 0.65317 1.70923 1.52383 0.76364 0.62593 1.42730 0.92718 1.90822 0.86284 1.80409 1.06091 0.73941 0.52224 1.72319 0.83585 1.70936 0.52071 0.58559 1.13561 0.83130 0.71154 1.93968 1.53580 0.68287 1.29512 0.61685 0.77320 0.55750 0.83660 1.20658 1.14112 0.75016 0.85072 1.49737 1.64770 1.51347 1.95715 0.89017 1.83318 1.74583
1.53109 1.07383 0.95256 1.77197 1.32958 0.60176 1.62195 1.11579 1.12672 1.88859 1.55739 1.95474 1.31427 1.53791 1.67823 0.97135 1.72902 1.29787 1.19360 1.50896 1.41995 1.99479 1.64806 1.73567 1.49905 1.62826 1.63472 1.59325 0.83931 1.58551 1.15942 0.71746 1.68175 1.90874 1.40896 1.18628 0.57197 1.34074 1.22235 1.18167 1.66687 1.30101 1.57406 1.80953 1.08848 1.96841 1.86569 1.86035 0.72318 1.57452 0.71785 1.09530 1.60037 0.64272 1.24975 1.92465 1.96396 0.71696 1.65113 0.62839 1.99683 0.57866 1.04176 1.07209 1.95036 1.50911 1.23535 0.51833 1.75523 0.99559 1.12843 0.69813 0.74203 0.55565 0.73661 1.23441 1.48281 0.50432 1.60320 1.64616 1.51754 1.95054 0.98176 0.93650 0.82653 1.21851 1.09396 1.80783 1.02228 1.70678 1.88774
1.27419 1.35181 0.70856 1.09922 1.48042 0.98176 1.98907 0.77963 1.21389 0.54087 1.86743 0.90346 1.26823 0.74936 1.46507 1.34226 1.94935 1.07236 1.26753 0.82098 1.22889 1.00100 1.10982 0.98616 1.28699 1.79785 1.17672 0.55997 1.29370 0.86683 1.61100 0.97175 1.69368 1.99173 1.32389 1.37019 0.50721 1.19051 1.74993 1.97047 1.57993 1.50293 1.03922 1.40474 1.16070 1.05128 1.46758 0.91859 1.54835 1.65012 1.32277 1.00767 1.80836 1.92749 1.30284 0.99707 1.72928 1.60855 1.06627 0.65674 1.93562 0.91047 1.11039 0.82335 1.16757 1.40134 1.36858 1.41343 1.60312 1.61115 1.79949 1.23593 1.78096 0.84149 1.70420 0.51053 1.37807 0.78435 0.76964 1.59114 1.56735 1.51046 1.05380 1.12672 1.29610 0.70506 1.42386 0.50788 1.85885 0.71830 1.81826 1.95637
1.86414 1.19498 1.59396 1.37546 1.90162 0.87467 1.89399 0.98616 1.53419 1.24132 1.77806 1.05742 1.05658 1.62164 1.05012 0.56212 1.51295 1.41963 1.45523 1.94495 1.27613 1.39832 1.44873 1.87353 1.29317 1.98562 1.50470 1.76346 1.13275 0.67609 1.84506 1.63063 0.75882 1.50755 1.71436 1.15206 1.15500 1.57758 1.45790 0.86330 1.27757 1.52236 0.63830 1.86644 1.01998 0.56568 1.44184 1.13050 1.36400 1.30089 1.84961 1.06420 1.34999 1.65898 1.51529 0.51065 1.18745 1.27356 1.11501 1.88926 1.97930 1.96346 1.50859 1.04076 0.77105 0.54539 1.67019 0.99444 1.17946 0.83505 1.80765 1.14322 0.83613 1.67088 1.89362 0.64827 0.61619 1.66084 0.82882 1.52451 0.93544 1.72999 0.75198 1.03581 0.60046 1.27458 1.94341 1.99479 1.18601 1.82208 1.58316 0.67682 0.79785
0.68547 1.06326 1.57683 1.23856 0.84624 1.45178 1.45089 0.92875 1.26834 0.69700 1.20896 0.74622 0.82636 0.59054 0.54092 0.87156 1.24184 1.14295 0.93012 1.57792 1.75381 1.39677 1.08184 1.70094 0.76099 0.86413 0.80912 1.00228 1.23701 0.76138 1.41419 0.88945 1.78112 1.97823 1.41919 1.22345 1.63507 1.53045 0.56044 1.41904 1.93013 1.43275 1.73039 0.92921 1.99420 1.93002 0.74966 0.60807 0.55145 1.42928 0.90233 1.42445 0.77492 1.96336 1.36548 0.77765 1.06673 1.09770 0.56886 0.89621 1.37592 0.61806 1.31875 0.84318 1.74532 1.42028 0.62233 1.14040 1.27742 0.50997 1.11435 0.95473 1.53610 0.61580 0.87705 0.53983 1.35429 1.22845 1.80807 1.64349 0.68513 0.55089 1.06239 1.82938 1.44781 0.95273 0.73891 0.54246 1.43708 1.78282 1.99741 1.07688 0.99283 1.71272
1.59816 0.54737 0.54916 0.69893 0.75114 1.07593 1.10054 1.61785 1.96494 1.62415 0.96103 0.73037 1.30184 1.03376 0.66795 1.43818 1.44038 0.85960 0.72005 0.87476 1.10044 1.07942 0.84496 0.89500 1.45338 0.55020 1.08100 1.84027 1.46656 1.57232 1.46443 1.80102 1.16524 1.85275 0.56180 0.61691 1.18171 0.65562 1.76663 1.48597 1.48912 1.58967 0.58319 1.13530 0.56853 1.58947 1.10261 0.64433 0.88647 1.40740 1.69532 1.34052 1.69013 1.57612 1.98425 0.77971 1.05706 1.17014 1.22776 1.85263 0.63168 0.98553 1.27438 0.80133 1.52012 1.31798 0.68209 0.61746 0.53220 0.84656 1.26504 1.35842 1.24661 1.42349 1.12258 1.32142 0.95791 1.86099 1.03955 1.85347 0.72158 1.98957 1.04817 0.57900 1.57865 1.96763 1.57753 0.94565 0.57536 1.12912 1.02809 1.66092 1.78283 0.90199 1.42947
1.27221 1.22036 1.87376 1.61508 1.64985 0.84005 1.96721 0.64549 0.55107 1.59971 0.97947 0.53161 1.21947 1.99329 1.01964 1.40661 0.60625 1.78761 1.24524 1.79562 1.39569 1.39052 0.81731 0.98954 1.10197 0.65774 0.63620 1.62563 1.04104 1.00398 1.53458 1.37839 1.14723 1.79070 0.64097 0.64205 1.07264 1.43510 1.94584 1.32231 1.43201 1.32125 0.62096 1.89587 1.67938 1.98721 1.47391 0.95635 1.42152 1.28910 1.96191 1.71748 1.23404 1.89328 0.99309 1.89356 1.16741 0.64016 0.56083 1.29015 0.85468 1.41233 1.36549 1.72363 1.31172 1.80840 0.69950 1.45033 0.72524 1.17836 0.50352 1.44458 0.82788 1.17345 1.46142 1.34433 0.95572 1.39900 1.52191 1.64492 1.60586 1.02363 0.62053 0.52924 1.81126 0.59609 1.98787 0.99880 1.67372 0.51397 1.40091 1.11345 0.57281 1.82265 1.85767 1.87451
0.62523 1.80518 0.61398 0.81947 1.85757 1.41383 1.04659 0.55687 0.54829 0.56276 1.37820 1.29531 1.47477 0.52341 1.48160 1.65268 1.36947 1.50031 0.64061 1.18756 1.09426 1.38754 1.83304 1.53615 0.95582 1.25332 1.71786 1.67263 1.54935 1.58535 0.57072 1.99798 0.60162 0.58242 0.88942 1.82604 1.82363 1.81354 1.70447 1.84515 1.33523 1.55219 1.84352 1.42049 1.07281 1.52534 0.55572 1.52719 0.90989 1.48078 1.07143 1.48501 1.50982 1.98989 1.07931 1.73899 1.04719 1.13431 0.80809 0.86830 1.95961 1.47521 0.79582 1.55707 1.47392 0.81011 0.66411 0.74919 1.77913 1.48863 1.02495 0.76721 0.85641 1.89272 1.83574 0.63855 1.62710 0.67561 0.70237 1.51001 1.16056 1.86147 0.95637 1.06432 0.53056 0.64562 0.66738 1.71037 1.53652 0.90702 1.56255 0.84434 1.00810 0.97856 1.81573 0.80490 1.93238
0.57670 1.94681 1.34981 0.71311 1.73470 1.86510 1.02043 1.42422 1.43169 1.99411 0.93070 0.73639 1.12802 1.53089 0.57790 1.63480 0.77223 1.11897 0.90038 0.84274 1.83492 1.62971 1.77230 1.62393 1.76520 0.62422 1.90260 1.18052 1.99071 0.85419 1.29318 0.75038 0.96377 1.55906 1.51782 1.50366 1.28922 1.47510 0.75415 1.23221 1.80790 1.86031 1.24324 0.75917 1.68095 1.37517 0.91035 1.63236 1.36057 0.66428 1.35314 1.15635 1.51288 1.37323 1.69147 0.82402 0.67409 1.59037 0.89855 1.01003 0.84051 0.74645 1.20835 1.19942 1.52959 0.63631 0.68964 1.67274 1.81882 1.11169 1.26698 0.55627 1.02765 1.14612 1.86266 0.63782 0.65981 1.56667 1.41227 1.39979 1.28715 1.42068 1.59128 0.68154 1.47722 0.52514 1.73661 1.12343 1.34121 1.48974 1.98005 0.54754 0.97669 0.61224 1.94634 1.90888 0.52424 0.86743
0.99338 1.41484 0.54462 1.96361 1.91976 1.38122 1.08472 0.86211 0.50704 0.60117 0.70486 1.67884 1.36025 1.59291 1.87769 1.59365 0.97231 1.85069 1.41602 1.48037 1.60199 1.04801 0.58785 1.71205 1.30272 1.86512 1.34838 1.88515 0.64371 0.58052 1.01188 1.42509 0.52852 1.24876 0.77109 0.50431 1.01212 0.68118 1.27886 1.57437 0.88679 0.72338 1.48628 1.88716 1.49103 1.43710 1.04208 0.68738 1.52542 1.89163 0.91097 1.91170 0.75136 1.49783 1.58708 1.37541 1.30925 1.62143 0.80674 0.97850 1.99812 1.13553 1.99395 0.69442 0.94251 0.56559 1.53117 1.67046 1.17567 0.98984 1.83124 0.50701 1.99625 1.09645 1.49947 0.90348 1.03998 1.70845 1.67615 0.69753 0.85797 0.99537 1.19785 1.55529 1.87676 1.98901 0.55479 1.28989 1.00544 1.27784 0.85698 1.25406 1.85307 1.75381 0.56901 0.66020 1.03752 0.98107 1.35452
1.32359 0.76217 0.68628 0.68204 0.66692 0.62867 1.61002 1.40085 0.58699 1.58232 1.07406 0.97500 1.74147 0.78507 1.38277 1.37403 1.39189 1.80695 1.61297 1.24815 1.98980 1.14951 0.75455 0.57151 1.23632 0.93500 1.87905 1.34217 0.73644 1.49535 1.38745 1.53293 1.62969 1.47363 0.78076 1.07371 0.68428 0.54868 1.44876 0.53790 1.99838 1.95203 1.68321 1.15667 1.63869 0.77628 0.75937 1.31505 1.01433 0.63970 1.79414 1.03893 0.51455 1.37290 1.28920 0.72741 1.04931 0.84393 1.16643 0.61267 1.19753 1.98102 1.79274 0.65586 0.98960 1.71678 1.35988 0.55768 0.60847 1.16703 1.73027 1.18016 1.41869 0.72237 1.50812 1.96501 1.55695 0.62490 1.60675 1.78174 0.70063 0.55519 0.54414 0.58619 1.36414 1.19669 1.99773 1.57479 0.78317 0.93077 1.15208 1.09379 1.37441 1.93910 1.82224 1.60859 1.17931 1.15467 0.88580 0.85296

Best known: 826.14
