121 121 200
0 10.0 45.0
25 25.0 1.0
7 25.0 3.0
13 31.0 5.0
6 32.0 5.0
14 31.0 7.0
5 32.0 9.0
11 34.0 9.0
19 46.0 9.0
5 35.0 7.0
15 34.0 6.0
15 35.0 5.0
17 47.0 6.0
13 40.0 5.0
12 39.0 3.0
18 36.0 3.0
13 73.0 6.0
18 73.0 8.0
12 24.0 36.0
17 76.0 6.0
4 76.0 10.0
7 76.0 13.0
12 78.0 3.0
13 78.0 9.0
8 79.0 3.0
16 79.0 5.0
15 79.0 11.0
6 82.0 3.0
5 82.0 7.0
9 90.0 15.0
11 84.0 3.0
10 84.0 5.0
3 84.0 9.0
7 85.0 1.0
2 87.0 5.0
4 85.0 8.0
4 87.0 7.0
18 86.0 41.0
14 86.0 44.0
12 86.0 46.0
17 85.0 55.0
20 89.0 43.0
14 89.0 46.0
16 89.0 52.0
10 92.0 42.0
9 92.0 52.0
11 94.0 42.0
7 94.0 44.0
13 94.0 48.0
5 96.0 42.0
4 99.0 46.0
21 99.0 50.0
13 83.0 80.0
11 83.0 83.0
12 85.0 81.0
14 85.0 85.0
10 85.0 89.0
8 87.0 80.0
16 87.0 86.0
19 90.0 77.0
5 90.0 88.0
17 93.0 82.0
7 93.0 84.0
16 93.0 89.0
14 94.0 86.0
17 95.0 80.0
13 99.0 89.0
17 37.0 83.0
13 50.0 80.0
14 35.0 85.0
16 35.0 87.0
7 44.0 86.0
13 46.0 89.0
9 46.0 83.0
11 46.0 87.0
35 46.0 89.0
5 48.0 83.0
28 50.0 85.0
7 50.0 88.0
3 54.0 86.0
10 54.0 90.0
7 10.0 35.0
12 10.0 40.0
11 18.0 30.0
10 17.0 35.0
8 16.0 38.0
11 14.0 40.0
21 15.0 42.0
4 11.0 42.0
15 18.0 40.0
16 21.0 39.0
4 20.0 40.0
16 18.0 41.0
7 20.0 44.0
10 22.0 44.0
9 16.0 45.0
11 20.0 45.0
17 25.0 45.0
12 30.0 55.0
11 20.0 50.0
7 22.0 51.0
9 18.0 49.0
11 16.0 48.0
12 20.0 55.0
7 18.0 53.0
8 14.0 50.0
6 15.0 51.0
5 16.0 54.0
12 28.0 33.0
13 33.0 38.0
7 30.0 50.0
7 13.0 40.0
8 15.0 36.0
11 18.0 31.0
13 25.0 37.0
11 30.0 46.0
10 25.0 52.0
7 16.0 33.0
4 25.0 35.0
20 5.0 40.0
13 5.0 50.0

1.43484
1.36231 1.71326
0.58054 0.67918 1.88005
0.74792 1.75133 1.46599 1.86695
1.64019 0.77449 1.70396 1.39619 1.86366
0.72182 0.77766 1.67397 1.64624 1.78851 0.54090
1.26675 1.79049 0.86807 0.60586 1.56587 1.95797 1.93980
0.67521 1.75431 0.90266 1.58119 1.66602 0.85044 0.78273 0.82727
1.52354 1.74815 0.77663 1.59294 0.83740 1.48985 1.07490 1.20093 1.57258
1.66253 0.58237 0.62883 1.21561 1.28341 1.74679 1.40130 0.81295 1.63077 1.43830
1.11329 0.96849 1.05994 0.53086 1.55926 1.13928 1.40887 1.88096 0.98603 1.43228 1.90669
0.56111 1.25296 1.45015 0.80587 0.76937 1.12223 0.60137 0.81935 1.28285 1.31411 1.07766 1.73803
1.64457 0.70277 1.01165 1.32614 1.28235 0.87520 1.19641 1.81228 1.80417 0.63787 1.70056 1.82063 1.48026
1.71947 1.80000 0.90487 1.67453 0.74081 0.95138 0.50298 1.78197 1.14087 1.89276 0.97087 0.58955 1.72656 1.37651
0.57312 1.75868 1.17539 0.56031 1.93521 1.84755 0.66699 1.19932 0.70824 1.55129 1.85600 1.53129 1.11996 1.58222 0.86900
1.58400 0.79744 1.06124 1.84023 0.69959 1.42363 1.36404 0.55878 1.95322 1.22836 1.11630 1.94071 1.83392 1.08020 1.08508 1.43092
1.11050 0.68990 1.26822 1.80997 1.07196 1.42520 1.20116 1.56793 1.10634 1.20820 0.56007 1.97238 0.77881 1.45116 1.36288 0.55843 1.21065
0.92456 1.61401 1.38544 1.93006 1.86843 0.56004 0.88216 1.98365 0.64597 1.70839 0.95830 1.12126 1.25652 1.64824 1.88326 1.63922 1.38118 0.92213
1.19073 1.84847 0.99344 0.72024 1.28831 1.59232 1.32912 1.87378 0.96585 1.50582 0.93952 0.61950 1.20963 0.53075 0.96546 1.39998 0.74258 1.79881 0.88880
1.86950 1.04213 1.40071 1.80384 1.63222 0.80888 1.91913 0.70769 1.73495 1.40373 1.05325 1.72288 1.65135 1.56603 1.27395 1.96654 1.54454 1.56190 0.68369 1.34513
1.11575 1.83900 1.82644 1.09090 1.58846 1.39043 0.95950 1.71777 0.50505 1.54729 1.48454 0.73891 0.57684 0.69667 0.95214 0.74499 1.64796 1.52322 1.43727 1.11726 1.91875
0.64728 0.76184 1.23769 1.78761 1.02357 1.74086 0.50456 1.75780 1.32032 1.20868 1.19108 1.94078 0.89255 1.56200 0.92053 1.21169 0.98843 1.03139 0.59846 1.27210 0.99978 1.73141
1.06179 0.86676 0.87905 0.77457 1.54634 0.70329 1.30124 1.57532 0.56503 0.81123 0.95399 0.88580 0.83123 1.00002 1.45730 1.55369 0.84973 1.53950 0.50526 1.55711 0.60066 0.63464 1.48991
1.26821 1.01958 1.60422 0.94787 1.26615 1.06851 1.27074 0.56008 1.96482 1.06821 0.86678 1.35232 1.26783 1.59599 0.85151 1.78653 1.05888 1.64476 0.71699 1.30055 1.81945 1.26076 1.23144 1.80226
1.94002 1.90253 0.82954 1.17433 0.88460 0.95374 0.58748 1.94503 1.48917 1.09665 1.35162 1.28052 1.74928 1.22888 0.50812 1.73276 1.82902 1.04887 1.23151 1.96602 1.74621 0.99562 0.84683 0.93450 1.26943
0.68250 1.64177 1.39205 0.63738 1.00279 1.70980 0.84470 1.08087 0.93682 0.77342 0.73769 1.70041 1.33152 1.86615 1.05411 1.68447 1.06610 1.99034 1.18824 0.86772 1.90920 1.60876 0.60237 0.64446 1.74809 0.88142
0.62298 1.20843 1.76935 1.87653 0.98652 1.35425 0.54440 1.09648 1.70201 0.84900 1.46381 1.97818 0.76144 1.24681 1.48908 1.58311 1.60058 1.26334 0.95747 1.19787 0.92159 1.25802 1.80950 1.25538 1.07130 1.10899 0.55912
1.64250 1.59910 1.66706 1.69223 0.68014 1.68100 1.82740 0.85976 1.65993 1.48921 0.84271 1.06339 1.42725 0.86495 1.26465 1.24483 1.98221 0.72135 0.58387 1.35500 1.95817 1.10067 1.49716 1.39444 0.75110 0.70029 0.83694 0.71016
1.33621 1.29474 1.68850 0.66371 0.62942 1.12571 0.97260 0.66260 1.19243 1.20139 0.72850 1.61807 0.51001 1.67807 0.60661 1.99505 0.93686 0.71882 0.85412 1.31218 1.77420 0.59979 1.44082 0.63259 1.74562 1.15061 0.94006 0.79191 0.79052
0.61407 1.03776 0.60067 1.83932 1.81074 1.77689 1.98461 0.89003 0.75174 0.67700 1.75701 0.99271 1.69357 0.94620 1.73139 0.85778 1.25705 0.90595 0.92151 1.89628 0.85826 1.57796 1.41093 1.93146 1.70962 0.78989 1.80951 1.60662 0.93766 0.97891
1.82680 0.75909 0.86995 1.46928 1.32220 1.73151 1.01862 1.63971 1.41695 0.90523 0.75732 1.25166 0.85727 1.48668 1.34607 0.57893 0.61774 0.89646 1.79214 0.73785 1.20583 1.59139 1.27078 1.76413 0.70530 1.26783 1.78132 1.12142 1.25355 0.58684 1.16848
0.59267 0.79982 1.43477 0.76204 1.39789 1.16247 0.90752 1.76381 1.50883 1.21845 1.51908 1.97626 0.79056 0.80521 0.82454 0.69943 1.75839 1.61514 1.04743 1.91522 1.20412 0.76217 1.75046 1.48624 1.99812 0.69678 0.98315 0.63916 1.08729 1.93227 0.58882 1.26580
0.98853 0.88192 0.63196 1.87359 1.11603 1.89143 0.65541 1.40769 1.61538 1.80997 1.58578 1.89418 1.05187 1.77385 0.88870 0.70736 1.20139 1.72951 1.95710 0.55631 0.80424 0.52293 1.28252 0.80409 1.73515 1.03431 1.97311 1.16418 1.23434 1.89385 1.94078 1.39134 1.95849
1.65997 0.92078 1.80283 0.78648 1.72135 1.13428 1.09579 0.85111 0.77340 0.83031 0.56188 1.90487 0.57347 1.68704 1.57519 1.06763 1.07616 0.83531 0.59260 1.79162 1.39093 0.93293 0.60449 0.90613 1.82862 1.50942 1.36669 0.63789 0.69527 1.95561 1.66285 0.59887 1.45161 1.26530
0.82759 1.73288 0.99042 1.84691 1.48626 0.91142 1.73040 0.98366 1.15212 0.93274 1.01917 1.41336 1.12437 1.62677 0.96254 1.06126 1.41058 1.13210 0.79117 1.18356 0.59312 1.37829 1.34086 1.49789 1.47549 1.84704 1.29963 0.71065 1.74829 1.24104 1.56936 0.51271 1.24006 1.55268 1.77170
0.78638 1.96235 1.33419 0.50663 1.47602 1.41399 0.63484 1.59993 0.50252 1.93599 0.59458 1.71361 1.00304 0.92859 1.84271 1.79452 1.68942 1.82837 1.52899 1.51219 1.15596 0.68050 1.27000 1.27646 0.90396 1.59645 1.33791 0.61881 1.61664 0.98825 1.11462 1.13930 1.16174 0.62853 1.30137 1.54688
0.56901 0.85945 1.43348 1.71156 0.99225 1.96645 1.56647 0.90930 1.32680 0.81373 0.62031 1.45618 1.04858 1.32020 0.83456 1.75868 1.95270 0.60774 0.50147 1.34666 1.92984 1.36637 1.01244 1.03152 0.55606 1.96304 1.13914 1.77386 1.33688 0.67863 1.84834 1.22547 1.52690 0.80222 1.88187 0.78802 1.96037
1.29130 1.33715 0.79721 0.99159 0.71230 0.98598 1.80142 1.49403 1.82237 0.71665 1.31365 1.14154 0.93946 1.11359 0.78820 0.60875 0.95795 1.30133 0.55110 1.76007 1.73102 1.47938 0.87016 0.50109 1.45975 1.64861 0.52009 1.53350 1.47907 0.68697 1.88563 0.54729 1.06360 0.96557 1.01384 1.56635 1.76643 1.01321
1.44059 0.67680 0.82091 0.97157 0.80125 0.75506 1.04334 1.04964 1.05914 1.56896 1.57596 1.39792 0.91411 0.77752 0.93990 1.52490 1.83356 1.20932 1.95020 0.75132 1.31032 1.68222 1.75951 1.96678 1.56734 1.07641 1.06935 1.64502 0.64526 1.64305 1.03457 0.51538 1.52615 1.54964 1.56854 1.66677 1.86318 1.53030 1.41199
1.12043 1.77515 1.52467 1.98396 0.69671 1.03460 1.21818 1.79920 0.63450 0.67461 1.12870 1.14051 0.85977 1.44968 0.98158 1.06639 1.02090 1.49031 1.03485 0.55698 1.91615 0.70417 1.28420 1.29085 0.61906 1.15851 1.23722 1.21415 1.32648 1.11823 1.66389 1.56185 0.65290 1.31952 1.40497 0.55091 0.69165 0.68609 1.63170 1.26563
1.27031 0.97067 0.85782 0.85561 1.49560 1.92871 1.47975 1.85129 0.60510 1.58841 1.18570 1.80364 0.50676 0.94585 1.20246 1.44457 1.28220 1.35339 1.54876 1.77102 0.78562 1.41672 1.11882 0.98456 1.68697 1.37428 1.03222 0.89715 0.99039 1.64180 1.82918 1.89300 1.21129 0.94339 1.12636 1.44690 1.68787 1.26355 1.07353 1.15157 0.99968
0.88712 0.51995 0.75519 1.33060 1.65985 1.47043 0.63173 0.74592 0.98083 1.23318 1.99404 0.93018 1.78746 1.43890 1.51220 1.49756 1.18257 1.23131 1.19401 0.88427 1.62109 1.40845 1.37264 1.56066 1.31691 1.84230 0.76747 1.20916 0.85351 0.61997 0.76731 1.86985 0.94968 1.41957 1.63305 0.77412 0.67865 1.05119 0.77952 0.95200 0.62953 1.89810
0.61876 1.72752 1.25746 1.72612 0.50563 0.74511 0.71138 0.89354 1.22114 1.98146 1.90073 1.94185 0.89843 1.71794 1.19498 0.69572 1.28493 1.20698 1.96296 0.73944 1.41259 0.68866 0.92696 0.63423 1.28029 1.58902 0.61295 1.89613 1.05595 1.47662 1.11434 1.27248 1.17420 0.70201 0.50696 1.21238 0.64262 1.84565 0.87085 0.63491 0.93354 0.82163 1.73842
1.53006 0.50143 1.69965 1.24526 1.94800 1.11289 1.02317 0.93691 1.73113 0.65772 1.40229 1.43171 1.35204 1.10619 1.52966 1.60963 1.22417 1.75554 1.41755 1.71621 1.95576 1.03814 1.64831 0.79390 1.78685 1.53856 1.49309 1.58842 1.38501 0.92813 1.04821 1.52418 1.93654 0.67204 1.83171 1.71755 0.69661 0.59342 0.90805 0.99395 1.75443 1.99622 0.55558 0.73252
1.91310 1.09866 0.59268 1.53017 0.72736 0.92151 0.60167 1.77445 1.39138 0.79588 1.14340 0.84560 0.89048 1.25011 1.26809 0.75018 0.85684 0.64693 0.51865 1.21199 0.66975 1.53146 1.22533 0.72195 0.56392 1.51837 1.38566 0.74452 0.74047 1.38888 1.99733 1.62664 1.16278 1.71698 0.89550 1.50830 1.37581 1.52374 1.03455 0.78707 1.91131 1.88882 1.34381 1.02995 1.39260
0.85628 1.35960 0.60446 1.75039 0.84973 1.81880 0.87206 1.27819 1.27463 1.88052 1.72902 0.82577 1.16372 1.58860 1.46100 1.11636 1.00782 1.45648 1.73164 1.45097 1.54473 1.17023 0.57063 1.77073 1.86668 0.52743 1.72726 1.49636 1.37936 1.76399 1.63146 0.70376 1.47027 1.42704 1.46117 0.61769 1.26492 1.36975 1.44893 1.85728 1.16936 1.96730 1.50609 1.51520 1.33707 1.65122
1.53818 0.58080 0.93004 0.80624 0.63447 1.04479 0.98071 1.84289 1.60680 1.08525 1.82086 1.27461 1.34881 0.67906 1.89733 1.34624 1.93082 1.29394 1.50807 1.02174 1.59027 1.39985 1.92173 1.67187 1.26452 1.34590 1.81842 1.96447 1.01850 1.17478 1.32290 0.77897 0.73617 1.27764 0.87608 1.18946 1.82098 1.29366 1.95411 1.20058 1.90008 1.45910 0.76526 1.63792 1.22435 1.37256 1.20428
1.63308 1.16178 1.82975 1.83036 1.52768 1.84235 1.51846 1.20944 1.75864 1.01620 1.32346 1.23349 1.87898 0.60378 1.68695 0.63880 1.79247 1.78811 0.66057 0.59377 1.78897 1.51047 1.18494 1.95635 1.59328 0.98361 1.03981 0.94898 0.76075 0.89377 0.94997 0.79859 1.31515 1.31409 0.91386 0.82916 1.56856 1.73351 1.38686 1.13947 1.91717 1.71217 1.03145 1.74038 1.77473 1.76098 1.74089 0.75905
1.00205 1.79630 0.90622 1.39856 1.45255 1.15715 0.79198 1.41273 1.48123 1.69353 0.92267 1.23251 1.16499 0.85966 0.69314 0.72986 1.38619 1.03779 1.93425 0.77210 1.27227 1.15869 0.69806 1.07242 0.72428 0.63082 1.70331 1.49485 1.41703 0.99295 0.53096 0.97131 1.06176 1.24708 1.78539 1.63854 0.63399 1.55403 0.67646 1.30987 1.03922 1.25449 1.46084 0.57394 1.66334 1.51588 1.82190 1.64676 1.37218
1.86451 1.87602 0.57782 1.65799 0.52798 1.96642 0.92023 1.12226 0.84880 1.60295 1.97526 0.57317 1.88011 0.57607 1.73629 0.81368 1.52376 1.58027 0.71518 0.73301 0.60860 0.76678 1.61244 0.95443 1.22600 1.31904 1.32007 0.68220 1.50611 0.80247 0.86107 1.98915 0.53111 1.06303 0.54750 1.03991 1.79165 0.57902 1.68952 1.27551 1.71278 1.36415 1.32800 0.69493 1.65316 1.55326 0.89182 1.62996 1.27931 1.46994
1.15755 1.85227 0.72861 1.85629 1.14088 1.47100 1.14855 1.47449 0.68947 0.81062 1.89536 1.35643 0.61460 1.67304 1.35175 1.32378 1.45186 0.82812 1.56750 1.67525 0.76692 1.57526 0.61408 0.97965 1.37867 1.14271 1.92836 1.86689 1.73959 0.59227 1.80269 1.77052 1.96997 1.17324 1.97930 0.83184 0.87604 1.49855 0.67211 1.63374 0.88139 1.80623 1.96472 1.00769 0.77539 1.31496 1.92466 1.62229 0.60145 1.60078 1.56217
1.39898 0.94408 1.78649 0.57735 0.86563 0.79356 0.80600 1.23577 1.78763 1.06556 1.23460 0.57944 1.89150 1.00817 1.88264 1.69679 1.71904 0.97126 1.78919 0.91152 0.86197 1.55716 1.82396 0.89787 1.01995 1.82036 1.74084 1.40043 1.60976 1.35054 1.72248 1.55897 0.54853 1.65485 1.83711 0.65383 1.18850 0.92664 1.70792 1.69047 1.26265 0.68295 1.76447 0.56187 1.11673 0.72561 1.31924 1.36747 1.56829 1.94385 1.85310 1.76469
1.47769 1.84177 0.85977 1.27794 0.85738 1.47423 1.77969 1.19622 0.50341 1.91058 0.59254 0.75942 0.62172 1.19501 0.85648 1.55524 0.82559 0.75714 0.57321 0.55281 1.40286 1.33659 1.94813 0.68486 1.67132 1.62292 0.63934 1.11420 1.37888 1.14595 1.71949 1.24676 1.19554 0.57563 1.76053 1.87885 1.35703 1.54686 1.25011 0.88130 0.68661 0.71888 1.61690 0.61076 1.92561 1.02244 1.76254 0.80767 1.60393 1.73145 1.46043 0.84896 1.43671
0.97358 0.94043 1.08039 0.86777 0.77511 1.88747 0.73098 0.68913 1.91678 1.90387 1.14353 1.83088 1.24498 1.14798 1.01057 0.99948 0.91221 0.61387 1.72338 0.90009 1.02375 1.94801 1.21119 0.81018 0.83587 1.22342 0.54479 0.61288 1.07864 1.66870 0.67832 0.96513 1.13375 0.82655 1.80605 1.52345 1.71477 1.01426 0.91256 1.91055 1.26925 0.79240 1.12034 1.74132 1.19236 1.72144 0.50023 1.81971 1.10579 1.39020 0.88323 0.57432 0.91453 1.87098
0.81185 0.98236 1.83716 1.76681 1.09815 1.69927 1.76912 1.73296 1.52439 1.02593 1.18129 1.77140 1.27842 1.45522 1.19977 0.68692 1.56710 0.92918 1.63928 1.02084 1.23393 1.93666 1.13622 0.82290 0.90415 0.96209 1.23695 1.97788 1.29728 1.93088 1.69997 1.15915 0.65132 1.14991 1.29802 1.86050 1.59035 0.70592 1.54987 0.94763 1.38261 1.29507 1.58103 0.53912 1.39890 1.37035 1.81594 1.27308 1.15083 1.64221 1.33216 1.41350 1.09068 0.92693 1.74939
1.99804 1.27233 1.25290 1.43526 1.23918 1.03865 0.51105 1.46077 1.48166 1.46232 1.27342 1.39077 1.76061 1.63093 1.29291 1.97345 1.23683 1.99789 0.68598 1.57696 0.97913 1.11790 1.52156 1.97012 1.87956 1.18575 1.19699 0.96915 1.37586 1.14381 0.54409 0.73613 1.14070 1.39786 0.73898 1.42671 1.79028 0.78525 0.79778 0.70978 1.54874 0.51376 0.95146 1.98625 0.98940 1.77143 1.34492 0.89326 1.83997 0.74635 1.88177 1.00224 1.49875 1.42866 0.89232 1.01028
0.96801 1.92871 0.91676 1.39927 0.95149 0.75256 1.51794 1.21067 0.85597 0.67284 1.79077 1.65999 1.87370 1.49941 0.51210 1.81746 1.39016 1.11499 0.81203 0.52967 1.62102 1.77390 0.55306 1.14646 1.42223 1.62720 0.71980 1.60017 1.92194 1.76224 1.73462 0.53226 0.61311 1.09394 1.86175 1.50232 1.03789 1.12845 1.90434 0.68698 0.76179 1.69487 0.54969 0.87058 0.60106 0.55656 0.72516 1.37348 0.77498 0.55293 1.68653 0.54107 1.13373 1.51333 0.74897 0.60689 1.23340
1.69286 1.13584 0.89352 0.95851 1.38776 1.29960 0.76969 1.62794 1.44669 1.45032 1.36438 1.56478 0.51714 1.62335 0.81407 1.63395 1.62300 1.49449 1.13432 1.84161 1.66846 1.95391 1.01088 1.36811 1.70490 0.63206 0.56155 0.92201 1.95277 1.16206 0.63414 1.66191 0.52335 1.48166 0.65764 1.93889 1.09557 1.62728 1.29712 1.13612 1.32711 1.44662 1.87896 0.51146 1.13100 1.14337 0.71283 0.60957 1.49009 1.05928 1.48284 1.47601 1.06679 1.88346 1.93262 1.59476 1.72951 0.95370
0.80742 0.79374 1.55914 0.84616 1.13694 1.03430 1.33457 0.86198 1.99896 1.74489 1.38010 0.73951 1.28318 1.46105 0.72139 0.61418 1.34161 1.52635 1.91583 0.89163 1.97493 1.93179 1.91006 1.66384 0.70164 1.58398 1.38873 1.43537 1.18393 0.51504 1.52187 1.66417 1.93737 0.71732 1.45316 1.15989 0.87801 0.98011 0.67840 1.85940 0.92347 0.91582 1.44661 0.54604 0.61172 0.68995 1.55755 1.85598 1.30644 0.83028 1.73665 1.25669 0.73873 1.51490 1.26259 1.42956 0.61117 0.71689 1.80114
1.17106 0.70765 1.79770 1.15754 1.39116 1.59383 1.30495 1.54265 0.92414 1.50807 0.69882 0.70562 1.08354 0.81684 1.52040 1.16391 1.05896 0.56812 1.23088 1.23525 0.54202 1.53006 1.87679 0.86477 1.54567 0.99493 1.58205 1.48078 1.86523 0.50456 1.31854 1.29303 0.67379 0.66876 1.25875 1.94387 0.94579 0.53183 1.78127 1.89088 1.35060 1.44477 0.76083 1.85146 1.07891 1.10567 0.95711 0.81615 0.88844 1.78456 1.57132 1.06359 0.76996 1.70869 1.05840 1.93277 1.24584 1.69181 1.46113 1.34455
1.81672 1.37808 1.62228 1.96121 1.57054 1.49876 0.60312 1.64397 1.51250 1.14061 1.95195 1.82037 0.59187 0.75269 1.29549 1.90478 1.53380 0.93608 1.91381 1.40108 1.46498 1.95824 0.88842 1.51142 0.66971 0.55961 1.08965 1.55058 0.81860 1.72372 1.22695 1.00075 1.28730 0.90876 0.55979 1.44547 0.57869 0.76938 1.13812 0.51383 1.57009 1.38182 1.28665 0.61039 1.85808 1.14413 0.99804 0.61479 1.26353 1.05792 1.27737 1.99926 0.82943 1.62844 1.23371 0.99513 0.67305 1.44296 1.49622 0.75060 0.77431
0.80634 1.01083 0.89976 1.68097 1.51190 1.59939 1.48206 0.68642 1.29802 1.61505 1.33686 0.91626 1.66593 0.72813 0.77859 1.69277 1.78974 1.90180 0.96463 0.66665 1.71422 1.17160 0.84928 0.91563 0.94148 1.14924 1.36659 1.99557 1.53923 1.66588 1.06252 1.34383 1.13699 0.95854 1.85871 1.51827 0.60749 0.51701 1.55865 1.14059 1.67546 1.09263 1.91834 1.15825 0.85242 0.96678 1.98054 1.24522 1.01080 0.90847 0.86602 1.99296 0.57201 0.96435 0.74580 1.42627 1.28377 0.80837 1.97750 1.72126 1.29907 0.51785
1.86275 0.85865 1.61755 1.29238 1.74072 1.14406 0.94226 1.73436 1.73098 1.77490 0.92883 1.68115 1.12561 0.67872 1.26441 1.25865 0.76692 1.58106 0.66406 1.95580 1.39081 0.79586 1.49469 1.95169 1.87450 1.56166 1.01266 0.60227 0.81779 0.74919 1.01014 0.73835 1.21145 1.56709 1.93785 0.79821 1.42184 1.04902 0.61444 1.69800 0.93622 1.38550 1.58247 0.53289 1.09165 1.88262 1.76555 0.73404 1.72507 1.93705 1.46555 0.54517 1.00050 1.48394 0.86470 1.80410 1.95486 0.80796 1.45851 0.53210 1.66162 1.87159 1.33295
1.31592 0.66143 1.85307 1.00916 1.35462 1.86673 0.58792 0.94091 1.50677 1.32524 1.36190 1.72392 0.64774 0.86434 1.78589 0.80288 1.44450 1.96443 0.75629 0.65706 1.28818 1.27963 1.22485 1.53996 1.47707 0.60919 0.72954 1.41310 1.02977 0.60320 0.56876 1.14690 1.69625 1.34092 1.09517 0.64934 1.88871 1.87133 0.86947 1.28742 1.65136 1.68116 1.21964 0.64008 0.60212 0.87810 1.44103 1.37379 0.58927 0.94729 0.78393 1.23467 0.81702 1.86691 0.67856 1.79561 1.18804 0.64563 0.92946 1.77315 0.56568 1.42487 1.61643 1.77076
1.42483 0.75177 1.84582 1.09274 1.98520 1.29072 0.51031 1.34947 1.84601 1.98364 1.19821 1.22411 1.47392 1.54819 1.74229 0.51561 1.26626 1.89087 0.98138 0.96799 1.22376 1.08949 0.68665 1.54419 1.07858 0.52793 1.37613 1.05987 1.54643 1.15849 1.88790 1.33104 1.48277 0.61989 1.10312 1.64990 1.33924 1.09506 0.78529 0.73168 0.82561 1.50771 0.94637 1.66306 0.90509 0.59758 1.66915 0.93390 1.44252 1.37344 1.31127 1.57502 0.57783 1.77213 1.13309 0.94313 1.37227 1.25434 1.36162 1.02493 1.00114 1.10397 1.95881 0.79471 1.45359
0.85766 1.82280 0.52973 0.71693 1.51851 0.69835 1.64976 1.11203 1.33299 1.01753 1.77998 1.19190 0.58900 0.87680 1.89052 0.53232 0.80745 1.20848 1.64215 1.47313 1.80239 1.83303 1.21114 1.98451 1.53248 1.90403 1.96558 1.68149 1.96044 1.43931 1.03246 1.14609 1.72338 0.73618 1.35456 0.68023 0.64405 1.67859 0.83337 1.19378 1.59483 1.12650 1.83280 0.66400 1.95485 1.53310 1.27274 0.82551 1.06309 0.77532 1.49375 0.81691 1.62488 0.73631 1.74805 1.79550 0.82556 0.90234 1.78175 1.86273 1.58483 1.06432 1.72594 0.61117 0.81544 1.34310
0.50031 1.17690 1.53218 1.81225 1.92806 0.85122 0.88256 0.79307 1.06096 1.81595 0.78734 1.31661 1.48832 1.10825 1.73610 0.52351 1.20944 1.56916 1.23744 1.38145 0.92380 1.61066 1.54624 1.38109 1.83620 0.61573 1.89321 0.84532 1.21850 1.29373 1.09696 1.92461 1.63806 0.63695 1.10703 1.33510 0.99821 1.88959 1.89400 0.77381 1.96305 1.50207 1.73637 1.20086 1.04341 0.63332 1.53631 1.95640 1.41093 1.35815 1.07869 0.51341 1.26566 1.03246 1.55002 1.48911 1.57195 1.86871 1.20724 0.66026 0.94349 1.85596 0.65541 1.34252 1.43447 0.99654 1.65665
0.87108 0.57332 0.97302 0.65767 1.68589 0.67584 1.85944 1.16867 1.88467 0.57486 1.18297 1.96026 1.68532 1.98647 0.84741 0.69658 0.67853 1.58318 1.18667 1.27164 1.96675 1.84494 1.33708 0.97745 1.31960 0.86249 1.73248 0.98514 1.33513 1.95366 1.08231 1.65483 0.82748 1.50280 0.59678 0.77310 1.28191 0.53663 1.74904 1.00726 1.29918 1.61772 1.25341 0.57638 1.47904 1.57748 1.96665 0.84169 1.23197 1.74150 1.94518 1.14609 1.11856 1.40932 1.18794 1.73366 0.82957 1.31930 0.93739 1.79127 0.92513 0.94181 0.52414 1.25929 0.79102 1.76273 1.60446 0.63000
0.82456 0.56202 1.99416 0.64222 0.60657 1.90761 1.86091 1.41827 1.65430 1.20950 1.96757 1.92113 1.00199 1.09650 1.98511 0.99347 1.97187 1.04290 0.67617 0.89072 1.87420 0.72387 0.87681 0.91234 0.86668 0.92440 1.55140 1.92874 0.75661 0.90826 1.87489 1.62981 0.69091 1.19123 1.08263 1.53242 0.97696 1.52681 1.97719 1.86229 1.48765 1.31770 1.41125 0.51213 0.54545 1.58730 0.70475 1.07036 1.51036 0.86532 1.38790 1.00835 1.06347 0.94923 1.45341 0.95377 1.29515 1.84357 1.10609 1.61682 1.07002 0.75830 1.91723 1.74486 0.76542 0.85236 0.73186 1.05081 1.57522
0.79292 1.98800 1.30249 0.88111 0.52843 1.70983 1.82927 1.04784 1.34258 1.44665 1.77779 1.66018 1.43912 1.19568 0.73647 1.80041 0.82875 1.40082 1.11146 1.70115 1.12225 0.75381 1.17554 1.57056 1.53578 0.63910 0.60194 1.96928 1.91795 1.11249 0.58957 1.56136 1.16859 1.13208 1.23784 1.74276 0.88962 1.34116 1.80388 1.67394 1.74690 1.72518 0.57644 1.56978 1.54503 0.80985 0.68133 1.33572 0.99195 1.45144 1.54363 0.83056 0.66199 0.52555 0.80164 1.19405 1.75481 1.19284 1.07751 1.12439 1.77663 1.12374 1.38482 1.52529 0.90579 1.91716 1.68941 1.36213 0.75643 0.89454
1.51307 1.53223 1.75818 1.92866 1.18364 1.76711 0.58889 1.51325 1.75187 1.45999 1.31140 0.80332 1.42296 1.31235 1.60002 0.89516 0.77130 0.76717 1.02690 1.70421 1.19700 1.43626 0.96898 1.99808 1.72387 1.98018 0.71682 0.78798 1.46665 1.45458 0.94598 1.69297 1.40748 1.15696 0.96973 1.90677 1.68031 1.89519 0.51777 0.70506 1.50396 1.90256 0.74838 1.93733 1.26297 1.07229 1.32160 1.50619 0.71307 1.79989 0.90202 1.94802 0.63550 1.45117 1.35593 1.01707 1.59693 1.42891 1.88764 1.71281 1.28279 1.16390 1.04582 1.76854 1.49512 1.05852 0.54599 0.93974 1.15545 1.23747 0.64527
1.92395 1.07714 0.81678 0.77811 1.04870 1.85930 0.60994 1.81060 1.41676 0.84686 0.93214 1.23118 1.93491 0.57748 0.64490 1.26458 1.91634 0.85800 1.91682 1.52846 0.67552 1.63387 0.55340 0.64800 1.43383 1.79066 0.70395 1.57390 0.81793 0.97700 0.81737 0.61591 1.30268 1.89513 1.48138 1.58909 1.29095 1.55989 1.66957 1.12413 1.61184 1.53563 1.86942 0.75022 1.30114 0.78492 1.41666 0.94537 0.88474 1.75105 1.37281 0.78341 1.09870 0.80007 0.77103 1.31619 1.04035 1.19054 1.54882 1.11387 1.99951 1.65653 1.42959 0.62646 0.58771 1.55323 1.94735 1.94870 1.91515 1.31164 0.73007 1.56398
0.62615 1.58838 1.21411 0.66631 1.48659 1.90264 1.08857 1.21568 0.75643 0.68758 0.57617 1.07900 1.53416 0.71604 1.28636 1.79471 0.79343 1.39344 0.77469 1.55173 1.94726 1.55707 0.73912 0.84271 0.63240 0.95016 0.85166 1.84330 1.29910 0.62538 1.72188 0.99236 1.32364 1.04437 1.45847 0.78054 1.62870 1.87459 1.33270 1.68159 1.25094 0.63519 0.61221 0.69676 1.16321 1.22679 1.54142 0.53453 1.78145 1.08741 1.62083 1.69626 0.72236 1.12501 1.65019 0.64734 0.73184 0.57322 1.36990 1.89200 0.60502 1.55048 1.76058 1.08500 0.60779 1.03553 1.98393 1.14223 1.80815 0.73878 1.42771 1.73175 0.78950
0.61231 1.02373 1.38866 1.18525 0.68335 1.10963 1.24848 0.76947 0.74010 1.80750 1.26333 1.69736 0.79195 1.10602 1.37621 0.60400 1.54953 1.59070 1.23397 0.95346 1.75020 0.99669 1.04598 0.55051 0.57571 0.84132 1.07451 1.54278 1.96171 1.82847 1.83822 1.72388 1.43212 1.23445 1.21331 1.74494 1.25649 1.48549 1.63920 0.69428 0.53286 1.81193 1.99736 1.61595 0.54010 0.64175 1.34446 1.24015 1.73128 1.61014 1.14417 1.50559 0.85648 0.57982 1.96174 1.23279 1.67359 1.40498 1.22435 1.19767 1.00326 1.99144 0.79376 1.01574 0.83746 1.66761 0.95794 1.84952 0.53684 1.89349 0.87918 1.46685 0.60102 1.59062
0.86646 1.68552 1.81024 1.73094 0.80396 1.61598 1.31078 1.55136 1.34526 1.38042 1.13569 1.97780 1.42647 1.34430 0.54687 1.33974 1.85935 1.39379 0.78219 1.47855 0.74656 1.75079 0.62080 1.95159 1.72046 1.20176 0.51238 1.58210 1.05647 0.80985 1.31501 1.76904 1.20833 1.71580 1.49043 0.76964 0.54324 1.96869 1.25056 1.41233 1.56538 1.63882 1.31418 1.53548 1.42413 1.19213 1.00490 1.43950 1.73747 0.59269 0.98884 1.49441 1.37504 0.57766 1.49612 1.85567 1.97186 1.31536 1.19640 1.29301 0.96294 0.64403 1.68948 1.51488 0.53051 1.89188 1.21116 1.65916 0.64019 1.95689 1.63793 0.92147 1.74731 0.60864 0.90066
0.54418 1.31236 1.16659 1.87107 0.55454 0.76025 1.65848 1.93315 1.79489 1.21955 1.93513 1.64219 1.35654 1.11478 1.06383 0.62914 0.92168 0.77924 0.76576 1.39737 1.20597 1.09405 1.30662 0.63483 1.59196 1.06982 1.77636 0.92258 1.72389 1.03399 1.65632 1.36150 1.36232 1.85913 1.97294 0.76643 1.04622 0.58474 1.99402 1.57937 1.42198 1.50589 0.97008 0.62406 0.56903 1.07985 1.15288 1.87255 1.36201 1.36860 0.83357 1.12819 1.50557 1.21327 1.65523 1.78548 1.33060 0.89212 1.28467 1.46649 1.98783 1.15233 0.66221 0.90789 0.68938 1.26159 1.91187 1.19761 1.58543 1.95846 1.37813 1.41992 1.44314 1.51970 1.11628 0.77069
1.62280 1.59187 0.61161 1.14484 1.95141 0.60044 1.01735 1.09847 1.34998 1.74536 0.60462 1.46583 1.62942 0.65573 0.54580 1.19681 0.86276 1.07096 1.24708 1.77868 1.39002 1.93140 1.78096 1.02475 1.47093 1.93327 0.94659 0.66391 1.85801 1.24259 0.87732 1.88760 0.73996 0.54541 1.83841 1.27594 0.66838 1.10101 1.17447 0.73455 1.91293 1.03277 1.58577 1.56217 0.58500 1.19648 1.13648 1.44635 0.97926 1.37520 0.97050 0.53105 1.77395 0.83419 1.78120 1.15875 1.00167 1.58232 1.90203 1.36204 1.16383 0.63829 1.37036 1.33266 1.93255 1.30669 0.50377 1.05030 1.30221 1.17990 1.79503 1.33091 1.10249 1.08957 1.32868 0.57905 0.66404
1.15908 0.50941 1.42360 0.98167 1.49928 1.80910 0.54763 0.89917 0.64988 1.40965 1.35947 0.77427 1.36080 1.44558 0.60378 1.42413 0.87306 1.82647 1.90410 0.87882 0.96778 1.38897 1.08124 1.08125 0.59790 0.64264 0.93639 0.96656 1.28063 0.68652 0.51740 1.19612 0.66480 1.76546 0.83444 0.74861 1.55551 1.67222 1.94735 1.48745 0.53191 1.79438 1.58713 1.67751 0.89513 1.08243 1.39286 1.64879 0.76368 1.30655 1.19830 1.11572 0.83340 0.99599 1.46019 1.41121 0.75095 0.59828 0.81796 1.33037 1.86735 0.86851 0.53122 1.32090 0.97714 1.62745 1.28299 1.08059 1.62815 0.54573 1.22699 1.30378 1.27154 1.51221 1.21767 0.66799 0.82385 1.59193
1.06333 1.88485 0.57743 1.65626 1.87173 1.67365 1.26731 1.32640 1.14469 1.73167 1.75815 0.62864 1.35632 0.60659 1.36614 0.75165 1.36625 0.93424 1.99995 0.63877 1.71825 1.18216 1.19780 1.48101 1.88411 0.72358 1.67498 1.42953 1.59824 1.92445 1.33782 1.91425 0.51424 0.51178 0.99051 0.67104 0.54666 1.77326 1.66250 0.83086 0.60380 1.96753 1.76454 1.26439 0.98280 0.58531 1.70643 1.40029 1.91069 0.53230 0.79585 1.28776 1.86505 1.14328 0.81996 1.53510 1.00767 1.44143 1.46953 1.22074 1.01825 1.04798 1.51268 0.67996 1.39883 1.99723 1.75770 1.36978 1.22799 0.51706 0.61136 0.90148 1.94939 1.11076 0.92350 0.60202 1.53485 1.21549 0.61301
1.98675 0.82400 1.98446 1.11530 1.61665 1.84728 1.35835 1.26065 1.86002 1.20645 0.92266 1.05896 0.57497 1.42704 1.11854 0.97245 0.54824 1.54165 0.83988 1.73617 1.64110 1.85470 0.97212 0.52575 1.12205 1.01974 0.55698 1.06766 0.78403 1.58374 1.55784 1.73506 1.29853 0.56797 1.67217 0.56437 1.81139 1.63184 1.68199 0.55300 1.12373 1.62185 1.59020 1.25764 0.83666 1.30345 1.62183 0.95763 1.84422 1.05639 1.45803 1.63789 1.98954 1.77461 1.26033 1.94835 1.03135 1.25723 1.31507 1.95141 1.98003 0.95826 0.89687 0.62130 1.60708 0.89376 1.78423 1.00441 0.58706 1.30711 0.87651 1.63842 1.20814 0.87514 1.36490 0.95931 1.37847 0.82847 0.66925 0.76002
1.19434 0.97795 1.55689 0.64776 1.90102 1.42306 1.90866 1.29083 1.25948 1.40845 0.74553 1.75735 0.54427 1.88777 1.00598 1.77301 1.05112 1.45535 1.70693 1.95226 1.40216 1.05705 1.35857 1.19967 0.69694 1.95624 1.56450 0.61665 1.69207 1.77294 1.57851 0.61150 1.97919 1.19327 0.98410 0.79992 1.48139 1.64456 1.65611 1.10962 1.34074 1.30049 0.70127 1.11213 1.01114 0.96181 1.41799 0.98431 1.25413 1.53502 0.65718 1.08640 1.13881 1.78295 1.61711 0.61322 1.93248 0.98204 1.59048 1.20790 1.25721 1.12298 1.22286 0.96375 0.62007 1.46813 1.80569 1.68020 1.16368 1.12023 1.76807 1.76963 1.10389 0.65611 1.64220 0.68400 1.06819 1.94507 1.62277 0.77790 0.57493
0.96674 1.64595 1.32495 0.81397 1.21529 1.73932 1.23466 1.72143 1.66525 1.87613 0.76109 0.82976 1.30467 1.53845 1.23862 1.98460 0.57596 1.75687 1.10566 0.65402 1.91420 1.21383 1.79327 1.71074 1.95553 1.15661 1.03453 1.34582 1.54221 1.11276 1.79486 1.39668 1.47222 0.66887 1.81830 1.82089 0.52705 1.11576 1.49277 1.54758 0.50889 1.48364 1.62385 0.61657 0.91560 1.25614 1.98163 0.76338 1.64255 1.41449 0.57843 0.70347 0.72588 1.56462 1.63527 0.76155 1.70757 0.84446 1.71735 1.99566 0.59899 1.73563 0.86044 1.93839 1.35972 1.87118 1.28978 0.72180 1.80581 0.96677 1.86093 1.95949 1.56513 1.74722 0.74788 1.51937 1.53116 1.85442 1.66716 1.09284 1.83008 1.75142
1.29688 1.08238 0.86001 1.84242 1.14333 0.57388 1.61589 1.58465 1.98698 1.87084 1.81872 1.84099 1.32778 1.85859 0.72452 1.11971 1.01107 1.48920 1.45170 1.66044 0.71909 1.62508 0.86126 1.13230 1.77170 1.82018 0.67900 0.71373 1.74152 1.98706 0.63596 1.26103 1.71915 1.43647 0.88619 1.53017 1.30252 1.57844 1.39157 1.31791 1.41245 1.08950 1.75216 0.89749 1.93291 0.92613 0.76922 1.79714 1.64285 1.67819 1.42428 0.72666 0.94455 0.81626 0.79811 0.66819 1.30170 1.77431 1.73932 0.80803 1.10175 1.64137 1.72455 1.71990 1.48410 0.50189 1.37466 0.61596 1.92982 1.68217 1.16806 0.61482 1.38641 1.24631 0.78839 1.12014 1.33481 1.37009 1.41627 0.54753 1.94159 1.27496 0.85360
1.81247 0.86580 1.65880 1.12447 1.69171 1.02421 0.79284 1.03113 1.42584 0.85120 0.63653 1.51828 1.08349 1.77364 1.08713 1.26091 1.69876 1.86688 1.96420 0.86005 1.06228 1.95013 1.02033 1.46290 0.75336 1.27430 1.47989 1.45946 1.92515 1.41139 1.06855 1.88424 1.71181 1.18204 1.27017 0.53360 1.81317 0.69441 0.98189 1.54261 1.19039 1.51236 0.56293 0.66919 1.31109 0.79939 1.72243 0.97885 1.46403 1.35549 0.54888 1.22648 1.56409 0.98353 1.23385 1.43259 1.19895 1.53973 1.22768 1.90578 1.33467 1.52081 0.79007 1.61544 1.63971 1.21936 1.32716 1.74715 0.86425 1.87923 1.06718 1.55198 1.41923 0.98697 1.59505 0.78977 0.67753 1.38850 1.20308 1.06118 1.97635 0.99690 1.37714 1.00566
1.95916 1.57501 0.79499 1.01334 0.64444 1.49626 1.41704 1.89315 1.43026 1.11166 1.87946 0.67173 0.65385 1.21495 0.94255 1.69518 0.76624 0.84586 1.68391 1.47735 1.56686 0.92994 1.93669 1.29198 1.79881 1.71912 1.66990 1.14271 1.80172 1.26306 1.41472 0.72891 0.94979 0.62709 1.72582 1.38103 0.57078 0.73155 1.38427 1.76888 1.06729 1.71674 1.76949 1.63249 0.56996 1.32472 0.88325 0.69534 1.33127 1.08041 1.53661 1.90549 0.93997 1.95600 1.39713 1.75995 1.33334 0.82155 1.15629 1.43340 1.97704 0.82256 1.65731 1.66375 1.03407 1.18266 1.96468 0.73338 0.73761 1.32209 0.64621 0.90707 0.55185 1.80556 1.75831 1.04871 0.89249 1.69523 0.96174 0.98459 1.95174 1.97780 1.85828 1.28417 1.41723
0.58977 1.53341 1.92625 1.47649 1.96569 0.53185 1.99449 1.44427 1.41025 0.91294 0.56029 1.17460 0.88210 1.81264 1.08751 1.81007 1.68695 0.89617 0.52408 1.49196 0.98658 1.99055 1.55990 0.67653 0.63407 1.51603 0.67774 1.51458 1.71943 0.55644 1.49299 1.07037 0.69406 1.19313 0.69984 1.03101 1.51925 1.15262 1.26631 1.21788 0.96168 0.82152 1.29980 1.02363 1.41669 0.74054 1.46884 0.52770 1.42067 1.61027 1.47009 1.99681 1.46377 1.36149 1.41689 1.97360 0.73509 1.52414 0.55923 1.63871 1.93924 1.38193 0.77717 1.02413 1.62195 1.24956 1.91544 1.83343 0.74223 1.77692 1.24181 0.65406 1.59404 1.54150 0.77932 1.39152 1.82707 0.52190 0.56041 1.70067 1.44067 1.61286 0.96416 1.96183 1.52476 1.83884
1.35753 1.23787 1.30937 1.22328 0.75001 0.71635 1.66935 1.51090 0.76961 1.51573 1.43684 0.78576 1.02104 1.41224 0.85193 0.77553 1.94089 0.99985 1.78567 0.62794 1.76331 1.96417 0.56616 0.81150 0.94337 1.91482 1.69367 1.34634 0.74488 0.78414 1.61659 1.75343 1.83972 0.90943 1.70088 1.22965 1.65937 1.27757 1.24061 0.85667 1.56600 0.56958 1.98411 0.97093 0.86529 1.03465 0.71101 1.44428 0.94095 1.05565 0.73076 1.85515 0.74727 1.55332 1.35592 1.63265 0.81303 1.04208 0.52180 0.78294 0.89775 1.96434 0.65631 1.33317 1.10701 1.64154 1.89065 1.86833 0.80584 1.53282 1.27148 1.19403 0.85039 1.98410 1.04809 1.80200 1.11333 0.56750 1.54881 0.72998 1.60537 1.17284 1.92433 1.94869 1.11083 0.75810 1.33503
1.89706 1.00760 1.50059 1.24187 1.37591 0.83329 1.84142 1.43191 0.97733 1.24348 0.99885 1.07757 1.67885 1.87251 1.62180 1.31233 1.93518 1.72346 1.59328 1.91429 0.69566 1.05000 1.15782 1.46055 1.32443 1.45450 0.68838 0.62495 1.02519 0.99693 1.17930 1.31783 1.25302 1.79433 1.84217 0.51678 1.59667 1.92044 0.84084 0.54076 1.17286 1.49130 1.87886 0.64706 1.67729 0.81449 1.54470 1.05684 0.86147 0.97978 0.83011 1.40922 1.05293 1.26298 1.99009 0.98915 1.89945 1.34612 0.65728 0.73044 0.89632 1.39245 1.58828 1.82536 0.63103 1.37288 0.76244 0.59785 0.96744 1.07573 1.62932 1.47959 0.71448 1.74436 1.05446 1.92148 0.83886 1.96888 1.39096 1.50305 1.70019 1.73094 0.71229 1.00886 1.99271 1.35542 0.61793 1.07108
0.84445 1.03243 1.72925 1.16286 1.02188 1.04919 1.36797 0.52024 1.26650 0.59664 1.12530 1.93246 1.78295 1.71731 1.89679 1.68755 0.98280 0.87193 1.11684 1.66275 1.16304 1.92327 1.26134 0.84554 0.71940 1.24106 1.87184 0.57824 1.78574 1.07429 1.70668 1.21901 0.94878 1.31700 1.13167 1.57276 1.80189 1.19016 1.85849 0.85625 0.69961 0.82013 0.60856 1.67313 1.70225 1.74550 0.86797 1.83932 1.99137 1.19484 1.96707 1.91547 1.45471 1.02564 0.83210 1.00124 1.59183 1.92660 0.53859 1.24889 0.63485 0.79524 0.93203 1.50727 0.92214 0.92287 0.78394 1.52577 0.94672 0.72173 1.13276 0.69822 1.15283 1.54514 1.24898 1.07399 0.94991 1.29068 1.24116 0.73147 0.99243 1.18353 1.35870 0.98824 0.66900 1.97511 1.07065 1.52592 1.72138
0.65244 1.07948 0.61345 1.65960 0.92595 1.14342 1.75909 1.61248 1.86712 1.13141 0.92212 1.95268 0.78212 1.09386 1.66737 0.96442 1.08735 1.22088 1.02832 1.84303 1.87431 0.56754 1.96216 1.67359 1.09423 1.36893 0.68289 1.30195 1.28109 0.78759 0.54109 1.26772 1.66069 1.39566 1.11221 1.64268 1.97128 1.47041 1.64468 1.91961 0.70423 0.84788 1.99469 1.53217 1.74615 0.69843 1.48649 0.98498 1.70400 1.51403 1.92271 0.65873 1.10692 1.24245 1.95313 0.84154 0.96597 0.89817 0.62827 1.86899 1.93069 1.19432 0.99493 1.69150 1.00694 1.93441 1.53188 1.77694 1.70984 1.82098 0.74966 1.96833 0.74783 1.02940 1.54076 1.16864 0.57461 1.73982 0.86268 0.81670 1.47101 1.13289 0.63866 1.81136 1.23115 1.04169 1.63745 1.11638 1.51679 1.90644
1.01455 0.70096 1.86146 1.32081 0.62387 1.08412 1.53833 1.60088 1.69880 1.90658 0.95327 1.71033 0.87731 0.99525 1.86466 1.07595 1.67066 1.05109 1.20601 1.06133 0.63686 1.15689 1.96383 1.85307 1.59593 1.58027 1.42572 1.57835 0.84555 1.79108 1.82834 1.87125 0.75990 1.68058 1.76661 1.43512 1.82805 1.24739 1.95166 1.36346 1.95283 1.48226 1.17470 1.20544 0.99454 1.03516 1.79972 1.76297 0.83652 0.58171 1.08344 1.64819 0.95400 0.72481 1.95465 1.00416 1.84963 0.53273 1.49608 1.64777 1.46934 0.81638 0.68511 1.71993 0.94735 1.19211 0.77020 1.90063 1.11917 1.02942 0.82559 1.66069 1.72484 0.87628 0.51681 1.48061 0.65942 0.50502 0.73298 1.16427 0.51865 1.40257 1.86724 1.77702 1.07394 0.62131 1.13308 0.56763 1.12100 1.31246 1.92390
0.93489 1.16824 1.97516 0.53771 1.01873 1.09833 0.88888 0.91340 0.63573 1.94559 0.51113 0.72613 0.60889 1.17785 1.77343 1.27622 1.96087 1.43687 0.62092 0.62904 0.63048 1.08787 0.95568 1.37822 1.95689 1.25613 1.25455 0.83041 1.47335 1.32801 1.42309 0.61359 1.63598 1.58040 1.65466 1.95877 0.53026 1.19446 0.78909 0.89278 0.66350 1.12680 1.44323 1.05777 0.64149 0.95933 0.78415 0.58359 1.32992 0.68993 1.97792 1.62283 1.14296 1.64508 1.19653 1.40852 1.63906 1.26965 0.82558 1.00445 1.49967 1.10760 1.24944 1.25431 1.39398 1.08844 1.32473 0.75928 0.78111 1.98097 0.77309 0.50740 0.98233 0.87138 0.58882 1.92913 0.64106 0.88108 1.95328 1.00641 1.71775 0.77797 0.87815 1.13955 1.30881 1.58508 0.86918 0.94491 1.77442 1.01114 1.77344 0.73760
1.13920 1.90695 1.95690 1.46104 1.34652 0.72518 1.66981 0.89369 1.26607 1.09950 0.64382 1.67823 1.58510 0.91707 0.93740 1.44468 1.86980 1.14227 1.43274 0.90474 1.10685 1.37406 1.20287 1.68604 1.27003 0.82205 0.60766 1.64452 1.43967 0.67081 0.52410 1.90920 1.82078 1.69693 1.62723 1.31391 1.95993 1.69816 0.64285 1.14549 1.87651 1.24710 1.35731 1.62871 1.63447 0.89325 0.94705 1.66017 1.36504 1.54825 1.03897 0.97852 1.82188 0.57597 0.60581 1.40120 0.61836 0.64817 1.18534 0.98660 1.85097 1.83194 1.32426 0.70361 0.82942 0.97042 1.62558 0.62725 0.82007 1.93516 1.51981 1.83854 1.11330 0.62224 0.95155 1.92293 1.67629 1.59538 0.99924 0.88541 1.48114 1.59461 0.91530 0.71496 1.30246 1.67262 0.58052 1.80135 0.82326 1.20973 1.12112 1.77086 1.17967
1.21730 1.53439 0.96402 1.30612 1.97425 1.39722 1.72634 1.49818 1.08024 1.34656 0.60132 1.05865 1.32984 0.69437 1.37395 1.63894 1.87837 1.40010 1.84326 1.44831 1.10431 1.73504 1.44516 0.69096 0.83427 1.88111 1.54419 1.19386 1.62411 0.59977 0.68463 0.75949 1.96328 1.88723 0.96184 0.98810 1.53974 1.05789 0.80507 1.18261 0.59140 0.96624 0.69725 0.65698 1.09330 1.70998 1.47362 1.45345 0.53553 0.62195 1.23748 1.69776 1.13089 0.69768 0.61900 0.58840 1.92024 0.59837 0.69656 0.72803 1.47915 0.72669 1.34999 1.77977 0.78589 1.27270 1.59191 1.97548 1.84115 1.60930 1.75801 0.57268 1.35582 1.39902 1.35206 0.56268 0.88420 1.38602 0.70644 1.67398 1.90305 0.74299 1.82091 1.75429 1.10553 1.54856 1.13979 1.64621 1.89489 0.92070 0.78164 1.76937 0.53670 1.07439
1.88431 0.53536 1.88553 1.04729 1.74265 1.17603 0.64620 1.36054 1.29779 0.71171 1.56270 1.69732 1.49695 0.58044 1.62018 1.02355 1.24054 0.89608 1.62481 0.59210 0.88996 1.84954 0.80996 1.94942 0.63610 0.62100 1.16730 0.98613 0.93443 1.12019 0.99606 1.06783 0.86512 1.60726 1.30981 1.29082 0.63788 1.88165 1.76698 0.71586 1.96219 1.36545 1.54040 1.92609 0.84301 0.95127 1.27809 1.16256 0.70244 0.80065 0.57795 0.72731 1.57211 1.17773 0.81786 1.54162 1.11963 1.33886 1.10334 0.62139 1.50714 1.64009 1.16979 1.14076 1.03667 1.07817 1.94692 1.06676 0.56867 1.51766 1.24243 1.69349 0.63624 1.83850 1.99743 0.74413 1.89972 1.08712 0.87441 1.48258 1.36645 0.65894 1.20162 1.91675 1.51338 1.62191 1.57790 1.04045 0.89734 1.75686 0.75609 1.61773 0.84420 1.23462 0.55805
1.32689 1.45997 1.41837 1.44194 1.95069 1.23669 0.64594 1.54784 1.77504 1.48795 1.40187 0.86204 1.57436 1.14984 1.32850 1.31912 1.84432 1.52973 1.10460 1.97758 1.42854 0.59414 1.02562 0.95054 0.93180 1.76602 0.84871 1.15282 1.31022 1.53970 1.95653 0.75054 0.83365 1.85924 1.11173 1.65528 0.96951 1.48139 1.02342 1.08181 1.00315 0.63286 1.34878 1.19871 1.99184 1.83572 1.60891 1.66734 0.65925 1.09831 0.89219 1.68369 0.59728 0.76982 1.99658 1.09694 0.61062 0.69365 0.70132 1.60706 0.85250 1.08734 1.26740 1.88204 0.65359 0.90786 0.80880 1.07504 1.31763 1.63335 0.58556 0.57868 1.89001 1.87274 1.08213 1.93603 1.49656 1.84483 1.75611 1.83217 1.95058 1.79604 0.52001 1.38969 1.89628 1.35948 1.11016 0.66095 0.74398 1.72387 0.60071 1.00289 0.54536 1.84135 1.49661 1.60271
1.64055 0.72303 1.86539 1.60412 1.21436 1.38323 1.23991 1.52060 0.82412 1.81296 1.47213 1.32358 1.44735 0.81366 1.26008 0.59901 1.33314 1.09220 1.73570 1.47480 0.58352 0.71880 0.66430 1.04901 0.57424 0.91250 1.67332 1.35197 1.37758 1.86618 1.16782 0.83133 1.56642 1.98590 1.02570 1.20643 0.51829 1.48817 1.12342 1.91251 0.94764 1.02603 0.74469 1.11639 0.57523 1.01623 1.44004 1.68314 1.23566 1.21910 1.42415 0.97162 1.45084 1.55474 0.99443 0.85418 0.52841 1.10267 1.01834 1.66857 0.98227 1.67500 1.87819 0.53243 1.98138 1.24015 0.94524 0.84504 1.08933 1.94989 1.38355 1.86584 0.67562 0.82297 0.94657 1.70005 0.66251 1.55625 1.09339 1.16529 0.70684 0.62074 1.18494 0.81745 1.04083 1.05320 1.11952 1.87732 0.51502 0.59242 0.82241 0.92116 1.80206 1.29476 1.05704 1.56469 1.12352
1.56686 1.25560 1.46277 0.61779 0.71545 0.95083 0.98936 0.87763 1.86942 1.45169 1.23572 1.45296 1.18711 1.06356 1.74630 0.61516 0.95998 1.13510 1.93662 0.96637 1.67852 0.95094 1.87959 1.73703 1.88046 0.82682 1.65340 1.16343 1.50673 1.68421 1.81844 1.38313 1.87929 1.43081 1.88863 1.64043 0.63348 1.39939 1.07473 0.85414 1.28900 0.51608 1.74527 1.06602 1.59540 1.29294 0.61498 1.00637 0.96310 1.26133 1.73433 0.70432 1.39131 0.51329 1.91212 1.67901 1.98440 1.51579 0.57136 0.70541 0.73290 1.10985 1.63736 0.68175 0.89931 1.71121 1.74029 1.24093 1.14774 1.04003 1.52604 0.62735 1.49252 1.79828 1.86633 0.96207 1.16102 0.72783 0.52009 1.74116 1.37407 1.96287 1.39663 0.64719 0.83787 1.21721 1.66162 1.77737 1.99077 1.73627 1.50016 0.60906 1.17220 1.35515 1.64421 0.67876 1.20924 1.64328
1.73996 0.55237 0.76448 0.94792 0.70370 1.78819 1.50527 1.22620 1.21705 1.43153 0.97911 1.87510 0.57049 0.52447 0.70837 0.72412 1.49678 1.43826 1.60777 0.89780 1.67390 0.99828 0.90840 1.48762 1.03183 0.91852 0.95663 1.56286 0.55603 1.33118 1.65462 1.44774 1.35491 1.82818 1.87562 0.85119 0.62918 1.13209 0.74765 1.61079 1.34103 1.83980 0.55048 1.30125 1.66381 1.79413 1.70488 1.18585 1.01837 1.01229 0.83403 1.10021 1.82223 0.84403 0.99924 1.53830 1.10706 0.87344 0.71918 1.40119 1.75125 1.67426 0.57587 1.89973 1.26767 1.12875 0.96163 0.87693 0.80885 1.60833 1.91293 1.27783 0.55248 1.16765 0.50490 0.88363 0.77084 0.98294 0.57134 0.59103 1.42522 1.12428 1.92231 0.87855 0.98446 1.98502 1.41427 1.25544 1.36332 1.09400 1.56166 1.17004 0.61942 1.84958 1.95868 0.69857 1.67893 1.06789 0.57144
0.93490 1.27827 0.67517 0.79138 1.99013 1.75465 1.84731 1.92547 0.95650 1.64003 1.59995 0.65485 1.86761 1.13984 0.64126 0.62198 1.47779 1.64469 1.24283 0.90132 1.98012 1.15380 1.27942 1.07126 0.92145 0.61871 1.73255 1.47737 0.75532 1.00814 1.86682 0.78425 1.48999 1.56566 1.57069 1.14365 1.11884 0.51083 1.92191 0.57553 1.07698 1.83729 1.04096 0.64049 1.14370 1.91556 1.92497 0.97744 0.99792 1.64280 1.44326 1.90048 1.67582 0.63766 1.82596 1.38439 0.56188 1.95441 1.01271 1.30550 0.65773 1.45340 0.93038 1.95612 0.72385 1.46625 0.68403 0.74919 0.91032 0.73966 1.34665 0.69648 1.82200 1.74551 0.76066 0.60278 1.51703 1.16496 1.33069 1.33327 1.87277 1.00224 1.56343 1.89191 0.66737 1.62735 0.69615 1.89638 1.12678 1.75417 1.75347 1.60673 0.75059 0.71435 0.73521 1.30271 0.60073 1.31758 0.77908 0.78897
0.52993 1.98922 1.60126 1.87873 0.52641 1.02905 1.28869 0.74741 0.86870 1.06833 0.77122 0.51844 1.68838 1.25626 1.84385 0.71280 0.93461 1.71920 1.72428 1.19700 0.82309 1.42143 1.56594 1.26294 0.71657 1.55702 1.28827 1.65486 1.91511 1.90086 1.85823 1.01923 1.53483 1.51720 0.55823 1.32175 1.29670 1.50157 0.95294 0.81485 1.25809 1.96324 1.43786 1.83020 1.75844 1.66537 1.60188 1.89699 1.17646 1.04098 1.12169 1.38101 0.82043 0.94142 1.13052 0.52132 0.63661 1.08391 1.53600 0.81137 1.87189 1.01415 1.45638 1.63066 1.37801 1.93605 1.50005 1.88452 1.32256 1.79276 0.73425 1.49761 0.54531 1.23887 1.47994 1.51243 0.59991 0.99119 1.83832 1.57301 1.72799 1.91926 1.53713 0.52686 1.49783 0.70188 0.75292 0.60360 1.79391 1.08768 0.72595 1.98749 1.11318 1.38658 1.12977 1.82907 1.14952 1.91634 1.82475 1.92495 1.66795
0.88990 1.37712 1.38869 1.83353 1.23762 1.85537 0.51645 0.67489 1.08501 1.70137 1.90296 1.08363 0.54724 1.11808 0.95347 1.23237 1.58713 0.90613 1.13456 1.16911 0.74012 1.00659 1.03908 0.75520 0.69411 1.61812 1.91592 1.07085 1.44294 1.21091 1.66938 1.95257 0.67954 1.36043 1.28948 0.81304 1.60456 1.22550 1.57904 0.67609 1.92094 1.96923 0.90142 0.99005 1.08393 1.14935 1.06785 0.85449 0.74843 0.72522 1.42235 0.51519 0.69177 1.21982 1.68794 0.82139 1.69928 1.28961 0.82137 1.99020 1.48959 0.62416 1.66879 1.02720 0.85908 1.52083 1.88711 1.60617 0.71192 0.89220 1.98947 1.71575 0.75868 0.60076 1.92212 0.96162 1.95505 1.06838 0.81303 1.43192 0.78160 1.49764 1.63582 0.95688 1.85293 1.88153 0.73303 1.54837 1.53051 1.82154 1.89130 0.52828 1.14145 0.81076 0.71179 0.88471 1.94326 1.54107 1.61520 0.61961 0.72503 0.54567
1.76619 1.00594 0.99224 1.32499 1.05296 0.64549 0.56057 0.59766 1.03956 1.72898 1.72616 1.30755 0.69584 1.30249 1.54352 1.89918 0.97397 1.78405 0.75485 0.99753 0.74763 0.94920 1.41261 0.86076 1.58882 1.97568 0.97056 0.98669 1.85855 1.47497 0.81279 1.24118 1.70262 1.25910 1.57395 1.53827 0.77711 0.96217 0.62634 1.38277 1.38550 0.55657 1.27481 0.70811 0.95380 1.82660 0.68511 0.55535 1.35683 1.61230 1.41307 1.41631 0.68141 0.62028 0.96550 1.28067 1.06159 1.47924 1.63189 1.94357 1.06121 1.60147 1.83719 1.80851 1.43888 1.36614 1.62491 1.81999 1.59443 0.99126 1.78190 1.69857 0.58336 1.54228 1.05304 1.55210 0.53546 1.13487 1.52206 1.95279 0.55713 0.82438 1.52749 1.24859 0.55865 1.41920 1.57989 1.08276 1.19307 1.26169 0.60136 1.57771 1.37199 0.70290 1.37097 0.96880 1.28344 1.09806 0.75061 1.61398 1.15846 0.98333 1.02954
0.57349 1.09108 1.13848 0.65903 1.83440 0.80836 0.77658 1.24727 0.51346 1.76880 0.84661 1.36104 0.77586 0.54418 1.35410 0.90377 1.33285 1.85215 1.36506 1.36071 0.64790 1.40603 1.43391 1.19281 1.63873 1.03261 1.46521 1.27088 1.06536 1.99815 1.47490 1.63836 0.88881 0.61156 1.21432 1.59491 1.05605 1.71156 1.08537 1.20772 1.33229 0.68817 1.11916 1.57730 0.80765 0.61828 0.67545 0.54310 1.11971 1.95430 0.88428 0.86511 1.45805 1.29056 1.91524 0.56678 1.60539 1.85812 0.61082 1.63067 1.76541 1.86175 0.52276 1.52477 0.72749 0.50953 0.61018 1.45949 0.92114 0.70448 1.11310 1.66430 0.88359 1.66965 1.35940 1.39764 0.68963 1.32237 1.80154 0.89162 1.62900 1.72960 1.17719 1.41579 1.79800 0.55327 1.54370 0.62743 0.80294 1.06122 0.58363 1.08523 1.36718 0.81809 1.05211 0.66572 1.49648 0.92886 0.90364 1.76506 1.93419 1.17034 0.99463 1.75093
1.05714 1.74265 0.58622 0.59668 1.70273 1.71726 1.22249 1.50317 1.89103 0.95954 0.72784 1.95803 1.61211 1.62531 0.91157 0.64541 1.50203 1.28163 0.62807 0.93483 1.64028 1.43931 1.36911 1.48139 1.98821 1.39669 1.13058 1.97349 1.58066 1.56666 0.89386 1.15414 0.99048 1.05215 1.90211 1.39576 1.04242 1.35485 1.62187 0.67476 1.09469 0.81675 1.11529 1.57872 0.88913 1.53896 0.63488 1.25989 1.84191 0.61983 1.95174 0.87082 1.06654 1.71080 1.05434 1.98659 1.50212 1.10405 1.38790 0.71403 0.98112 0.82239 0.81838 1.95721 0.62418 1.39224 1.33075 1.31672 0.68239 1.70508 1.05323 0.69793 1.38442 0.78728 1.46927 1.14108 1.22875 1.95872 1.81627 1.60791 1.68166 0.92371 1.41766 0.83179 1.73792 1.76965 1.04686 1.21369 1.20464 0.53515 1.03020 1.46644 1.00925 1.01074 1.48283 0.99111 0.77348 1.40055 1.02085 1.22209 0.65563 1.38607 0.76990 0.82766 0.61287
1.15785 1.52486 0.52641 1.84966 1.82661 1.52381 0.80881 1.95345 1.88278 0.56276 1.03975 1.72171 1.12606 1.31321 1.85413 0.55371 1.54344 0.76725 1.00351 1.03903 0.86789 1.84922 0.88870 0.87202 1.89268 1.26812 1.23476 1.80966 1.45300 0.80996 0.66975 1.63373 0.72343 1.85871 1.59434 0.63980 1.32630 0.83818 0.84575 1.58376 1.55501 0.62631 1.00644 0.86018 0.75095 1.74557 1.87015 1.39750 1.31092 0.56236 1.65329 0.92313 1.16247 0.80216 1.60136 0.99218 1.97037 0.66779 1.20198 0.99517 1.22765 1.87943 1.01308 0.50306 1.31809 0.87738 1.52038 1.59615 1.23486 0.98339 0.64492 1.55364 1.84886 1.79248 1.00945 0.92434 0.80059 1.61033 0.81752 1.21756 0.97882 0.65528 0.79235 0.66673 0.73288 0.57842 0.68453 1.45459 1.60654 1.81760 0.50394 0.96133 1.37380 1.65025 1.85089 1.16689 1.09137 0.69893 0.59458 0.81497 1.33617 1.32014 0.97338 1.37110 1.14553 1.98926
0.92845 1.36369 1.52574 1.47834 1.68916 1.45208 1.93218 1.71732 1.95188 1.98109 1.00287 1.99742 1.64237 1.00264 1.94361 1.60675 1.80539 0.99448 1.81920 1.76248 0.62002 1.83079 0.56412 0.68909 0.66370 1.14320 1.38744 0.58068 1.99872 1.82958 1.57082 0.62060 1.78372 1.47445 0.81879 1.50940 1.38838 1.54551 0.88720 1.13567 1.94247 0.68597 1.58583 0.95645 1.64342 1.62153 1.46379 0.97664 1.27221 0.72672 1.67051 1.20904 0.90259 1.29210 1.05811 0.71693 1.21099 1.90727 1.50074 1.88212 1.30358 0.80429 0.54604 0.92495 1.87645 0.96385 0.54828 1.25912 1.55985 1.83449 0.65137 1.56149 1.04092 1.64713 1.34295 1.33079 0.87724 1.93399 1.74191 0.57458 1.57243 0.96065 1.80821 1.00687 0.78106 1.13284 1.20593 0.58508 0.56953 0.99898 0.62029 1.80854 0.71210 1.11399 1.53073 0.72131 0.89944 0.67098 1.21885 1.63457 1.62011 1.44270 1.25460 0.79139 1.01471 1.84079 1.51535
1.50688 1.43327 1.85447 0.57725 0.59829 1.56098 1.08780 1.74663 1.34845 0.91321 0.76006 0.79002 1.95293 1.79264 1.24270 1.90005 0.85192 0.78322 0.87590 1.74773 0.94731 0.92620 1.37426 1.59749 1.14614 0.59666 0.90074 1.77728 1.47317 0.59712 0.51682 0.94613 0.80887 1.07852 0.90888 1.60280 1.89941 1.88733 1.53923 1.75460 0.65059 1.05491 1.31539 1.23562 1.50590 1.80049 1.21693 1.21775 1.38217 0.57879 1.55215 0.99269 0.61467 1.03085 0.84132 1.78415 1.39305 1.18341 0.95459 0.74786 0.52970 0.64994 1.62330 1.24820 0.65442 0.53240 1.10489 1.41286 1.92802 1.71391 1.18174 1.19983 0.88056 1.06688 1.34380 1.84437 1.38801 1.81120 0.70372 1.23017 1.37770 1.15071 1.90093 0.94583 0.79043 1.21021 0.72048 1.58100 1.83902 1.23206 1.02548 0.73721 1.53881 1.63083 0.98521 0.74030 1.89027 0.59148 1.46138 1.84147 0.60416 1.82497 0.97496 1.39515 0.91457 0.64685 1.96097 0.78727
1.06930 1.13150 0.59869 1.66891 0.66428 1.91564 0.55031 1.62889 0.57488 0.87726 1.76147 1.26141 0.55316 0.86624 1.47931 1.17458 1.35726 1.21295 1.98618 0.91973 1.07829 1.05859 1.94715 1.95920 1.54322 1.81046 0.90346 1.18546 1.73176 1.02730 0.79475 1.29694 1.88976 1.83098 1.00202 1.57487 1.47436 1.99006 0.96166 1.52151 0.70784 0.81430 0.73708 0.91880 1.56596 1.94509 0.74305 0.66589 1.60913 0.59105 1.55148 1.28486 1.74340 0.68898 1.31987 0.62815 0.61556 1.71629 1.67392 1.14893 0.84408 1.68446 1.15083 1.85664 1.95396 1.21719 0.88012 0.67076 0.62428 0.94908 1.93762 0.54062 1.44080 0.82637 0.97440 0.64170 1.71479 1.18718 0.51450 1.81937 1.67151 1.95402 1.06700 0.58432 1.42180 1.99380 1.83691 0.62707 1.62702 1.46687 1.62043 1.88486 1.67758 1.58604 1.59754 0.61981 0.61502 1.95739 1.71070 1.04696 1.42586 1.57257 0.50026 0.70053 0.65254 0.99326 1.21047 1.58230 1.96629
1.44235 1.14214 0.72649 0.62726 1.79912 0.83524 0.95211 1.70108 0.96092 1.79010 1.62364 1.02977 0.90421 1.91734 1.76562 1.75509 1.60039 1.75620 1.63592 1.95464 1.89685 1.22952 1.13398 1.65834 1.44548 0.99644 1.85441 0.62902 1.30079 1.11112 1.79979 1.69885 1.53719 0.64639 0.81024 0.69131 1.47763 0.76656 1.30677 1.29013 0.93552 0.60215 1.23117 1.41060 1.45372 1.50418 1.16220 1.59702 1.86861 1.13943 0.91100 1.19337 0.53056 1.09125 1.70096 1.44002 0.61671 0.62604 0.68669 1.55261 0.83609 0.81537 0.81028 1.47215 0.50187 1.52914 0.82260 1.51285 0.77814 1.97158 1.73268 0.52010 1.32337 1.08310 1.88773 1.99503 0.50862 1.90632 1.78426 1.38330 1.30052 1.92582 0.79865 1.20702 1.60696 1.70842 1.55706 1.08133 1.26480 1.33698 1.44998 0.81621 0.93643 1.99387 1.11361 0.90054 1.72502 1.07061 0.82718 1.84734 0.80409 1.41179 1.93124 1.05098 1.95638 1.11925 1.70213 1.84060 1.73232 1.47293
1.82966 1.36180 0.73412 0.83855 0.71899 0.69617 1.84532 0.69321 1.90796 1.53722 1.66134 1.26807 0.51475 1.57285 0.76484 1.70247 0.52672 1.66991 1.18314 0.85153 0.64356 1.72536 1.46984 0.94916 0.64107 0.51674 0.87472 1.96889 1.44499 1.18969 1.73635 0.53514 1.34919 1.23953 0.77748 1.51130 1.31836 1.93021 0.56504 0.55409 0.75307 0.59569 0.87122 0.95075 0.53450 1.17567 1.38985 1.22627 1.88814 1.97903 0.97122 1.26416 1.10048 1.76327 1.62136 1.18041 1.84193 0.86664 1.95162 1.42961 0.63885 1.05820 0.66147 0.85245 0.65529 0.55232 1.41145 1.22618 1.91892 1.23948 1.70111 0.51712 0.83740 1.25200 1.04613 1.38037 1.80547 1.70613 1.30222 0.93399 1.56687 1.67300 0.88133 0.82469 1.98616 0.75687 0.64483 1.71318 1.40040 0.83596 0.90349 1.40368 1.49958 0.81820 0.76706 0.52780 0.76252 1.96860 1.27732 1.87947 1.63348 1.37987 1.87329 0.79909 0.88361 1.63034 0.67637 0.94684 1.05767 1.23417 1.98535
1.45983 1.69584 0.68081 1.91256 1.00461 1.51954 1.09699 0.90733 0.87746 1.10507 0.70718 1.16855 0.88186 0.96281 0.90563 0.72886 0.96282 0.54099 0.71394 1.30116 1.60237 0.55528 0.77759 1.75031 1.15784 1.02954 1.83524 0.96364 1.49107 1.84394 1.40581 0.84503 1.00722 0.92209 1.07681 1.33069 0.85516 1.40581 0.80877 0.66364 0.68425 1.93949 1.51743 1.87186 1.94641 1.90835 1.94886 0.96984 1.06478 0.65452 1.38322 1.35565 1.28112 1.61833 1.72212 0.63733 1.64692 1.55686 0.87937 1.99071 1.77533 1.97171 1.44707 0.88456 0.87879 1.86358 0.93727 0.67341 1.27274 0.86572 0.63620 0.55096 0.51940 1.75931 0.78147 1.43127 1.53194 1.17734 1.16993 1.24249 1.22816 1.30194 1.44238 1.66289 1.31800 1.76950 1.32794 1.24699 1.95976 1.31587 1.88887 1.01993 0.52395 0.54728 1.35499 0.53749 1.23032 0.88954 1.10595 1.37938 1.52538 0.65642 0.50846 1.19265 1.92941 1.57895 1.95236 0.73825 0.63962 1.25348 1.07905 1.25475
0.66159 1.38079 1.52136 1.94922 1.17237 1.21450 1.56894 1.62164 0.70224 0.94779 1.52866 1.91292 0.96308 1.20096 0.72891 0.72198 1.14003 0.77013 0.77901 1.23871 1.76679 1.28440 1.80133 0.61405 1.07643 1.11919 1.97436 1.89228 1.26624 1.96212 0.62647 1.57871 0.83742 0.75128 1.07244 1.25153 1.45105 1.52937 0.92986 1.88543 0.68171 0.61537 1.35846 1.36912 1.08083 1.62014 1.96779 1.62844 1.71432 0.82353 0.77831 1.43695 1.80580 1.18623 1.76216 1.30902 1.80018 1.94421 1.90444 1.73669 1.19431 1.62440 1.88904 1.17802 1.28596 0.66792 0.79469 0.92403 1.85415 1.38552 1.29531 0.79225 1.41285 1.28351 1.40742 1.32186 0.74224 1.99945 0.81768 1.81341 1.51091 1.24777 1.98346 1.52109 1.37678 1.78492 1.31690 1.54048 0.52588 1.30602 1.09900 1.05157 1.76648 1.91832 0.73206 1.40009 1.15682 1.87115 0.85360 1.17952 1.48282 1.64192 0.76000 1.96870 0.89170 1.48511 1.26444 0.59196 0.52277 1.73541 1.21644 1.03818 1.74135
1.68140 0.85662 1.79565 1.19273 1.26159 1.36254 0.59203 1.42764 1.62109 1.75343 1.72804 0.84477 1.48472 1.63079 1.31107 1.59560 0.66056 1.96080 1.50706 0.95250 1.99699 1.22183 1.16436 1.51947 0.96669 1.75412 1.32930 1.03316 0.80145 1.12512 1.24182 0.93986 0.97119 1.21261 1.98273 0.58317 1.66422 1.83812 1.08367 1.29214 1.96810 1.21304 0.79503 1.34342 0.64182 0.88532 1.83626 1.32898 1.84098 1.09896 1.52960 1.06390 1.27864 1.43443 0.68299 1.41354 1.63091 1.88463 0.83226 0.62097 1.71521 0.79231 0.97967 1.51457 1.33032 0.76863 1.50796 1.81524 1.19978 0.96325 1.10290 1.16188 0.56031 1.21224 1.38774 1.95112 0.91902 1.67628 1.45999 0.98336 1.07624 1.71744 1.42108 1.71590 0.57854 0.75621 1.06883 0.87859 1.92689 0.61821 1.83680 1.93911 1.87328 1.70686 1.08941 1.75727 1.80579 0.87185 1.44489 1.43464 0.70269 1.90707 1.23163 1.21564 1.82134 1.26261 1.44028 0.81225 1.52751 0.61435 0.58483 0.62500 1.12173 0.58743
0.85906 0.91819 1.89203 1.49547 1.17202 0.73627 1.38561 1.20367 0.69577 1.46875 0.80100 0.91691 0.52600 0.60091 1.78666 0.70582 1.37577 0.60825 0.98969 0.53942 0.93475 1.90354 0.61019 1.00001 1.52710 1.45210 1.59232 1.46286 1.88475 1.83734 1.26669 1.86968 0.71560 1.25542 1.40539 1.95160 0.59732 1.75075 1.96333 0.93973 1.16613 1.22825 1.74612 1.94602 1.90690 0.51981 1.27342 1.65244 1.19345 1.66500 0.57169 1.62414 0.97697 0.61476 1.47854 1.80620 1.15758 1.63239 1.62320 0.53842 0.84242 0.60111 0.64705 1.51269 1.38899 1.56740 0.57600 0.55695 1.57702 0.83087 1.07410 1.32887 1.40099 1.83460 1.46614 0.82971 1.62295 0.73985 0.70926 1.71320 1.51691 1.84263 0.50397 1.15329 0.52326 1.16227 1.04588 0.72715 0.57079 1.82220 0.65602 1.51320 1.36451 1.19731 1.27234 1.23690 0.98107 1.87987 1.14169 1.34479 1.75126 1.26711 1.49297 0.86189 0.72696 0.75540 1.63210 1.21928 0.59172 1.37483 1.58594 1.48055 0.62819 0.70930 1.53474
1.69083 1.92393 1.69466 0.54622 1.77187 0.88707 0.54960 0.99265 1.94511 0.78992 0.93280 1.50321 1.09372 1.85926 1.06257 1.34468 0.87540 0.73473 0.88037 1.01440 1.30338 0.82510 1.85065 1.69560 0.55444 1.85103 1.86317 1.86600 0.85413 1.17511 1.46450 1.09326 0.77674 1.70604 0.66964 1.00691 1.48828 1.30497 1.12080 1.12696 1.11845 1.42746 1.88650 1.33323 1.76063 1.76582 1.41405 1.66773 1.19136 1.47107 1.73182 0.85498 1.30868 0.69508 1.03148 0.65640 1.42630 1.48620 0.88683 1.15392 1.85434 1.66766 1.66298 0.77909 1.66778 0.58923 0.87695 0.61293 1.35845 0.53876 0.57127 0.65056 0.72383 1.03878 0.84715 1.86168 1.55499 0.69798 0.90548 1.64024 1.02843 1.38384 1.77021 1.47571 1.78808 0.54051 1.57571 0.82582 0.53226 1.49920 0.95243 1.15000 1.90378 0.70073 0.83756 0.65482 0.53236 0.64976 0.75410 1.71972 1.56094 1.79067 1.16218 1.31827 1.19432 0.54858 0.64379 1.86111 1.44954 1.06678 1.53071 1.33444 1.23012 1.58830 0.76250 1.52944
1.73864 1.34358 1.47881 1.23061 1.97803 1.58594 0.58886 1.15850 0.60093 0.87828 1.42820 1.48338 0.52467 1.40690 1.06095 1.30379 1.80420 1.29389 0.95390 1.43249 1.05534 1.65719 1.28109 1.96491 1.96259 0.57670 1.08011 1.21964 1.45226 1.88277 1.41214 0.89513 0.82990 1.83646 0.65017 1.53570 1.16125 0.80096 1.22231 0.67286 0.62198 1.87219 1.87357 1.64064 1.95272 1.25086 1.29123 1.21328 0.98346 0.81561 1.56436 1.36525 1.61595 0.75209 0.70089 0.79406 0.91521 1.92105 1.40470 1.93546 1.61416 1.90794 0.51146 1.11606 1.18751 0.63330 1.60987 0.77319 1.91245 1.71859 1.94027 1.26033 1.31976 0.58684 1.85113 1.37254 0.77038 0.64503 1.61733 0.60180 1.27195 1.92008 0.66696 1.39761 1.49322 0.71028 1.37719 1.20744 1.36070 1.67928 0.53950 0.98416 0.64960 1.41824 1.45172 0.91941 1.03283 0.87864 1.89268 1.85816 1.48761 0.88647 1.33373 1.55605 1.49352 1.34598 1.46012 0.79494 1.51123 1.70359 1.48293 1.76135 1.56906 0.60377 1.52259 1.86313 1.08237
0.89949 0.62024 1.79971 0.84871 1.93351 1.31533 1.53386 1.93609 1.90645 1.25763 0.85522 0.54445 1.66643 1.13070 1.04142 1.25965 1.20987 1.20715 1.62133 1.93904 1.69327 1.86177 0.70517 0.53746 1.68042 0.72092 0.59577 1.99607 1.54175 0.79816 0.96441 1.94725 0.67680 0.97142 1.45964 1.92366 0.87173 1.52679 1.04492 1.08085 1.89830 0.91436 0.90307 0.87793 0.50066 1.62260 0.82250 1.25601 1.82945 0.75987 1.51034 1.86292 0.75218 1.74625 0.50137 1.94706 0.83981 1.03913 0.66211 0.94486 1.52411 1.61120 1.68318 1.93366 1.41837 1.63885 0.63116 1.36644 1.15715 0.79780 1.91100 1.49901 0.61576 0.64634 1.40372 1.90181 0.87163 0.56235 1.97493 1.59533 0.72706 1.38501 1.05471 0.73354 1.78484 0.95892 1.61831 1.05114 0.79896 0.86217 1.07662 1.19178 1.42091 0.99258 1.40087 0.72104 0.66022 1.85006 1.11594 1.04580 1.11533 1.46408 1.70745 1.80261 1.02300 1.34697 1.12938 0.57732 1.86210 1.97019 0.80602 0.71588 0.83820 0.53083 1.40462 1.16296 0.84051 1.56055
1.72058 1.24204 1.95783 0.98317 1.68731 1.29306 1.89259 0.75679 1.28217 1.52445 1.70427 1.39409 1.66320 0.59614 0.93258 1.72016 1.32386 1.43952 1.34121 1.90600 1.64882 1.18775 1.02816 1.50061 1.94604 0.77854 1.06423 0.67158 1.64292 1.58380 1.75929 1.53482 1.67231 0.94144 1.51094 0.92027 0.80199 1.65229 1.84849 0.81730 0.94092 0.60155 1.47878 0.93560 0.72015 0.61696 1.98784 0.89065 1.88531 1.26700 0.67805 1.80710 1.72587 1.17410 1.93565 1.98306 1.29464 1.61237 0.50457 1.55189 0.63028 1.29152 1.92493 1.95402 1.01151 1.41483 1.39483 1.76203 0.89398 0.57253 1.46694 0.79665 1.26564 1.44121 1.32885 0.80357 1.85283 1.51243 0.74175 0.80484 1.81360 1.90248 0.94095 0.55497 0.62088 1.44889 0.74947 0.88010 1.97966 1.68131 1.19546 0.80606 1.41150 0.66609 0.64251 1.43561 1.71924 1.62796 1.77474 1.47612 0.83340 0.85661 1.95720 0.57144 1.55551 0.52621 0.95826 1.90836 1.51149 0.97451 0.95869 1.65851 1.84462 1.64535 0.56723 1.97602 1.15634 1.36437 1.64305
1.67965 1.74648 1.93118 1.18985 0.54953 1.76343 0.71363 1.66717 0.65053 1.22193 1.40432 1.78869 1.80380 1.40283 1.21931 0.71469 1.77854 1.84271 0.82053 1.11643 1.36701 1.93205 1.42424 0.69675 1.17818 0.65203 0.82779 1.45874 1.02470 1.12470 1.00322 0.53979 1.41785 0.78504 1.22440 1.93146 1.20073 1.62726 0.56399 1.44946 1.72337 1.18022 1.27811 0.80619 0.81481 1.90520 1.27984 0.64906 1.63312 1.08952 1.28650 1.74724 0.85759 0.64358 0.57608 0.89900 1.03231 1.88654 0.94662 0.96793 1.46253 1.35636 1.71006 0.76375 0.80883 1.55880 0.96185 0.73873 1.76708 1.41897 1.52852 1.63772 0.65558 0.58687 0.80593 1.72619 1.42669 1.18596 1.08561 0.64255 1.96833 1.25470 0.51125 1.72383 0.92613 1.27920 1.69323 1.85801 0.96056 1.70015 0.96446 0.92115 0.75733 0.69461 1.44582 0.84046 1.21385 1.36723 1.77321 0.87216 1.14620 1.75984 1.32073 1.76397 0.62142 0.52052 0.51376 0.65605 0.71198 0.80513 1.05393 1.30554 1.03297 1.41184 0.60351 1.34184 0.89285 1.10433 1.04314 1.01098

Best known: 1042.11
