151 151 200
0 35.0 35.0
10 41.0 49.0
7 35.0 17.0
13 55.0 45.0
19 55.0 20.0
26 15.0 30.0
3 25.0 30.0
5 20.0 50.0
9 10.0 43.0
16 55.0 60.0
16 30.0 60.0
12 20.0 65.0
19 50.0 35.0
23 30.0 25.0
20 15.0 10.0
8 30.0 5.0
19 10.0 20.0
2 5.0 30.0
12 20.0 40.0
17 15.0 60.0
9 45.0 65.0
11 45.0 20.0
18 45.0 10.0
29 55.0 5.0
3 65.0 35.0
6 65.0 20.0
17 45.0 30.0
16 35.0 40.0
16 41.0 37.0
9 64.0 42.0
21 40.0 60.0
27 31.0 52.0
23 35.0 69.0
11 53.0 52.0
14 65.0 55.0
8 63.0 65.0
5 2.0 60.0
8 20.0 20.0
16 5.0 5.0
31 60.0 12.0
9 40.0 25.0
5 42.0 7.0
5 24.0 12.0
7 23.0 3.0
18 11.0 14.0
16 6.0 38.0
1 2.0 48.0
27 8.0 56.0
36 13.0 52.0
30 6.0 68.0
13 47.0 47.0
10 49.0 58.0
9 27.0 43.0
14 37.0 31.0
18 57.0 29.0
2 63.0 23.0
6 53.0 12.0
7 32.0 12.0
18 36.0 26.0
28 21.0 24.0
3 17.0 34.0
13 12.0 24.0
19 24.0 58.0
10 27.0 69.0
9 15.0 77.0
20 62.0 77.0
25 49.0 73.0
25 67.0 5.0
36 56.0 39.0
6 37.0 47.0
5 37.0 56.0
15 57.0 68.0
25 47.0 16.0
9 44.0 17.0
8 46.0 13.0
18 49.0 11.0
13 49.0 42.0
14 53.0 43.0
3 61.0 52.0
23 57.0 48.0
6 56.0 37.0
26 55.0 54.0
16 15.0 47.0
11 14.0 37.0
7 11.0 31.0
41 16.0 22.0
35 4.0 18.0
26 28.0 18.0
9 26.0 52.0
15 26.0 35.0
3 31.0 67.0
1 15.0 19.0
2 22.0 22.0
22 18.0 24.0
27 26.0 27.0
20 25.0 24.0
11 22.0 27.0
12 25.0 21.0
10 19.0 21.0
9 20.0 26.0
17 18.0 18.0
7 37.0 52.0
30 49.0 49.0
16 52.0 64.0
9 20.0 26.0
21 40.0 30.0
15 21.0 47.0
19 17.0 63.0
23 31.0 62.0
11 52.0 33.0
5 51.0 21.0
19 42.0 41.0
29 31.0 32.0
23 5.0 25.0
21 12.0 42.0
10 36.0 16.0
15 52.0 41.0
3 27.0 23.0
41 17.0 33.0
9 13.0 13.0
28 57.0 58.0
8 62.0 42.0
8 42.0 57.0
16 16.0 57.0
10 8.0 52.0
28 7.0 38.0
7 27.0 68.0
15 30.0 48.0
14 43.0 67.0
6 58.0 48.0
19 58.0 27.0
11 37.0 69.0
12 38.0 46.0
23 46.0 10.0
26 61.0 33.0
17 62.0 63.0
6 63.0 69.0
9 32.0 22.0
15 45.0 35.0
14 59.0 15.0
7 5.0 6.0
27 10.0 17.0
13 21.0 10.0
11 5.0 64.0
16 30.0 15.0
10 39.0 10.0
5 32.0 39.0
25 25.0 32.0
17 25.0 55.0
18 48.0 28.0
10 56.0 37.0

1.07969
1.81295 1.98775
1.86316 0.74627 1.26101
1.61755 1.82178 0.77777 1.89659
1.92226 1.64602 0.68509 0.71787 1.63309
1.38128 0.74023 1.62713 1.48412 0.85625 1.28233
0.82650 1.61435 1.18435 1.21958 1.49572 1.80898 1.69934
1.51490 0.83512 0.76011 1.25090 1.08883 1.52197 1.37310 1.41598
1.33400 1.57502 1.00596 0.91208 0.68760 1.29287 1.77240 0.51086 1.59316
0.59731 1.59870 1.20434 1.87134 1.16922 1.51388 0.80186 0.79900 1.01835 0.62987
1.47511 1.84391 1.17358 1.56791 1.54558 0.54372 0.78266 1.77688 1.78518 0.64387 1.39904
1.56698 1.05485 1.22903 1.67633 1.36570 1.49348 1.14030 0.98946 1.15668 1.95093 1.43398 1.79873
1.04421 0.86270 1.27514 1.63514 0.96439 1.49397 0.90882 0.85416 0.61196 1.62558 1.75030 1.39441 1.38677
1.06531 0.63655 0.74122 1.23460 1.96294 1.22097 1.01928 1.96360 1.39188 1.80359 1.81512 0.55425 0.71427 1.89632
1.57383 0.57408 1.06323 1.50986 0.82390 1.70903 0.58676 0.68845 1.17782 1.38103 1.41105 1.48777 0.68189 1.59690 1.13890
0.79830 1.68784 0.83709 1.80100 1.09640 1.87474 0.52868 0.85382 0.74284 1.67131 0.66954 1.75080 1.33751 1.73102 0.52708 1.13833
1.24357 1.20645 1.95827 1.64644 1.81940 0.92458 0.69602 0.63421 0.88483 1.92068 1.53405 0.63722 1.60549 1.94024 1.84400 1.39431 1.90919
0.53056 1.13975 1.20819 1.24938 1.39658 0.94424 0.69218 1.01716 1.68794 1.23037 1.05647 1.09074 1.67527 1.85186 1.52135 0.84279 1.14439 1.21807
0.85879 0.54560 1.35639 1.77838 0.53517 1.57661 1.20478 0.79408 1.67759 0.79673 1.94802 1.33688 1.39763 1.42028 0.66090 0.80422 1.51412 1.70954 0.74750
0.50328 1.47206 0.98419 0.71168 1.93518 1.04261 1.96066 0.77726 0.72962 0.72384 1.73134 1.70808 0.61805 1.21415 1.46858 1.20255 1.04574 1.50848 1.79050 1.26292
1.77691 1.07332 0.67472 1.47115 0.84502 1.94204 1.56140 1.77384 1.15198 1.59733 0.52633 1.12685 1.44688 1.36921 0.70912 1.58905 1.62392 1.57070 0.85636 1.58928 0.58816
1.17783 1.45095 0.84589 0.98086 1.94300 1.31073 1.37973 1.00652 1.87372 1.27658 0.71828 1.87656 1.11037 1.72733 0.62625 0.53461 0.73548 1.51639 1.39141 1.46988 1.84372 1.91993
1.38728 0.85802 1.30520 1.02875 1.25400 1.21259 1.16196 1.46975 0.71383 1.49448 1.38728 1.86103 1.52656 1.04535 1.79133 0.73967 1.59751 1.37982 1.65335 1.68296 1.85638 1.72217 0.96365
1.93761 1.33797 1.79349 0.64876 0.96216 0.58484 1.90581 0.59494 0.81117 0.56103 0.92641 0.82150 1.47939 1.37755 1.69692 1.81965 0.93165 1.98582 1.98419 1.27550 0.76561 0.76572 1.07364 0.58013
1.77921 1.29459 1.84734 1.30938 1.65170 1.52115 0.95116 1.01283 0.95954 1.65264 0.58713 1.90935 1.26557 0.68048 1.99182 1.13679 1.92513 1.88182 1.29909 1.83716 1.67521 1.14062 1.52813 1.84240 1.60686
1.79634 1.62905 1.65357 0.54699 0.66485 1.24902 1.38413 1.24009 0.91497 1.43933 1.02453 0.80122 0.98508 1.56523 1.54377 1.47753 0.53266 0.52853 1.04132 1.14360 1.17870 1.60258 1.78988 0.67176 1.87975 0.52666
1.92187 0.76273 1.51214 1.69809 1.61883 1.70584 0.67832 1.18082 1.91014 1.91094 0.96714 0.91990 1.78922 1.02692 1.12409 1.68395 1.48728 1.04110 1.13651 1.72802 1.56314 0.86189 1.02538 1.59512 1.68432 1.06629 0.87213
1.44587 0.75621 1.64075 0.75094 1.54367 1.58986 1.59556 0.82973 1.65659 1.77990 1.91296 1.78822 1.28560 0.58953 1.96198 1.44215 1.47657 1.22773 1.71207 0.60882 0.84203 0.78869 1.96993 0.72981 0.61980 0.94204 1.53698 0.89169
0.93152 1.68975 1.92001 1.07046 1.08098 0.86104 0.81820 1.78118 0.56610 1.13912 1.95766 1.17201 1.10848 1.17862 1.65116 1.74557 1.88642 0.68696 0.57616 1.65108 1.25453 1.46588 0.80463 1.54673 1.40661 1.86599 1.47867 0.67045 0.98964
0.98767 1.86378 0.74864 0.78081 1.49400 1.16573 0.68084 1.72617 1.23766 0.96895 1.72873 1.30465 1.31221 1.89359 1.64818 1.47246 1.04588 0.92013 1.16358 0.81630 1.84529 0.69550 0.75065 1.95748 0.98116 0.93199 0.71384 0.79698 1.62098 0.64691
1.72265 0.67597 0.62622 1.45328 0.58188 1.32790 1.33691 1.29154 0.74234 1.74704 1.12741 1.19484 0.84080 0.65980 1.27593 1.59366 1.98928 1.87372 1.31908 1.01794 0.71454 1.51952 0.54174 0.80982 1.50638 1.36247 1.45866 0.64189 1.73487 1.31938 1.03435
1.38603 0.82816 0.75705 1.97840 0.88183 1.50210 0.64568 1.01080 1.20873 1.13080 1.46142 0.68786 1.06995 0.53793 1.57011 0.80179 0.79673 1.03244 1.89388 0.99043 1.96769 0.57434 1.26920 1.22177 0.66224 0.57729 1.09831 1.97706 1.74110 1.85292 1.96172 0.94136
0.72539 1.29163 0.90609 1.61760 1.07233 1.08466 1.66312 0.68877 0.94550 1.00327 1.00683 1.74077 1.26719 1.86825 0.87355 1.89070 0.97368 0.88287 1.88925 0.71901 1.19256 1.62046 1.37432 0.67639 0.93428 0.54324 0.62826 1.18185 1.57364 1.58782 1.51078 0.99604 1.10819
1.49720 1.97632 1.27260 1.12336 0.76540 1.53860 1.57591 1.03278 0.91351 0.89578 1.08097 1.05201 1.28613 1.52584 1.00703 1.76497 1.36920 1.49942 0.77699 1.34694 1.69029 1.68996 0.56437 1.53091 0.54534 1.08703 1.92128 1.20613 1.10155 1.76103 1.87393 1.33416 1.77234 1.10865
1.16631 1.00085 0.67866 1.68722 1.60090 1.21598 1.40886 0.94164 1.78826 1.99194 1.63454 1.38345 1.32012 0.53585 1.23614 1.10531 0.95277 1.63999 1.55776 1.59167 1.98931 1.09218 0.54666 0.62611 0.70099 1.81250 1.12279 0.52603 0.97498 1.93955 1.15047 0.61474 1.85418 0.69750 1.09334
0.77706 0.63724 1.66311 0.51345 1.30127 0.84644 1.93344 1.06346 1.57620 1.71163 1.63005 1.58953 1.05167 1.42952 1.69873 1.21527 1.16509 1.51855 0.64987 1.31367 1.80024 1.47626 1.88554 1.18016 1.14105 0.99299 1.66657 1.41606 1.68072 1.19293 1.36259 1.27993 1.18625 1.80120 1.51685 1.35292
1.54787 1.85442 0.63790 0.90337 1.57230 0.93233 0.91711 0.55006 1.21579 0.62792 1.59437 0.56831 1.70111 1.52729 1.06679 1.30551 0.90886 1.30728 1.65374 0.63860 0.71427 1.49517 1.23491 1.34633 1.10986 0.70181 1.57178 0.94046 1.05478 1.10675 1.83977 1.21406 0.67973 0.58606 0.75177 1.84248 0.57771
1.13892 1.20389 0.57270 0.55951 0.57111 1.90615 1.05929 0.95509 1.40391 1.02153 0.55917 1.39180 0.62602 0.71248 1.35994 1.55260 0.89826 1.54680 1.27395 0.88992 0.53783 1.54448 1.48027 1.30304 0.89745 1.53130 0.86317 0.53047 0.85982 1.53137 0.83472 1.48173 1.37209 1.25983 1.58819 0.62242 1.62285 1.19687
1.28617 1.05127 1.18538 1.53470 0.77866 1.51375 0.88451 1.09972 1.30155 1.02832 1.42252 0.99469 1.93425 1.03964 1.50296 1.37212 1.19393 1.38761 1.48419 1.35970 1.66227 0.94030 0.60946 0.56662 0.82405 0.86327 1.95127 1.61383 0.83398 1.43086 0.76408 0.86828 1.57369 1.95946 1.59713 1.76767 1.15311 1.47023 1.12481
1.47593 0.60419 1.82137 0.59931 1.45333 0.64397 1.24263 1.34260 1.99188 1.96269 0.92681 1.16245 1.92996 1.28047 1.75199 1.29706 0.82963 1.06623 0.68591 0.65895 0.63017 1.77024 1.79847 1.05544 0.93405 1.39716 1.21494 1.79418 0.67457 1.16912 1.08057 1.55479 1.08672 1.91531 1.05408 1.16767 0.75131 1.09255 1.24746 1.66375
1.87400 0.80810 1.18629 1.22615 0.77285 1.85823 1.63903 0.63018 1.27240 1.79032 0.80442 1.63680 0.97632 0.63269 1.13241 1.67783 1.27521 1.45863 1.14277 1.90672 1.81915 0.99884 1.52293 0.74784 1.13991 0.97645 0.72792 0.59778 1.09140 1.44638 1.50603 1.53750 0.55122 1.14604 1.14637 0.78885 1.70056 1.46598 0.71007 1.99171 1.80657
1.72580 0.86977 0.88998 1.30014 0.83351 1.95096 0.82367 0.64702 1.45109 1.79263 0.96742 1.27279 1.48980 0.62943 1.63589 1.63257 1.40496 1.78353 0.83368 1.31844 1.97276 0.93885 0.66252 1.73044 0.99692 0.59362 0.80325 0.52872 0.55941 1.24528 1.28383 1.40299 1.77029 1.25386 0.60559 1.27009 0.72143 0.87938 0.97079 0.68412 1.40263 1.85969
1.66888 1.94788 1.26725 1.17565 1.47139 1.55278 1.57301 0.63216 0.60741 1.25840 1.91211 1.50950 1.92674 1.48165 1.05474 1.30083 1.73265 0.68223 1.50918 1.94609 1.14445 1.91101 1.64574 0.64662 1.81797 0.53331 0.83566 0.61775 1.24865 0.61931 1.20395 1.80355 1.38656 0.55564 0.93485 0.58272 1.37682 1.87065 0.85651 0.94192 0.52442 0.73880 1.27163
1.80362 1.57838 0.68690 0.84390 1.63368 1.34775 1.59861 1.42328 0.95264 1.74638 0.58479 1.44516 1.73163 1.73852 0.60467 1.32063 1.61683 0.91143 1.96044 1.31928 1.79153 1.89036 1.51156 0.91644 1.20291 1.35522 0.83020 1.50796 1.30909 1.60866 1.92185 1.94119 0.74641 1.17604 1.65451 0.86423 1.69878 0.86539 1.25011 0.53726 0.94775 1.44469 1.48507 0.92153
0.84156 1.33784 0.50060 1.04460 1.15579 0.62447 1.34075 0.54715 0.59391 0.92998 1.56871 1.26379 1.52631 1.87244 1.16627 1.73151 1.78757 1.42147 1.11023 0.77001 1.74557 1.41332 1.25454 1.52085 1.59072 0.84944 0.53691 1.34439 1.72672 1.43756 1.59653 1.57663 0.67037 0.98779 0.93365 1.01438 1.69545 1.27965 0.63833 0.98211 1.53250 1.00589 1.44697 1.44288 1.09249
1.68133 0.82124 1.62315 1.85036 1.70708 0.95214 0.64655 1.81248 1.35810 0.67940 0.81468 1.19344 1.62484 1.76309 1.18351 1.59617 1.16920 1.82248 1.81991 1.63311 1.85870 1.13706 0.99640 1.26706 1.28145 1.72671 1.45465 1.52891 1.74206 1.93819 1.46553 0.65661 1.69213 1.42333 1.38404 1.31920 0.67685 0.54783 0.77549 1.95974 1.19675 1.69046 1.70872 0.94604 0.88859 1.25969
1.52702 0.83377 1.91646 1.31925 1.30020 1.77457 1.65144 1.88308 0.54345 0.58389 0.76934 0.77983 1.33195 1.84885 0.93934 0.97539 0.82686 1.92624 0.67218 1.84699 1.89617 1.11388 1.80978 1.27853 1.03374 1.06018 0.81391 1.63078 1.33780 1.70555 0.57375 0.94101 1.01348 1.75299 0.52082 1.98321 1.90020 0.62399 0.52504 0.69222 1.27190 1.46223 1.16512 1.75512 1.30885 0.53353 1.58740
0.86546 0.58832 1.72492 1.30031 0.77473 0.81971 1.72215 1.27618 1.09421 1.81107 1.02531 1.45252 1.55384 1.69103 1.90531 1.96170 1.18897 1.26694 1.92035 0.56006 1.11097 0.75716 0.90460 1.01873 1.62585 1.17349 0.64438 1.88585 1.33175 1.96927 1.51217 1.73985 0.96224 0.87347 1.83615 1.79529 0.72832 1.68908 1.09163 1.21784 1.12395 0.57023 1.32488 1.58535 0.88337 1.42252 1.82332 1.13390
0.62408 1.01734 1.98766 0.76741 1.75575 1.96400 0.58295 0.80370 0.89324 1.26044 1.67637 0.71466 1.40938 1.90199 1.04171 0.60505 0.75120 1.08293 0.64619 0.50846 0.71010 1.55779 1.29381 1.33556 0.89318 1.99143 0.88343 1.18793 1.72745 0.85838 1.83024 1.23571 0.87224 1.64600 1.45352 0.85116 1.77574 1.26231 0.72426 1.87887 1.12192 0.58539 0.53574 0.81046 1.74592 1.75233 1.56013 1.31682 1.62989
1.82007 1.50889 1.75808 1.63863 0.94321 0.99598 1.11102 1.60399 1.50060 1.54577 1.24278 1.73113 1.81242 1.42582 1.37930 1.87103 0.93217 1.11349 0.77835 0.58344 1.65059 1.49744 0.66759 1.52376 1.69962 1.90913 0.86305 0.81122 1.76610 1.50778 0.63245 0.69729 0.68344 1.76519 0.93210 1.60482 1.38922 1.12594 1.20782 1.05048 1.96373 1.84808 1.56775 0.88674 1.67262 0.80123 0.87126 1.38446 1.63495 0.86433
0.88622 0.52248 1.84664 1.00458 1.78980 1.35578 1.38050 1.07772 1.78298 0.56023 1.16621 0.70122 1.23074 1.52537 1.61055 0.52154 1.84300 0.70298 1.76240 1.28162 0.78427 1.71776 1.75051 0.75781 1.49065 0.86845 1.97981 1.03051 0.55902 1.99494 1.02554 1.48271 1.43278 1.85923 1.26815 1.88619 1.85032 1.45536 1.09347 0.55665 1.32889 1.96986 1.73048 1.28864 0.74506 0.71587 1.68287 1.60048 1.84249 1.10033 1.81693
1.78686 1.31549 1.39967 1.97603 1.84903 1.54009 1.57325 1.75981 1.81114 0.92154 1.06714 1.53568 1.52878 1.14271 1.71707 1.40790 0.59203 0.78307 1.18781 1.11816 0.64545 0.83780 1.93929 1.33956 0.55762 1.79265 0.55694 0.62878 1.06120 1.21077 0.51953 0.79877 0.65132 0.91057 0.96650 1.90585 1.68695 0.94847 1.46301 1.26147 0.50824 1.20024 1.06261 0.98524 1.68038 1.93122 0.87318 1.06173 1.40956 1.44694 1.69229 0.61807
1.47060 1.69957 1.32323 1.86699 1.01709 1.36013 1.66944 1.71202 1.23472 1.60398 0.76814 0.86046 1.80533 1.95038 1.52754 0.86414 1.22773 0.59884 1.23103 1.18370 0.71236 0.52369 0.64050 0.73104 1.05709 1.78350 1.91191 1.08971 1.35081 1.86509 1.94670 1.36741 0.70123 0.54825 0.74696 0.90795 0.73825 0.82730 1.51611 1.53952 0.88832 1.85684 0.55705 0.91245 0.85744 0.54915 1.18643 1.84364 0.98498 1.98117 1.85349 0.74584 1.43151
1.14114 1.00054 1.22755 1.00032 1.08752 0.54754 1.08858 1.38994 1.21119 1.40729 1.79870 1.72330 1.88180 1.66595 1.91805 0.52055 1.99566 0.78644 0.76568 0.65467 1.89456 0.68012 1.08467 1.61490 1.22161 1.17814 0.99278 0.83647 1.89315 0.55856 1.71476 1.55204 1.39206 1.09343 1.70845 0.61458 1.38765 1.52568 0.69452 1.50284 0.86129 0.69418 0.66050 0.81407 0.88899 1.76342 1.34360 0.62059 1.10414 1.84323 0.61342 1.47493 0.59384 1.68540
1.38180 1.49527 0.97654 0.94553 0.67016 0.96565 0.67542 1.66029 1.08651 1.13312 0.50965 1.44721 1.36959 1.52658 1.47379 0.89548 1.00358 1.85935 1.12720 1.87879 0.58672 1.51959 1.79030 1.65593 1.86485 0.59955 1.88946 1.40034 1.52217 1.94729 0.97127 1.80246 0.67616 1.62374 1.54536 0.61365 0.97757 1.90099 0.74667 1.13846 1.91222 1.74155 1.55046 0.61934 1.15255 1.59013 1.88630 1.75021 1.57644 1.92685 0.80679 0.79091 1.57498 0.65967 0.88378
0.89480 1.94277 1.07222 1.08609 1.84589 0.54616 1.94136 1.65686 1.49692 0.76947 1.30339 0.90132 0.51159 1.15245 1.56744 1.68291 0.98872 0.81397 0.75474 1.25383 0.50605 1.01935 0.64584 1.57827 1.25782 0.69506 1.62346 1.38473 0.93114 0.99824 0.60591 0.53078 0.52031 0.62678 0.81199 1.61568 1.57286 0.94295 1.41460 1.51635 0.82476 1.79449 1.96641 1.96048 0.67370 0.64507 1.93915 0.82275 1.86997 1.61246 0.81432 1.16142 1.49914 0.77480 1.49664 1.63297
0.92068 1.13473 1.11543 1.13232 0.53352 0.65038 1.86279 1.92474 0.77481 1.98679 1.02374 0.89879 0.81991 1.25376 0.85247 1.73708 0.93423 1.99483 0.83502 1.06806 1.92742 0.56051 1.25151 1.50966 0.91643 1.68050 1.06296 1.95113 0.75188 1.71567 1.18827 1.00977 0.78951 0.66019 0.63468 0.67280 1.21642 1.89338 1.50833 0.70087 0.70775 0.63040 0.55225 1.50367 1.41284 1.21141 1.19022 1.62248 1.12343 0.62851 0.82911 1.40718 0.51400 1.82166 1.91480 0.74384 1.65985
1.73767 0.81331 1.65232 1.02750 1.89415 1.75610 0.69683 0.97470 0.61494 1.89370 1.84946 1.92889 1.92766 1.63787 1.37389 1.87441 1.09689 0.93584 1.38670 1.54582 1.21428 0.87960 0.96173 1.71295 0.99203 0.75164 1.83272 0.95920 0.82961 1.26445 1.69107 1.96670 1.96482 1.38175 1.82915 1.30017 0.51248 0.77743 1.51048 1.37102 1.31341 1.18537 1.10855 1.66310 1.47947 0.59554 1.46487 1.64107 0.82208 1.11492 1.37269 0.95286 0.68377 1.43067 1.34158 0.93807 0.75629 1.34756
1.60419 1.82616 1.65007 1.37854 1.31709 1.06106 1.64975 1.16139 1.63486 1.11808 1.32542 1.74386 1.41367 1.76539 1.60922 1.49349 0.73832 1.83569 0.81859 0.74168 1.31365 0.95997 1.33214 1.09487 1.48780 1.85034 0.87572 1.87039 1.97717 1.46813 1.22359 1.70622 0.80335 0.96633 0.60713 1.94344 1.91812 1.37605 0.56214 0.75281 1.30449 0.87950 0.70832 0.58117 0.84631 0.74243 1.10708 1.53503 0.95886 1.53318 1.28767 1.01011 0.76323 0.84598 1.98028 1.90626 0.68548 1.16114 1.61139
1.64629 0.99007 1.22584 1.62243 1.51586 1.07019 1.00226 0.82690 1.83181 1.24661 1.17819 1.40100 1.60172 1.57549 0.52147 1.30860 1.21753 0.57358 1.19504 0.64019 0.58900 1.78663 0.77023 0.90609 1.75539 1.87256 1.49594 0.77879 1.88455 0.94690 1.40002 0.95085 0.51322 0.62362 1.87708 1.23794 0.81548 0.92471 1.00597 1.94353 1.45099 1.85172 1.14713 1.77155 0.57720 0.89363 1.49471 0.75114 0.88833 1.93343 1.97475 1.27276 0.57258 1.20378 1.72586 1.41919 1.33923 0.61844 1.85311 1.21220
0.99498 1.53878 0.74535 0.52147 1.97222 1.26538 0.98960 0.65148 1.14841 1.10709 0.73102 1.59378 0.84919 0.57577 1.23741 0.63831 1.17393 1.35030 1.62646 0.54760 0.87124 1.93204 0.98782 1.98039 1.71390 1.77974 1.43821 1.90590 1.74925 1.08131 1.65475 1.95167 1.91599 1.68693 0.85433 0.81895 0.77874 1.07636 1.99423 0.54778 1.83244 0.70372 0.80262 0.53332 0.94974 1.87119 0.95134 1.63972 1.29730 0.72222 1.79381 1.25047 0.97611 1.09874 1.43789 1.69227 1.97497 0.94436 0.87102 1.18323 1.69491
0.55056 1.92035 1.07159 1.94990 1.30923 1.56910 1.85583 0.92170 0.62208 1.45079 1.72269 1.21289 0.61191 0.81258 1.16249 1.45868 1.35555 1.62594 1.11521 1.88720 0.68492 0.68632 0.84238 1.89303 0.79818 1.31574 1.43979 1.38002 1.26844 1.47655 1.30479 1.07449 1.46296 1.51181 0.63782 1.21230 1.83089 1.61187 0.82796 1.71619 0.58262 1.53513 0.64814 1.12968 1.61687 1.01454 1.28333 0.78111 1.06012 1.96538 0.83660 0.86990 0.99454 1.28126 0.96996 1.88794 1.23496 1.13157 1.06404 1.93115 1.85780 0.80913
1.95890 1.86376 0.53375 1.06600 1.89086 1.85725 1.35272 0.64838 1.31894 1.87941 1.60596 1.55614 1.94186 1.79063 1.81715 1.17588 1.47509 1.76468 1.75072 1.07218 1.39293 1.70609 1.84856 0.93495 1.75377 1.93077 1.59477 1.43098 0.87588 1.42418 1.24718 1.97117 0.51267 1.12735 0.58349 1.70250 1.25106 1.61179 1.62524 0.51535 0.77870 0.82690 1.23953 1.79428 1.89135 1.93240 0.72237 1.18247 0.65389 1.14769 0.78979 0.73131 1.49584 0.55568 1.32125 1.78557 0.98490 1.76024 0.93102 1.32292 0.71468 1.76698 1.03447
1.97830 1.20335 1.18143 1.37932 1.68957 1.45199 1.03216 1.35188 1.85619 1.77604 1.80963 0.62447 1.51228 1.69205 1.57543 1.30913 1.18496 1.16885 0.65505 1.05046 1.08518 1.67789 0.95544 1.93242 0.53034 0.59084 1.05991 0.53199 1.38499 0.55083 1.55127 1.22810 1.47998 0.74468 0.87457 1.97949 1.56089 0.94009 0.68204 1.87402 1.05880 0.80955 1.37006 0.58186 0.51240 1.81961 1.45592 1.06795 1.26428 0.72314 1.28836 1.18048 1.50998 1.85738 1.11946 0.93600 1.95255 1.10439 0.58268 1.16339 0.70057 1.14023 0.67521 1.24421
1.16052 1.30916 1.53498 1.84908 1.35141 1.44942 0.92441 0.83024 0.63633 0.62160 0.98083 1.73256 1.25285 0.90920 1.92976 0.56340 0.92265 0.88206 1.86639 0.90319 1.88174 1.93896 1.12319 1.39863 1.86953 0.83492 1.05776 1.21284 1.84156 1.48068 1.67042 1.82486 0.51122 0.52564 1.58012 0.99012 1.87171 1.57310 0.94421 1.46967 1.49956 1.72172 1.17510 0.52039 0.98350 1.95169 0.94815 0.76007 0.74451 1.46112 0.85481 1.43467 1.30698 0.72184 1.32999 0.97347 0.72462 1.41288 0.76687 1.54115 1.99869 1.99947 1.23321 1.87401 1.95677
1.56134 1.64155 0.81926 1.62156 0.78738 1.81255 1.74144 0.69459 1.14024 1.13901 1.45044 0.92541 1.36073 1.88461 1.40831 1.13866 0.88467 1.72929 1.72217 1.80298 1.00821 0.74914 0.59731 0.82768 0.64110 1.36001 1.69310 1.37248 1.41128 1.14850 1.56111 1.47684 1.89215 1.16561 0.85933 0.77912 0.90279 0.87280 1.99144 0.61016 1.43641 0.70917 1.39337 1.42350 0.66753 1.63591 0.58308 1.40164 0.62861 0.97553 1.59065 1.85670 1.79259 0.91270 1.06654 1.39242 0.91029 1.52637 1.54193 1.66667 1.42947 1.31174 1.95855 0.51327 0.52487 1.99632
1.45774 1.08446 0.67161 1.96516 1.02966 0.95417 0.72679 1.86210 1.63588 1.12439 1.63074 1.95278 1.74717 1.07569 1.88469 1.83329 1.90402 1.38934 0.73986 1.47684 1.97188 0.88237 0.89271 1.72508 1.88217 1.51619 0.65511 1.50745 0.92858 1.81470 1.96894 0.98975 1.59876 1.94263 0.84384 0.57977 1.22996 1.90830 0.95788 1.75985 0.54875 1.00138 0.73677 0.84450 1.23440 1.80232 0.53221 1.17360 0.63228 0.68301 0.77223 1.06126 0.80977 1.92106 1.66874 0.58182 1.24507 1.09012 1.49294 0.64059 1.32226 1.65210 1.68527 1.05856 0.55934 0.99048 1.54444
0.91903 1.87820 1.01877 1.81269 1.16701 0.85356 0.98397 0.71827 1.34185 1.86000 1.97767 0.87968 1.76133 0.52175 1.51995 1.04556 0.57522 1.39612 1.94725 0.66754 0.87705 1.96105 1.85453 0.92726 1.43234 1.65922 1.59917 1.66507 0.81054 1.45898 0.74265 1.65167 1.33260 0.66767 0.91036 1.70991 0.89529 1.42785 1.43902 1.13813 0.66091 0.94689 1.34555 1.13120 0.94343 0.90424 1.34695 1.33431 1.76600 0.53328 0.83566 1.59170 0.53380 1.39845 1.08161 0.61437 0.78453 0.52371 1.16622 1.96025 0.93759 1.43351 1.42545 1.44245 1.23211 0.54604 0.67479 1.50721
1.83641 1.30845 1.46240 1.55042 0.63483 0.81545 1.07708 0.89967 1.67031 0.79753 0.63285 1.71344 0.87038 1.87129 0.93884 1.48236 1.26506 1.80507 0.55623 1.60533 1.23526 0.78249 1.51828 1.65285 0.55811 1.80793 1.85811 1.17688 1.90827 0.64167 1.17596 1.47883 1.05729 1.17411 0.50966 1.91588 0.84358 0.59513 0.55530 1.52979 1.37331 1.28728 0.80392 1.15917 1.37952 1.42113 0.53618 1.42218 1.01047 1.83583 0.92288 1.71016 0.70048 0.83452 0.85960 1.21337 0.55389 1.49746 0.88101 1.43444 1.08344 1.07348 0.66194 1.31100 0.50341 1.45564 1.88640 0.75209 1.82498
1.97517 0.93723 0.56038 1.17126 0.73385 1.49428 1.87626 1.91633 0.95011 1.81093 0.95547 1.54409 0.66910 1.78860 0.70308 1.17597 0.50791 0.60266 1.12018 1.50537 1.53086 0.83786 0.88619 1.20626 0.51182 1.37312 0.58067 1.94894 0.97920 1.01111 0.70323 0.70804 0.85920 1.90065 1.17654 1.51007 0.63084 1.59218 0.57229 1.18751 1.83206 1.23050 1.63457 0.82695 1.80798 1.15703 0.80182 1.33620 1.06777 0.77331 0.91961 1.18084 0.54390 1.40065 1.31077 0.63979 1.94426 0.54241 1.02250 0.86725 1.11383 1.23372 1.11936 1.71773 0.62017 0.92376 0.50568 1.94691 0.98033 1.69140
1.91169 1.93385 0.66633 1.30134 0.58319 0.53979 1.44991 1.88871 0.86494 0.58783 0.96138 1.49823 1.59299 1.79641 0.73160 1.37885 0.83599 1.59030 0.91579 0.57163 0.55910 1.66953 1.58289 1.10135 0.97264 1.11590 1.87073 1.34872 1.45619 1.34759 1.51975 0.86275 1.04070 1.15916 1.15068 1.72517 1.27201 1.63583 1.24162 1.45466 1.32834 0.68577 0.72971 1.61833 1.69253 1.31902 1.40959 1.03151 0.67345 1.27145 1.08342 1.91118 1.04431 0.82721 1.21230 0.60584 1.07680 1.27295 1.29659 1.38035 0.79209 0.59473 1.11391 0.71691 1.52798 1.01677 1.10482 1.50107 0.58176 1.50535 1.68781
1.08909 1.67777 1.93891 1.95248 1.84125 1.69616 1.82152 1.33902 1.68682 0.70735 1.38555 1.56498 1.76310 1.47826 1.71868 0.56684 0.78129 1.88569 1.64621 0.93493 0.88590 0.82590 0.73049 1.33315 1.77950 1.32511 1.67528 1.61901 1.08390 0.55655 1.31939 1.18351 1.66421 1.98473 1.44699 1.32471 1.41034 1.26645 0.63881 0.61238 0.93206 1.79669 1.10183 1.71485 1.72539 1.92758 1.28250 1.23476 0.89785 0.88039 0.96093 0.87905 1.54022 0.72212 1.90897 1.94238 1.21444 1.94917 0.75269 0.76904 1.41309 0.97704 0.69536 1.15783 0.50975 1.58169 1.26411 0.88762 1.13237 1.90853 1.72881 1.42747
1.60746 1.73352 0.65958 0.57314 1.40812 1.70561 1.37374 1.80327 1.87518 1.32478 1.15986 1.54930 1.43352 1.53765 1.95417 1.42997 0.68501 1.97707 1.72756 1.46875 1.20557 0.80798 0.56786 1.08048 1.73048 0.93340 0.73771 0.99296 1.72001 0.69965 0.63837 1.77907 0.55268 0.81884 0.80865 0.60658 1.11740 1.45580 1.40297 0.84108 1.85712 0.61036 1.35003 0.52203 1.94118 1.13801 1.52666 1.56793 1.91187 0.89017 1.11932 1.34040 1.73171 0.80811 0.83432 1.24271 1.95058 1.05301 0.69621 0.93569 1.85471 0.84022 1.71233 0.67428 0.63561 1.17027 0.92161 1.72354 0.98400 1.02100 1.61958 0.61154 0.71771
1.82047 0.78021 1.62931 1.22041 1.53173 1.26002 0.86446 0.85196 1.95990 1.77797 1.72268 1.90474 1.67729 1.08005 1.49615 1.36222 1.99814 0.97432 1.23482 1.30968 1.66274 1.25531 0.70108 1.28012 1.78893 1.08096 1.82955 0.52021 1.16452 0.81062 1.19062 1.42019 1.71007 1.90501 1.27712 0.81656 1.88962 0.81789 0.79447 1.97339 0.99832 0.73873 0.92972 0.56770 0.80544 1.46590 0.91592 1.03834 1.82828 1.03328 0.95734 1.84531 1.16639 1.34263 0.81943 1.19973 1.86236 1.68562 1.15557 0.58780 0.99128 1.02801 1.16308 1.98900 1.53527 1.54355 1.81847 1.46412 1.15733 0.65426 1.56729 1.21620 1.63082 0.63825
0.96674 1.25420 1.16134 1.54887 1.66328 0.83024 1.10098 0.97347 1.22389 1.25784 0.97520 1.55413 1.34538 0.80603 1.67438 1.10736 0.62751 0.93327 0.92133 1.92268 0.95292 1.44331 0.61843 1.36443 0.78824 1.37216 1.54381 0.98253 1.06280 1.92881 1.96188 1.55434 1.61398 1.43066 1.18036 0.86682 1.80567 1.33732 1.11888 1.51929 1.11778 1.27697 1.99642 1.25164 1.13376 0.55470 1.09317 0.70360 1.31786 1.66671 0.85591 0.55425 1.61545 1.05778 1.21452 0.85659 1.23457 1.09864 0.88190 1.24463 0.78198 1.61813 0.59400 1.72845 1.49774 1.32288 1.41249 1.19939 0.52609 0.87962 0.53830 0.82188 1.31040 1.80233 0.84017
1.43125 0.70912 1.14626 1.11145 0.82524 1.16264 1.14080 1.92180 1.16333 1.12120 1.57142 1.85802 1.85626 1.26519 1.97847 1.98689 1.87475 1.97886 1.08919 1.49181 0.82515 0.60081 1.13861 0.86601 1.33073 0.57724 1.79975 1.24949 1.37626 1.91594 1.82864 1.10269 0.53010 1.06957 1.72030 0.98843 1.80212 1.92719 0.92389 1.54548 1.89794 1.71315 1.87613 1.60883 1.20115 1.53530 0.57489 1.46880 1.59844 1.04438 1.21085 1.63977 0.84383 0.90469 1.03155 1.91326 1.78680 1.79665 1.96755 1.74276 0.68770 1.53578 1.67265 1.21586 1.95119 1.32895 1.63481 0.82152 1.58756 1.30873 1.67986 0.91349 1.50323 1.16211 0.65901 1.90257
1.74954 0.94914 1.88514 1.73262 1.91878 1.41866 1.29661 1.83729 1.80796 0.93396 0.90405 1.44576 0.95911 1.84165 1.14080 0.58423 1.05253 1.50616 1.97041 0.67221 1.82902 0.73517 0.66069 0.67357 0.54287 1.39816 1.79071 0.82392 0.82109 0.73921 1.89065 1.56179 1.95492 1.38791 1.64219 0.75052 1.22624 0.93430 1.16957 1.69912 1.79555 1.89304 0.53564 1.69032 0.65377 1.90243 1.63929 0.78906 1.93124 0.55537 1.86976 1.62460 0.89355 1.42434 1.82770 0.75609 1.42008 1.14357 0.76141 1.74881 1.68820 1.16438 1.89951 1.29435 1.30740 0.81970 0.70681 0.63891 1.07219 0.71073 1.40313 0.79510 1.66530 1.57266 1.32659 1.89905 1.38413
1.18452 0.65077 1.89896 1.15174 1.72777 1.58307 0.54260 1.85629 0.67414 0.66173 1.15100 1.89085 0.93534 0.69252 0.57084 0.83068 0.93139 0.94527 1.11835 1.91020 1.26035 1.68263 1.59849 1.15604 0.77845 1.90799 1.87014 0.58726 0.98106 1.30407 1.40409 1.57368 0.81990 0.55258 1.86118 1.78908 1.46437 1.88119 1.32189 1.71256 1.91680 1.19176 1.57654 1.12126 1.01363 1.83660 1.89784 1.65320 1.50721 0.86724 1.82079 1.80636 1.67299 1.10703 1.77225 0.55959 1.36497 1.16313 0.74910 1.62614 1.44776 0.78151 1.49399 1.40927 0.61801 1.16722 1.12175 1.71643 1.05900 1.96712 1.30863 1.62848 1.25024 0.70286 0.62166 0.71046 0.63797 1.53147
1.91643 1.76339 0.69033 1.98258 1.87406 1.25035 0.62161 1.76676 1.74459 0.67801 1.66395 1.95752 1.91386 1.53298 0.90739 1.08057 1.32583 1.71065 1.44469 0.72322 1.67643 1.77223 1.96770 1.53467 1.76637 1.57626 0.68727 0.88162 1.75597 0.81415 0.65003 1.16542 0.69570 0.58411 1.02254 1.32927 1.19299 1.74417 1.85761 1.07765 1.35928 0.52734 1.34112 0.90237 1.99295 1.05893 0.94369 1.24338 1.47826 1.03882 0.78845 0.76077 1.69626 1.99675 0.64982 1.74693 0.69711 1.92134 1.25760 1.25989 0.75365 1.66348 1.01141 1.64245 1.84183 0.88048 1.50870 0.85478 0.99591 1.06039 1.60933 1.16022 1.37393 1.08575 1.98196 0.53203 1.82152 0.99378 0.95236
0.88357 1.98494 1.43548 1.02613 1.99883 1.07426 0.51369 1.18852 1.20958 1.84595 1.22681 1.44628 1.98155 1.12574 0.78440 1.57950 1.73797 1.37527 1.67030 0.74014 1.44786 1.41500 1.20212 1.31330 1.66587 1.89861 1.10360 0.50099 1.39990 1.48106 1.38076 1.03871 1.55857 0.93573 0.97349 1.39786 1.97859 1.30607 1.34536 1.45333 0.65134 1.41780 1.79090 0.74830 0.56748 0.56203 1.12450 0.63056 0.50256 1.08711 1.43935 0.67048 1.78565 1.20964 1.90867 1.58305 1.51093 1.14967 0.52604 0.65070 1.93895 1.68148 0.58803 1.75454 1.57110 0.91564 0.56044 0.96695 1.38152 1.67318 1.65574 0.85760 1.48495 0.71078 1.64750 1.39502 1.79059 0.60920 1.86029 1.06341
1.12293 0.96022 1.76510 1.24132 1.23832 0.59440 0.85300 1.47158 1.56073 0.79384 0.57371 0.94033 1.48232 0.99305 1.29370 1.00197 1.53885 1.75369 0.92783 0.91886 1.62936 1.52956 0.99381 1.22627 0.51998 0.93554 1.91038 0.52931 1.34473 1.13025 1.72294 0.55506 0.97414 1.37734 1.94277 1.13384 1.37262 0.76178 0.80159 1.12415 1.58358 1.37037 1.18366 1.47181 1.72195 1.41025 0.72749 1.93311 1.74761 0.70039 0.57120 1.11485 0.73426 0.93733 0.75604 1.09200 1.71613 0.69968 1.29644 0.64335 0.90268 1.77703 0.76196 0.68684 1.50347 1.69991 1.54631 1.56245 1.04070 1.52735 1.78034 1.39761 1.53297 1.46241 1.29283 1.75061 1.18105 1.77754 1.16229 1.02611 1.73792
0.60832 1.23506 0.86393 1.86315 0.92425 0.89449 0.56955 1.81254 1.82541 1.97905 0.97496 0.81662 1.79394 0.99807 1.11117 1.22877 0.93844 1.94420 0.86184 1.63952 1.30334 1.66695 0.73412 1.92193 1.69772 1.11220 1.42365 1.19658 1.70860 0.52957 1.98236 0.74809 1.42633 1.32124 1.95095 1.39447 1.59646 1.76556 1.61074 1.14077 0.89442 1.44025 0.99548 1.59694 0.56145 0.67415 1.55758 0.76360 1.67988 0.78377 0.58571 1.56538 1.16743 0.56691 1.80514 1.05835 1.08126 1.10714 1.61208 1.96929 0.72553 0.71929 1.21350 1.52085 0.94220 1.43041 0.75829 0.62252 1.50548 1.41019 1.13340 1.77695 1.68217 1.46894 1.46586 1.37945 1.18403 1.20215 1.76076 1.61455 0.76373 1.95122
1.57139 1.63224 1.62905 0.80437 1.29176 0.52472 1.61454 1.87340 1.74381 1.27271 1.13960 1.01055 1.42561 1.50979 1.07889 0.93715 1.06296 1.04043 1.21376 1.11266 1.95745 0.65095 1.85731 0.56652 1.60846 1.05051 1.82909 0.58262 1.94342 1.12190 0.91591 0.62408 1.03524 1.78020 1.08978 1.10404 0.51142 1.67863 1.69507 1.58253 1.89264 1.65081 1.12674 1.31997 0.51677 1.28827 1.08936 1.83769 1.90517 1.09661 1.92429 1.72510 0.97351 1.26123 1.52580 1.45470 1.15842 0.96730 1.48474 1.32601 1.81469 0.88102 0.76872 1.63095 1.20430 0.95077 0.95007 0.74992 0.51516 1.16442 0.76639 0.54417 1.64829 0.81023 0.62934 1.93943 0.65849 1.84978 1.97693 1.17649 1.39463 0.73929 0.84343
1.42144 1.79174 0.61541 1.47463 1.26965 0.97208 0.52906 1.29898 1.69309 1.45066 0.78904 1.77101 1.17716 0.71170 1.73937 1.43033 0.76487 1.26661 0.93643 1.23982 1.48582 1.93986 0.79298 0.57679 1.30924 0.60340 1.55582 1.68262 0.61913 0.81403 0.50321 0.53103 1.11147 1.53924 0.87336 1.96512 1.38865 0.52417 0.66922 1.33219 0.79603 0.72304 1.25130 0.83888 0.87989 1.29472 1.11743 1.40936 0.77587 0.94563 1.36270 1.42333 1.75464 0.63916 0.58310 1.41790 1.91614 0.60098 1.25697 0.86186 1.24325 1.92468 1.85429 0.74737 1.73292 0.96653 1.63739 0.90362 1.12230 0.82081 0.61797 1.86990 1.43064 1.97572 1.92426 1.06254 1.50693 1.88178 0.92042 1.79283 1.35118 1.31138 0.81304 1.46666
1.21773 1.89233 0.71595 1.84129 1.28705 0.61447 1.95272 1.23975 0.72473 1.37727 1.94989 0.77889 1.88616 0.73820 1.43763 0.79446 1.30852 1.54411 1.33442 1.47231 0.64555 1.71277 0.99449 1.43653 1.73434 0.98130 1.31324 0.64039 1.55298 0.71314 1.31593 0.99923 1.52827 1.12464 1.23670 1.19412 1.21677 1.08608 0.92361 1.47448 1.36002 0.67905 1.70085 0.63227 0.50132 1.05694 1.27293 1.10470 0.96234 1.46739 1.71561 1.96637 1.68847 1.89822 0.51263 0.95639 0.54293 1.12370 1.77131 1.32930 1.44832 1.53667 1.76554 1.81545 1.09869 1.03567 0.61689 1.41909 1.88854 1.24276 1.33164 1.09665 0.61383 0.75409 1.86459 0.91890 0.81266 1.57179 1.15688 0.51197 1.78786 1.87032 1.58999 1.94954 1.33432
1.86136 1.03404 0.54909 0.50764 1.30793 0.50679 1.46848 1.48463 1.83658 1.33025 0.68413 1.68480 0.85578 1.61475 1.70754 1.79059 1.09686 1.52202 0.69881 0.66021 1.37297 0.89290 1.76219 1.63308 0.97481 1.18007 1.75019 1.90998 1.87115 1.22891 1.12032 1.83689 1.98285 1.43524 1.78211 0.50574 1.31750 1.06210 1.69289 1.77643 1.05061 0.62585 1.77006 1.40777 1.93892 1.31280 1.04814 1.69039 0.83303 1.62477 0.89866 1.87522 1.46555 1.97536 1.47546 1.25481 0.97784 1.50690 0.54713 0.88263 0.91684 1.57023 1.04708 0.96538 1.99094 0.98375 1.03511 1.08535 1.30996 1.40268 0.89963 1.52909 1.15140 1.75368 1.42611 0.86282 1.72489 1.90888 1.06962 1.54423 1.30010 1.05404 1.98019 1.04535 1.66349 1.24596
1.96567 0.96401 1.91394 1.63468 1.41909 0.95139 1.11562 1.55407 0.68282 0.88023 1.51145 1.85506 1.42485 1.57551 0.71936 1.21557 1.98375 0.94455 1.02470 1.99146 1.18229 0.72308 1.04089 1.48110 1.08968 1.06789 1.40553 1.05938 1.70764 1.09793 0.99765 1.33308 1.91450 0.80528 0.82645 1.89802 1.49621 1.21370 1.54732 1.88657 0.85493 0.66453 0.53757 1.97280 0.95450 1.76911 1.31638 0.79509 0.99165 1.68956 0.99780 1.44413 0.82424 1.58934 0.51231 1.70900 0.65181 1.52624 1.70590 0.50099 1.88590 1.25196 1.01162 1.80817 0.84033 1.80079 1.76809 0.86510 0.84137 0.53806 1.71639 1.18402 1.89718 0.81114 1.55396 0.79716 1.33772 1.74662 1.94769 1.52537 1.30333 1.18684 0.86653 0.72339 1.68311 1.17229 1.95711
1.77532 1.73598 0.91243 0.91752 0.50035 1.47750 1.08470 1.53638 0.91522 0.73196 1.06772 0.78475 0.83837 1.94692 0.59506 1.92572 1.54878 1.08795 1.64662 0.87163 0.93657 0.98789 1.65321 0.78157 1.50568 0.67011 1.66957 1.25950 1.12519 1.72364 0.91119 1.46531 1.23216 1.79449 1.44931 1.35049 1.12250 0.52230 1.81940 1.65213 1.03846 0.80519 0.79278 1.22051 1.92897 0.91878 1.75634 1.44798 1.44862 1.22397 1.08679 0.75989 1.23719 1.20758 1.90171 0.80152 0.87587 1.23385 1.34608 1.36667 0.57443 1.75179 1.74118 1.10205 1.24756 0.69427 0.79753 1.09749 0.59695 0.85268 0.89712 1.43105 1.56336 1.69335 1.59102 1.95217 0.52641 1.17646 1.33080 1.49909 1.36616 1.53919 1.03164 0.59431 1.15742 0.56119 1.61862 0.70420
1.67059 1.88938 0.81299 1.85638 0.63888 1.30612 0.64632 0.53215 1.70435 0.68219 1.65561 1.23989 1.58267 1.54008 1.26795 0.79676 0.80294 1.65437 1.93419 1.27936 1.37617 0.61694 1.10017 1.68458 0.77054 1.27386 0.54122 1.47585 1.47347 0.89803 1.29849 0.79266 0.90902 1.72131 1.39719 1.82073 1.14509 1.83611 1.40757 0.98136 1.38825 0.90778 1.56030 0.58924 1.76566 0.61224 1.47853 0.92484 1.83843 0.62172 0.92309 0.75411 1.52983 1.19993 0.98704 0.68792 1.36946 1.39460 1.15051 1.52852 1.82866 0.93124 1.62999 1.41032 1.72137 0.54120 1.69989 1.68823 1.46979 1.31774 0.98037 1.29834 0.51879 1.05693 1.37971 1.43911 1.21093 0.96176 1.29165 1.56022 1.11240 1.55281 0.58400 1.18524 1.07188 1.76613 1.02067 1.62063 1.69427
1.08901 1.24454 1.64630 1.99397 1.60801 1.80110 0.70586 1.10859 1.19591 1.20635 1.87114 1.75928 1.57745 0.88694 1.79017 1.17472 1.75469 0.78766 0.65690 1.74957 1.33039 1.05370 1.90458 0.50491 1.83687 0.62489 0.88813 1.96287 1.09201 1.43414 1.55005 0.68206 0.50552 0.75913 1.31709 1.05533 0.81407 1.04799 1.68957 1.06394 1.46240 0.86105 1.73281 0.66285 0.75361 1.65807 1.51382 1.10074 0.98401 1.53937 1.74474 1.42873 1.67899 1.41089 0.75627 1.79109 1.96226 1.35228 1.05884 0.94399 1.11108 1.65527 1.35211 0.60270 1.78480 1.40970 1.53265 1.38926 0.92247 1.32234 0.77513 0.98411 1.87286 1.70521 1.93378 1.95104 0.75174 1.17467 1.25075 1.42988 0.63050 0.87476 1.62041 1.06772 1.71108 1.36117 0.67177 0.87529 0.67679 1.25668
1.75413 0.66981 1.85469 0.96628 0.96687 1.02038 1.45121 0.74873 1.33231 1.38485 1.79139 0.64933 1.45346 1.62346 0.87127 1.42443 1.96769 1.87215 0.50397 0.59266 1.81275 1.56444 0.92349 0.81619 1.31093 0.57004 1.75292 0.71694 1.10300 0.91235 0.72976 1.01467 1.76570 1.18946 1.55800 1.27937 1.45649 1.03940 1.02739 1.13650 1.81645 0.73187 1.89734 0.68447 1.70582 0.96769 1.30752 0.77356 1.86824 0.60105 1.37684 0.70851 0.88361 1.59273 0.66047 0.79537 1.49709 1.22107 0.93671 1.54134 0.50086 1.89052 0.77380 0.68012 1.52344 1.49747 0.72931 0.72856 0.53039 0.79781 1.97894 1.53250 1.75307 0.81138 1.85260 0.65761 1.79658 1.95276 0.55523 1.51986 1.14733 1.24689 0.79047 1.73467 0.73842 1.58992 1.14316 1.93390 1.99698 0.87870 0.93780
1.37446 0.59416 0.75844 1.65361 1.29238 1.18764 1.22218 1.17210 0.91880 1.27953 0.53174 0.66589 1.56409 1.75457 1.69516 1.59984 1.08804 1.38159 1.27827 1.90591 0.76692 1.24995 1.46452 0.58878 1.57088 1.61758 1.82087 1.03259 1.49743 1.74867 1.54554 0.79911 0.69506 0.88168 0.68333 1.75427 0.85742 0.92361 0.68661 1.33950 1.19306 0.82382 1.47549 1.82556 0.83398 0.51270 0.69020 0.55198 1.20351 0.79155 1.35874 1.05988 1.30125 0.54294 1.11457 1.33942 1.13928 1.44412 0.74352 1.70615 1.26065 1.15640 1.37749 0.55569 1.34481 1.66622 0.86744 1.81896 0.72770 0.65256 0.98086 0.78711 0.76843 0.69020 0.81365 1.35781 1.25603 1.75635 1.31279 1.44864 0.64812 0.59896 0.61686 1.15936 1.95113 0.92472 0.67393 1.87955 1.38548 1.76452 0.59286 1.50402
1.18791 0.61146 1.45911 0.90454 0.75992 1.63294 0.67601 1.37500 1.87506 1.57774 0.60750 0.85398 0.77893 0.62548 0.76106 1.76499 1.17660 0.64147 1.17783 1.09162 1.94274 1.55622 1.04563 1.76216 0.85723 1.48304 0.76257 1.59889 1.27519 1.01024 0.92663 0.58002 0.97574 1.69225 1.67549 1.03894 1.99388 1.11939 1.35484 0.66790 1.39709 1.10294 1.04570 1.66561 1.21064 1.12021 0.62808 1.42631 0.60476 0.56358 1.42299 1.92644 1.55047 1.46656 0.88912 0.70456 1.17949 1.07172 1.20798 1.09611 0.94676 0.74074 1.84118 1.63170 1.69259 1.75907 0.92095 0.76259 1.25726 1.98744 1.88681 1.56193 1.67861 1.58098 1.81728 1.26130 0.70357 1.57819 0.96183 0.79850 1.28640 1.14766 0.87664 1.60921 1.80725 1.07878 1.62236 0.54828 1.92319 0.90603 0.70090 1.65092 1.29136
1.19464 0.91021 1.69025 1.59567 1.07705 1.00821 1.98055 0.57378 1.92024 1.73142 0.58657 1.49740 1.47236 1.87878 0.77911 1.24351 0.56115 1.05460 1.84735 1.39993 1.31254 1.00595 1.98954 1.61554 1.97729 1.93498 0.58417 1.01279 1.78386 1.13123 0.81671 1.73752 1.06731 0.91977 1.40756 0.81821 1.98597 1.23543 0.50769 0.61307 1.63282 1.31344 0.91950 1.53408 1.60775 1.05091 1.39193 1.81728 0.81973 1.71509 1.71953 1.43154 0.85082 1.44861 0.76152 0.61419 0.60987 0.65098 1.92430 0.86850 1.95672 1.85103 0.65417 0.74504 1.24382 1.64942 0.50634 1.79880 1.97001 1.39240 1.81399 0.84179 1.94668 1.99890 1.24356 0.76745 1.31337 1.16071 1.27391 1.18429 1.26687 0.57705 1.01971 0.86377 1.81530 1.10064 0.56453 0.55142 1.04301 1.87197 1.08726 1.49321 0.80233 1.53734
0.73150 1.40418 0.54264 1.07642 1.17604 1.35838 1.95711 1.66972 1.59956 1.99513 0.66276 1.09879 1.75353 1.37402 0.77354 0.85115 0.64305 0.94527 1.54973 1.00334 0.92675 1.18764 1.37739 1.15526 0.72087 0.58313 0.70531 0.90036 1.23803 1.35984 1.36240 1.86589 1.39939 1.14985 1.32101 0.81189 1.34065 1.16276 1.99370 0.58898 1.86687 0.85461 1.48278 0.58896 0.82239 1.55660 0.81023 1.87332 0.52895 1.31813 1.42931 0.70376 1.89195 1.22747 0.78677 0.79776 1.20564 1.35253 1.44617 1.02477 1.56439 1.30950 1.48013 1.61624 1.12838 0.92197 1.93990 0.70656 0.60402 0.76760 1.79184 1.48047 0.71700 0.72762 1.18931 0.54606 1.03643 1.05554 1.94978 0.89890 1.20873 0.74442 1.88015 1.76683 1.56709 1.85638 1.04822 1.10970 0.89776 0.79719 1.91678 1.66882 1.38153 1.60401 1.93144
1.84947 1.92401 1.61186 0.72917 1.93091 0.99024 0.69261 0.98411 1.82376 1.50509 1.85974 1.40271 0.90880 1.78276 1.20088 1.76635 0.94583 1.93175 1.89805 0.60367 0.54904 0.91683 1.79719 1.47222 0.67537 1.44421 1.15054 1.51223 0.99136 0.60570 1.98047 1.33640 1.89384 1.53043 1.04016 0.92379 1.59774 0.93740 1.38889 0.63547 0.81328 1.53425 0.55306 0.95295 0.70032 0.51930 0.95600 1.82832 0.91649 1.05728 1.10266 0.93319 1.76116 1.58478 1.72041 1.72121 1.06178 0.55096 1.78010 0.62043 1.81817 1.89756 1.29929 1.65329 0.74513 0.88852 1.28856 1.81860 0.64362 1.47268 1.73389 0.97741 1.25899 1.82221 1.24136 1.33242 1.73724 0.63165 0.90085 1.24613 0.62539 0.90204 0.78531 1.33976 1.37851 1.32656 1.45282 0.68270 1.22780 1.96699 0.65164 1.52311 1.91892 1.42882 1.91653 1.70015
0.87418 1.33372 0.66063 0.97871 0.78895 0.59721 1.13130 1.24774 1.75475 0.68549 1.32711 1.36729 0.57786 0.69397 0.85657 0.59001 0.67781 1.05961 1.48613 0.99134 1.65646 1.78543 0.56078 0.65824 0.67175 1.45512 1.18349 1.16020 1.73793 1.20996 1.25193 1.85962 1.77656 0.56246 1.31672 1.53090 0.74153 1.96534 1.49105 1.79272 0.58994 1.56858 1.12366 0.76641 0.74219 1.62096 1.99044 1.15724 1.60816 1.12555 1.05100 0.65019 1.65558 1.38249 1.92444 1.05693 1.26182 1.95844 1.60026 1.72545 1.96664 1.12959 1.64263 0.68049 1.54502 0.77422 0.64423 0.54179 1.85700 0.67484 0.78307 1.26814 1.49371 0.99141 1.55779 1.44224 0.54561 1.74648 0.55766 1.93364 1.18075 1.00903 0.91038 1.90472 1.81037 0.77605 1.28608 1.05997 0.60810 1.34275 1.25458 1.53395 1.72689 1.92379 0.89686 0.55100 0.76518
1.89096 1.70929 1.97975 0.70014 0.60110 1.18273 1.12037 0.78167 0.77623 1.00111 1.77521 0.61974 0.93128 1.25778 0.66045 1.26506 1.10827 1.80143 1.03141 1.30115 0.56155 0.67474 1.31026 1.81747 0.71842 1.82513 1.73284 0.98251 1.90834 1.39461 1.70462 1.05658 1.59391 1.74084 1.85246 1.33352 0.81086 1.65917 1.52372 0.84673 1.27971 1.53001 0.66274 1.66451 1.39024 0.81505 1.10042 1.10527 0.61912 0.60886 1.91570 0.61668 1.23197 1.35776 1.40138 1.01680 0.64171 0.57459 1.41987 1.56583 1.80111 0.65522 0.61654 0.98459 1.14911 1.87958 1.70630 1.41695 1.08091 0.90682 1.90231 0.98346 1.87315 1.75243 0.92804 0.62884 0.88770 0.78161 1.15157 0.83098 1.15422 1.03753 1.46097 1.23165 1.60802 1.15260 1.60156 1.84866 1.67645 1.25231 0.85892 0.95259 1.57841 1.96769 1.06364 0.61559 0.89642 1.19663
1.05177 0.97891 1.65757 1.49887 1.03893 1.12033 1.72494 1.61243 1.48161 1.07359 1.24944 0.85881 1.67078 1.92380 1.42168 0.78196 1.43416 1.72153 1.37051 1.38148 1.07872 1.36072 0.51299 1.09522 0.50406 1.69761 1.77497 0.58107 1.03306 0.58261 1.72819 1.50346 1.85351 1.66227 1.05334 1.96000 0.92017 1.84780 0.58480 1.85225 1.86054 0.70448 1.53873 1.08976 1.65123 0.89700 1.02122 1.53885 1.29731 1.19887 0.74305 0.85188 1.08702 0.86720 1.32851 1.43340 1.50462 1.08330 1.00082 1.09081 0.65068 1.63398 0.72881 1.68905 1.00428 1.28142 1.97998 1.50332 0.76096 1.75806 1.91815 1.94932 1.81003 1.18010 0.70401 1.76589 1.27114 0.70982 0.74066 0.87468 0.80460 1.55443 0.52558 1.59138 1.98837 1.29173 1.01141 1.45586 0.85418 1.23855 1.50269 1.44909 1.29156 0.99742 1.96294 1.83699 0.69824 1.98123 0.99970
0.75853 1.52711 0.88783 1.95210 1.06484 1.25535 1.15706 1.78052 1.03936 1.91927 0.60928 1.42104 1.70122 1.20683 0.61099 1.25812 1.23435 1.31673 0.83403 1.89945 1.40162 1.28171 1.14233 1.31778 1.82806 0.77549 1.69688 1.57953 0.93874 1.96436 1.67961 1.31463 0.87754 1.25179 1.89839 1.55846 1.26203 0.70158 1.26899 0.63839 1.12652 1.26086 1.69864 0.78925 1.95970 0.65828 1.79113 1.70509 1.87409 0.62339 1.33613 1.25107 1.72561 1.91354 0.79400 1.51757 1.32575 1.86415 0.51126 1.10080 1.12293 0.52803 1.39658 1.54613 1.55287 1.62293 0.54860 1.19072 1.09008 0.87744 1.79296 0.81562 1.03480 1.40127 0.95732 1.06774 0.85875 1.76446 1.85714 0.71252 1.21318 1.92575 0.68630 1.38727 1.40814 0.99461 0.65773 1.93386 1.02533 1.87441 0.77694 1.49768 0.80085 1.74501 1.99426 1.20449 1.59325 0.88439 1.00158 1.12985
0.88822 1.13473 1.07314 1.05421 1.75558 1.97996 0.83143 0.58825 0.72319 1.82451 0.96661 1.37250 1.87200 0.75752 1.98036 0.55546 1.66358 1.65329 0.56576 1.26825 1.68012 0.89899 0.90275 1.66229 0.78915 0.88807 1.97132 1.88010 0.87793 0.96285 1.59412 1.88926 1.54527 1.10317 1.75967 1.74940 1.95082 1.31626 0.50459 1.91379 0.68621 1.01615 1.02502 0.84869 1.29284 1.52785 1.51552 0.71539 1.36739 0.98325 1.72507 1.18770 0.51982 1.17543 0.69343 1.90791 1.75066 1.72328 1.27396 1.58899 1.64821 1.51562 1.09054 1.13870 0.64319 1.74397 1.57153 1.76229 0.86369 0.80216 1.90228 1.58988 0.50194 0.67460 0.63571 0.70705 1.11164 1.97407 1.73973 1.67958 1.43702 1.97951 0.72780 0.57615 1.30748 1.98496 1.53971 0.97446 0.55854 0.72096 1.52273 1.03147 1.16437 1.02654 1.78986 0.71915 0.75634 1.15572 1.01477 0.96530 1.78339
1.94308 1.78902 1.99929 1.49003 1.36329 1.14516 0.93379 1.10098 1.00475 0.59596 1.35852 0.52643 1.41706 0.95905 0.81008 1.42314 1.09819 0.57152 1.44299 1.70157 1.40142 1.40863 1.38678 0.77189 0.79404 1.09714 0.97206 1.72192 1.88521 1.00577 1.73913 1.12123 0.91379 0.75031 1.25891 1.83465 1.00820 0.58684 1.42208 1.04522 1.86654 0.85844 1.73892 1.21148 1.79081 0.79972 1.61738 1.64205 0.75816 1.75077 0.88524 1.23911 1.08296 0.88898 1.81035 0.78932 0.85302 0.94217 1.64028 1.18178 0.60596 0.66373 0.88217 1.92326 0.71315 1.46322 0.91597 0.53777 0.58360 1.07711 1.26930 1.15069 0.59723 0.55269 0.72011 1.78224 1.99144 1.89430 1.39024 1.50550 0.62484 1.11100 1.52240 1.33043 1.31731 0.61325 0.86451 1.24319 1.40900 0.57982 1.31675 1.30668 1.06646 1.36249 0.74792 0.86251 0.52065 1.78045 0.85234 1.51163 1.29779 0.52197
0.65150 1.12769 0.96543 0.82970 1.85348 1.78919 1.21282 1.48787 1.59924 1.66943 1.77827 0.81696 0.81427 1.37833 1.67508 1.77756 0.58119 0.55819 1.21026 0.99642 1.82660 1.57376 1.47343 1.15603 0.92220 1.79038 1.65016 0.90682 1.42483 1.28463 1.12283 1.62921 1.74147 1.45275 1.65062 1.23288 0.87154 1.94974 0.87916 1.88292 0.82538 1.36639 1.50820 1.76583 0.81062 0.85696 1.08006 1.04509 1.02666 1.19210 0.56928 0.58557 1.89835 1.02898 0.60070 1.58432 0.80348 0.73770 1.92442 1.98565 1.44098 0.88386 1.11453 0.85474 1.27954 0.61672 1.35797 1.83092 1.27123 0.50234 1.63645 0.94339 0.73347 1.93852 0.77606 1.75853 1.87305 1.67618 0.51473 1.39994 1.41687 0.92257 1.33427 1.47178 1.44370 1.34522 1.34111 1.07216 0.67400 0.80480 1.90945 1.15147 0.65734 0.98030 1.53613 0.85690 0.97058 1.97325 0.64886 0.67069 1.05784 1.19932 1.78711
1.05955 0.69843 1.28622 0.69011 0.90595 0.81835 0.88692 0.56173 1.96602 1.21011 1.37373 0.92936 1.68277 0.55200 1.88648 0.96153 1.90187 0.85811 1.27097 1.23808 0.69366 1.93968 1.34858 1.30087 1.11040 0.61182 1.38438 0.96076 1.62048 1.93765 1.61440 1.73128 1.18583 0.56415 1.21361 0.78161 0.88501 1.02839 0.95924 1.14156 0.58906 1.62057 1.77514 1.52115 0.52215 1.00273 0.74584 1.79633 0.60772 1.14566 0.82062 1.19251 1.46705 0.71237 1.36966 1.27053 0.54521 1.30752 1.86873 1.92444 0.73561 1.89137 0.64106 1.29850 1.96807 1.64510 0.61745 1.79517 1.62523 0.65738 1.05725 1.12363 1.61147 1.72209 1.76416 0.52288 1.83283 0.85956 1.66016 1.56620 0.81770 1.94472 1.06877 1.32313 0.96053 1.68973 1.01148 0.68758 0.58338 1.18166 1.30176 1.49764 0.59330 0.97132 0.94932 0.65127 0.82436 1.96926 1.81021 0.94998 0.52390 1.21157 1.76316 1.62949
1.79301 0.74998 0.61852 1.15466 0.61810 0.76774 0.76212 1.35352 0.77063 0.76362 0.85018 1.29006 0.53066 1.36718 1.03459 0.83043 1.23333 1.80065 1.18693 0.62117 1.94018 1.26650 0.78862 1.53145 1.23885 1.47731 0.98410 1.10323 1.61805 1.37826 0.94565 1.08002 1.35786 1.61828 1.12391 1.43805 1.48719 1.22482 1.37822 0.97730 1.53235 1.24090 1.98311 1.38478 1.76961 1.68008 0.51079 0.68714 1.36143 1.89409 0.54848 0.94079 1.54405 0.83155 1.59715 0.93440 1.48939 0.79071 1.40546 0.51522 1.22638 1.84695 1.70097 0.98859 1.29171 0.86004 1.99973 1.97215 1.89894 1.26970 1.85349 1.04659 0.66200 1.02128 1.65963 0.52181 1.28351 1.25179 1.71755 0.65187 1.95967 1.55668 0.56078 0.65321 1.51881 1.71395 0.88115 0.72389 1.93444 1.72553 0.63621 0.62381 0.92677 1.34733 1.66146 1.31103 0.99321 1.16259 0.67004 1.10312 0.71536 1.21731 0.77459 1.79327 1.81731
1.77305 0.70779 0.51866 0.97872 1.38979 1.15338 1.56017 1.41528 1.32597 1.24481 1.71588 1.17225 0.70233 0.64895 1.02994 1.93050 0.50776 1.54841 1.93053 1.47693 0.74601 1.61542 1.77480 0.51171 1.17503 0.77840 1.28774 1.34098 1.84739 1.04305 0.53945 0.71410 1.69523 0.58108 1.43020 0.52842 0.73754 1.46228 0.86241 0.86507 1.08047 0.55383 1.76520 1.93072 1.34000 0.51544 0.81156 1.01741 0.80380 0.74875 1.22477 0.50404 1.54251 0.93556 1.50157 1.93683 1.80123 1.59839 0.83385 0.97536 1.69796 1.79482 1.47553 1.68614 1.80936 0.61618 1.07066 1.09150 1.12520 0.61846 1.73853 0.82102 1.72795 1.31541 1.88893 1.97299 1.90683 0.97059 1.86495 1.79656 1.08546 1.85963 1.03570 1.25362 1.76237 0.90136 1.33885 1.78989 1.87128 1.46273 1.69529 0.63016 1.51033 1.35491 0.60602 1.02243 1.12026 0.74588 0.97862 1.87538 1.70230 1.06357 1.99213 1.45962 0.81836 0.76660
1.28956 1.49362 1.24603 0.91093 1.23295 1.48744 1.17085 1.05108 1.90533 0.76109 0.78163 1.80135 1.92281 1.24191 0.83677 1.92494 1.59177 1.63438 1.24083 1.97124 1.62264 1.86876 1.41448 1.83381 1.69808 1.88117 1.95962 0.62511 1.64207 0.96432 1.11856 1.98182 1.42045 0.88961 1.94249 1.75024 0.76719 1.89684 0.91961 0.57170 0.88386 1.18406 0.73532 1.06066 1.75050 0.69317 1.53265 0.65208 0.84093 1.54277 0.71468 1.21499 1.15321 0.78179 1.27293 1.19292 1.29992 1.81304 0.85721 0.62757 1.34517 1.92840 1.51157 1.98199 1.65763 0.69850 1.73921 1.85375 1.92735 0.80037 1.04422 1.04690 1.25433 0.97688 0.80589 0.62585 0.78871 0.80889 1.62068 1.47024 0.99483 1.48852 1.14227 0.96759 1.36165 0.88520 0.82493 1.48558 1.72980 1.24466 1.47136 1.91823 0.97421 1.06722 0.66699 0.83626 1.80656 1.00484 1.40608 1.21986 1.27781 1.76091 1.69670 1.58660 1.84721 0.73056 1.70619
0.75171 1.57488 1.72012 0.85491 1.65492 1.74892 0.89746 0.98751 0.69075 0.71487 1.51550 1.89880 1.02181 1.56975 0.86097 0.75942 1.56446 0.86854 1.80233 1.52806 0.94539 1.22539 1.61397 0.85081 0.79532 1.61781 1.84212 0.90732 1.37473 1.71009 1.73617 1.96124 1.87662 1.25510 0.67854 1.45008 1.57146 1.54152 1.95158 1.72401 0.63823 1.30418 1.54770 1.68800 1.70043 0.83439 0.79603 1.04735 1.41542 1.93186 1.73964 1.57186 0.74549 0.73437 1.62211 0.69578 1.59775 1.36527 1.37558 1.14186 1.70352 0.90956 1.86700 1.30858 1.67975 0.88410 1.91590 1.41846 1.63782 1.46363 1.35677 0.92902 0.50131 1.07119 1.84935 1.52648 1.40191 0.68577 1.93684 1.76886 1.76750 0.77062 0.56240 0.65492 0.51791 0.98419 0.51305 1.48053 0.70228 1.99001 0.55901 0.72079 0.57464 1.28282 1.92088 1.02500 0.68312 1.90121 0.72747 1.17169 0.51869 0.77150 1.16086 1.56083 1.45142 0.53444 0.97183 0.83528
0.66996 0.70524 1.93885 1.86861 1.63779 1.21529 0.97783 1.99250 0.91040 1.06778 1.04252 1.76114 1.92287 0.94116 0.55776 1.60509 0.56647 0.99772 0.63588 1.38224 0.51006 1.11830 1.48281 1.93738 1.11839 1.06903 0.71156 0.96334 1.30101 0.79375 1.41157 1.95877 0.98756 1.02654 1.56761 1.28268 0.72168 0.69150 0.92228 1.61732 1.07647 0.90602 1.52551 1.50875 1.11420 0.88969 0.55455 1.21399 1.71231 1.67601 1.14133 1.33934 1.68080 1.48864 1.67803 1.32360 1.55644 1.06854 1.88870 0.99899 0.79504 1.81131 0.77189 1.52878 1.97956 1.51666 1.51887 1.79690 1.06674 1.11043 0.87098 1.39200 1.90830 1.90489 0.72868 0.94264 1.37444 1.28642 1.91691 1.75524 1.00611 1.78984 0.81559 0.90738 1.18791 0.54172 0.75648 0.59603 0.81004 0.53493 1.98698 1.91242 0.81547 0.98425 1.54045 1.41359 1.23391 0.83260 1.36942 1.23223 0.87874 1.25486 1.68238 1.49383 0.58485 1.14068 0.98644 1.78221 1.17775
1.63945 1.69148 1.90860 1.29184 1.46486 0.89812 1.74381 0.85292 0.84849 1.71854 1.68276 1.57903 0.95978 1.05543 0.79096 0.96985 1.41309 1.07343 1.84306 1.45784 1.14138 1.21550 1.97892 0.91108 0.59125 1.47123 1.86956 1.00845 0.71967 0.83886 0.63477 1.71660 0.94871 0.84805 0.89911 0.51628 1.42822 1.88282 1.20113 1.39750 1.72382 1.08488 1.57655 0.51794 0.94755 1.99516 1.96204 1.15611 0.88017 0.97205 0.54513 0.90436 1.47802 1.98702 1.39768 1.90409 1.93549 1.57073 1.66383 1.39881 1.20943 1.19850 0.93239 1.48480 0.80183 1.55089 1.57722 1.88615 0.79332 1.35249 0.74474 1.96353 0.66415 1.73538 1.45298 0.56401 1.71215 1.54585 0.98263 1.43873 1.13339 0.78189 1.26722 1.33599 1.75911 0.99100 0.65978 0.83167 1.84662 0.90066 0.82028 1.24620 1.94260 1.23558 0.72484 0.92257 1.68116 1.30192 1.95288 0.83133 0.86986 1.78019 1.90701 1.28023 0.66027 1.04764 1.54309 1.90186 1.15311 1.55499
1.53722 1.49196 1.94698 1.17065 0.75794 0.68113 1.45253 1.25973 1.77842 1.63669 0.72403 1.60477 1.29367 1.48547 1.36257 1.58425 1.77931 1.87592 1.52569 1.39642 0.58638 0.69887 1.92754 0.56054 1.43079 1.80461 1.80554 0.94593 1.41555 0.77718 1.89148 1.95878 1.11724 0.92100 1.17823 0.70568 1.45675 0.87898 1.66151 1.92078 0.86638 1.37341 1.58142 1.70916 1.26116 0.88418 1.12861 0.68512 1.37369 1.27224 1.27677 0.98264 1.38702 0.82526 0.78554 1.15225 1.36184 1.39765 0.57189 1.65260 1.24634 1.88978 0.72007 0.60088 1.86436 1.06368 1.08969 0.91325 1.60333 1.42172 1.24711 1.66324 1.99573 1.62355 1.44628 1.09970 0.72631 0.99982 1.45769 1.05182 0.79381 1.45484 1.00229 1.32765 1.06932 1.33662 0.85775 1.80519 1.43538 1.02848 1.32726 1.12744 0.61913 1.27754 1.92167 1.34810 0.97632 1.93403 1.87676 1.18647 1.36225 1.84225 1.54083 0.73324 1.03725 0.81551 1.80648 1.87270 0.77838 0.68536 1.66964
1.78786 0.86538 0.82554 0.91422 1.95434 1.13424 0.51536 1.73797 0.94388 1.94855 1.98758 1.42575 1.11032 0.66243 1.82877 0.66276 1.51129 0.86195 0.68685 1.92567 1.11023 1.92352 1.59717 1.16549 1.40870 1.19576 1.64079 1.30882 0.64724 1.14843 1.96427 1.30835 1.46323 1.25012 1.57668 1.44068 1.23523 1.27245 0.95363 1.59541 0.64011 0.92749 1.29444 0.79032 1.29271 0.55517 1.94537 0.79242 1.48385 0.69279 1.70537 1.86103 1.24673 1.67370 0.78817 1.14516 0.89545 0.64999 1.19902 0.73132 1.19703 1.45655 0.54377 1.21851 1.87188 0.70421 1.58392 0.74626 1.53798 1.37130 1.20716 1.95032 1.61143 0.57203 0.95345 0.62896 1.65592 0.98224 0.80978 1.53094 1.17211 1.26530 1.03636 0.76061 1.66902 1.94138 1.60669 0.58639 0.77459 1.02385 1.92961 1.12936 0.64992 0.86722 1.52085 1.39474 1.37515 1.34336 1.19028 0.90212 0.61856 1.80155 1.86721 1.67219 0.57533 1.94330 0.62827 0.92149 1.03789 1.26447 1.11365 1.55719
1.36566 1.28490 1.34488 1.21872 1.52677 0.62784 1.83061 0.50100 0.88180 1.58358 1.47029 1.45545 0.57382 0.63757 1.14063 1.18078 0.66590 0.94071 1.48993 1.75573 1.61537 1.74115 1.56252 1.01116 0.78255 1.65909 1.62478 1.09007 0.90055 1.68406 0.85626 1.39607 1.65869 0.91321 1.19917 1.57444 1.93064 1.16421 1.33781 0.70698 1.40171 0.98737 1.76347 1.22931 1.32030 0.76462 1.17220 0.82214 1.55079 1.43414 1.81754 1.05714 1.83477 1.99585 0.66953 1.48927 1.25187 0.91211 1.05751 1.49120 1.18614 1.92160 1.61050 0.51893 0.65415 1.05606 1.29115 1.47173 1.06573 1.02560 1.00375 1.16638 0.87906 1.40362 1.13257 1.43360 1.19962 0.63665 1.59429 1.70438 1.84011 1.02035 1.63033 1.10431 1.70778 0.59791 1.77187 1.44710 1.97659 1.00612 1.92981 1.53401 1.14442 1.53437 0.61513 0.91130 1.37315 1.69571 1.70129 1.87324 1.19221 1.22732 0.66699 0.88681 1.87071 1.57929 0.81496 0.78961 0.71165 1.18438 1.25492 1.75026 1.52339
0.85554 0.98406 1.69660 1.31589 1.01150 1.28767 1.85493 1.16951 1.37657 0.69986 1.78777 0.53973 1.72174 0.58007 0.88322 1.83733 0.58304 1.39604 1.29897 0.94817 1.21808 1.49128 1.42477 1.88367 1.30597 1.80245 1.22657 1.92662 0.90562 0.52418 1.82631 1.58552 1.69485 1.16472 1.83070 1.98623 1.57958 0.73709 0.93954 1.07855 1.45424 1.40340 0.96183 1.66417 1.53180 0.94591 0.64719 0.84055 1.76532 1.45045 1.36300 1.88357 1.86657 1.59365 1.94621 1.22248 1.34898 1.46726 1.13865 1.03781 1.19593 1.71959 1.84489 1.37446 0.62767 0.74923 0.60079 0.91535 0.72216 1.64554 0.54068 1.86937 1.45899 1.96061 1.02244 1.30247 1.89459 1.49491 1.64044 1.28897 1.77193 1.33391 1.28636 0.64181 0.73047 0.59273 1.24771 0.86640 0.80365 1.90812 0.57789 1.81471 1.83315 1.11070 1.86309 1.76648 0.83301 0.94464 0.55383 0.90754 0.51685 1.82154 0.52505 1.86457 0.54292 1.72700 1.31711 1.99033 0.79428 1.00173 1.49137 0.59990 0.69086 1.37554
0.50704 1.12822 1.75603 1.56634 0.76152 1.76121 1.58864 0.52182 1.24704 1.05827 1.54159 0.54031 1.98116 0.63390 1.88086 1.33551 0.87293 1.50078 1.93918 1.16191 0.54294 1.23558 0.92534 1.42549 1.83021 1.39171 1.35658 0.67631 1.84843 1.84841 0.65093 1.59894 0.71266 1.40492 1.01795 1.19325 1.77373 1.65864 1.82121 1.76545 1.83245 0.91030 1.45913 0.91533 1.85243 0.95909 0.65567 0.89671 1.00191 1.94554 0.71617 1.56118 0.80429 0.60108 1.36991 1.59347 1.04287 1.39772 1.67848 0.69289 1.38388 1.01164 1.73349 0.83777 1.44253 1.78977 1.09799 1.96167 0.97241 0.72810 1.23727 0.75984 0.90705 0.79327 1.87344 0.96420 1.07290 1.27357 0.67746 1.09222 1.05937 1.54981 1.01263 1.55315 0.86528 1.33555 1.27421 0.64262 1.52152 1.58986 1.64479 0.68856 1.57986 1.86134 0.82025 1.01027 1.49059 1.63240 1.17579 1.89574 1.96636 1.30127 1.68720 1.07949 1.47576 0.58209 1.68565 1.97361 1.08824 0.57554 0.66897 1.30402 1.85571 0.94116 1.50429
1.93842 1.20060 0.82935 1.62428 1.79027 1.55661 0.78836 0.69968 1.98883 1.53896 0.87251 0.88033 1.76117 0.51488 0.98877 0.55676 1.62151 1.86663 1.64926 0.96183 1.12683 1.23343 1.31281 1.78793 1.40839 0.80650 1.48265 0.69741 0.69708 1.74533 0.59184 1.55448 1.84657 1.32626 1.17027 1.06294 0.62026 0.98462 0.70737 1.99677 1.63003 1.28407 1.43376 0.55686 1.94005 1.76928 0.85137 0.76417 1.29772 1.47249 1.46361 1.72880 0.77350 0.80234 0.58866 1.81171 1.19275 1.98727 1.79933 1.33370 0.54911 1.20522 0.53358 1.76958 1.12961 0.60722 1.86877 0.68082 1.40599 1.73555 0.73574 1.17924 1.60901 1.02838 1.63221 1.83918 1.18104 1.56005 1.56072 0.53632 1.19169 0.97388 1.80084 1.83557 1.09945 0.84803 1.49987 1.41530 0.90818 0.98607 1.74194 1.73887 0.59354 0.70393 1.53631 1.27852 0.58292 0.59718 1.28409 1.57236 1.28272 1.77246 0.63368 1.36216 0.97431 0.92309 1.55973 0.50598 0.58712 1.06400 0.63084 0.79870 1.38279 0.63295 1.31374 1.95924
1.79733 0.96156 0.98276 1.55647 0.95928 1.62853 1.98201 1.65702 1.68206 1.72460 1.53966 1.65527 1.98241 0.97452 1.32897 0.66681 1.40142 1.60709 1.24719 0.84250 1.46822 0.50644 1.41383 1.52123 1.63832 1.01231 1.91225 1.23195 0.78179 1.52943 0.71090 1.07539 1.39809 1.46612 0.56097 1.87698 0.70277 0.83811 1.84546 0.65908 1.34551 1.32867 1.97777 1.21332 1.89828 1.43284 0.72123 1.44866 0.77018 0.69085 1.02365 1.12882 1.77026 0.60870 1.28810 1.99148 1.67782 0.85275 1.68590 1.58794 1.97174 1.41738 0.71799 1.39684 1.56584 1.73597 1.14962 0.64831 0.78004 1.78940 1.69203 1.15079 1.99287 1.80972 1.69501 0.83951 1.80980 1.51267 0.74532 1.90761 1.19369 1.22254 0.95880 0.98455 1.45659 0.61585 1.96237 1.11257 1.44221 1.80840 1.90647 1.73778 0.65668 0.95177 1.49193 0.83218 1.33932 1.50545 1.92553 1.94645 1.24341 0.54191 0.97166 0.70070 0.80093 1.13189 1.51287 1.78129 1.19153 0.65046 1.71222 1.99114 1.33828 1.90040 0.51258 1.61156 1.71951
0.84410 0.72780 1.40990 1.18953 0.78269 1.40520 1.21604 0.63766 1.65709 1.04542 0.71527 0.76417 1.29975 0.55406 1.80185 1.98092 0.50337 1.71605 0.78014 0.69775 0.73607 0.83080 1.99421 1.82310 1.94965 0.65780 1.75113 1.35411 0.61792 1.40935 1.42760 0.60234 1.39272 1.43137 0.96980 1.61434 1.46716 1.48090 1.30718 1.02131 0.87947 1.60970 0.54771 1.14258 0.98608 0.54614 0.79096 0.74513 1.39611 1.26776 1.09894 1.44918 0.72061 1.79673 0.94823 0.56423 1.52919 0.51990 1.09392 0.68336 0.79746 0.90668 1.35226 0.68281 0.78730 1.06983 0.62600 1.87430 1.30559 1.87080 1.82594 0.76429 1.11912 1.91032 1.46878 1.23109 1.22902 0.95981 1.10243 1.24286 1.64769 1.64999 1.05373 0.92239 0.87901 0.57210 1.70971 1.61056 0.86415 0.52459 1.91045 1.15592 0.51151 1.21420 1.93877 0.83028 0.93200 1.72781 1.42550 0.78720 0.87259 1.70279 0.68850 1.57493 0.66563 1.85974 0.53697 1.85826 1.35344 1.11812 1.35406 1.36276 0.71276 1.12899 1.12653 0.51785 1.83454 1.11093
1.02190 1.80498 1.27597 0.94649 0.56823 1.50959 1.70430 1.32238 1.65996 0.63780 0.84996 1.30251 1.12185 1.88689 1.00246 1.33967 0.59276 1.75681 0.50795 1.67208 0.87656 1.85782 1.06716 1.16016 1.70419 0.93285 0.50724 1.58417 1.60824 0.67685 1.61013 1.50238 0.94075 0.89761 0.65559 1.94621 0.55180 0.97219 1.28580 1.47680 1.03170 1.20715 1.04583 0.94534 1.36333 0.72282 0.97547 1.38312 0.66701 1.44775 0.94865 1.70499 1.25309 0.63714 1.07994 1.99269 1.30190 1.17643 1.98049 1.26434 0.82431 1.32792 1.70825 1.10486 1.43843 1.45427 1.98029 1.13569 1.45350 0.70933 1.14473 1.46234 1.23721 0.60015 0.69798 0.95489 1.21713 1.40332 1.22803 1.62665 1.49475 1.39737 0.70356 0.89140 1.09569 0.68840 0.64216 1.81112 0.59625 0.53592 1.31597 0.91379 0.69781 0.87406 1.65386 1.79054 1.26471 1.52346 1.36328 1.41873 1.85967 1.44797 0.80835 1.55875 1.66488 0.75910 0.75102 0.76341 0.80760 1.02188 0.52226 1.75492 1.38438 0.58876 1.60482 1.52979 0.50736 1.05260 1.38920
0.91396 0.51827 1.05639 1.03964 1.42893 1.83917 1.05672 0.66347 1.42350 1.50581 1.45463 1.25126 1.50906 0.68023 0.96274 1.94384 1.55156 1.77591 0.62516 1.35722 1.19295 1.72363 1.47859 0.77163 1.88122 1.76008 0.65134 1.65498 1.43467 1.35564 0.67327 0.82953 0.87343 0.56304 1.51732 1.21120 0.53504 1.98900 1.86182 1.87260 1.86334 1.05849 1.41660 1.66303 1.80771 1.68719 1.60294 1.72496 1.06565 1.77811 0.84949 0.66333 1.42405 1.59901 1.91918 0.72384 1.41262 1.55184 0.64643 0.62214 0.79395 1.63326 0.84202 0.85030 1.54340 1.80167 1.97638 1.20858 0.88506 1.04632 1.09779 1.95126 1.95295 1.29863 0.85809 0.58669 1.59208 1.51081 1.61097 0.65975 1.10232 1.41370 0.97861 0.93610 1.17392 1.62038 0.68767 1.79363 1.29531 1.36495 1.21196 1.86319 1.16285 0.66903 1.37863 0.52310 1.93661 1.58551 1.01897 0.89647 1.53225 1.14802 0.94994 0.99734 1.78653 0.93289 1.66186 1.81419 1.63148 0.80437 0.97180 1.20607 1.14724 0.60170 0.77956 0.78134 1.91416 1.33514 1.63408 1.71023
1.32548 1.45695 1.27310 1.35823 1.00043 1.95130 1.96253 0.78447 1.89496 0.94798 0.85617 0.88959 0.98941 1.44727 1.67055 0.95733 1.53585 0.55825 0.72829 1.72033 0.56650 0.54353 1.92634 1.56037 1.44270 1.13626 0.74165 1.72579 1.67520 1.92671 0.98568 1.92732 1.84133 1.83864 1.65999 1.07204 1.19532 1.63722 1.31593 0.93199 1.19927 1.21344 1.11081 1.07513 1.51846 1.12776 1.13601 1.82330 1.60030 1.10665 1.94268 1.27681 1.50193 1.10888 1.14735 0.67196 0.55349 0.97062 1.94161 1.07150 1.70003 1.59475 0.51121 1.01311 0.86472 0.74602 1.32626 0.91883 1.81992 0.65840 1.99724 1.34414 1.44254 1.86444 0.92735 1.47617 1.61399 0.62065 1.47627 1.64288 1.09666 1.30266 0.58950 1.16656 1.33642 1.70308 1.58680 1.66876 1.50812 1.90809 1.01141 0.56898 1.42261 1.50850 1.43267 1.24525 1.27384 1.52625 1.17115 1.87784 1.88488 0.90248 1.10473 1.19956 0.93158 1.76997 1.28623 0.55761 0.62475 1.68456 1.36342 1.77920 1.73648 1.32451 1.96436 0.59351 0.58973 0.98045 0.71318 1.42454 0.58458
1.03523 0.92744 1.89551 1.70721 1.92292 1.84383 1.68218 1.34086 1.28167 1.70602 0.65445 1.35250 1.93221 1.50936 0.50408 0.79898 1.00407 1.15082 0.96226 1.80976 0.98285 1.71800 1.68580 1.40163 0.59314 1.75530 1.97149 1.14557 1.46879 1.46278 0.93822 1.86193 0.56489 0.79311 0.82585 1.17439 0.58793 0.91759 1.14192 1.84054 1.36217 1.53853 1.11393 1.19972 1.51922 1.57396 1.34118 0.96539 1.33889 1.00589 1.90836 1.08837 1.37314 1.50148 1.87320 1.89267 1.56404 1.80406 0.93723 1.03444 0.84689 1.66269 0.58232 0.66687 1.50648 0.79741 0.85989 0.71902 1.17166 1.06877 1.94867 1.01238 1.89179 1.07766 1.46249 1.83387 1.65223 1.19081 0.68519 1.42510 1.91636 1.12359 1.07073 1.01281 1.66758 1.37061 1.65796 1.91177 1.70086 0.79530 1.89903 0.76318 1.88898 0.58047 0.99168 0.64434 1.77832 0.66709 0.84787 1.76685 1.84376 1.36974 0.55860 1.26470 1.99702 1.61955 0.72794 1.19810 1.34002 1.89354 1.81765 1.11974 1.89563 1.14873 1.45503 1.94134 1.05197 1.48529 1.00804 1.53136 0.99606 1.59963
0.86207 1.41420 0.62298 1.28628 1.45482 1.28586 0.91227 1.18404 1.73281 0.52996 1.31106 1.55281 1.22178 1.04346 0.84815 0.84145 1.59980 1.32095 0.67611 1.77094 0.71473 1.69277 1.72751 0.72045 0.83442 0.66774 1.64826 1.80669 0.50088 1.39246 1.67028 1.12556 1.20927 0.89026 1.54677 0.58793 1.36148 0.77434 0.94043 1.52829 1.20295 0.69944 1.38458 1.91427 1.43726 0.56972 1.05976 0.56126 0.78665 1.77997 0.86915 0.81120 1.44214 1.45499 0.50350 1.85564 0.99566 1.82063 1.11507 1.76364 1.25411 0.52190 1.63378 1.83605 1.50399 0.94968 1.06157 1.39643 1.17170 1.64240 1.21433 1.22660 1.98691 1.41682 1.30073 0.67848 1.97494 0.66825 1.59445 0.62362 0.68316 1.23160 1.64491 0.94455 1.41031 1.12354 0.88720 1.35299 1.76621 0.89704 1.77105 0.71611 1.52282 1.24176 0.87045 1.23109 1.96853 1.10684 1.42492 1.92714 1.43379 1.25768 0.67366 0.96754 1.07492 1.42427 1.22576 0.81624 1.31985 1.64523 0.55838 0.65421 0.50950 1.29223 0.58824 0.73170 1.83770 1.34885 1.29403 1.00517 0.81003 1.97648 1.55468
0.73252 1.76039 0.85996 0.55429 1.83125 1.00937 1.92213 1.45540 0.78061 1.54669 0.68793 0.96235 1.04635 1.79924 0.88073 0.66616 1.72763 1.26613 1.27396 0.74077 1.69779 0.99830 1.90321 0.61364 1.41997 0.67941 1.76760 1.51060 0.83441 1.56615 1.16811 0.50168 1.58654 0.63423 1.26184 1.03346 1.61323 0.74994 0.81316 0.64266 1.58202 1.17150 1.92541 1.71777 1.89893 0.71386 1.19235 0.87273 1.94227 1.09033 1.55932 0.58970 1.93751 1.46095 1.90220 1.76812 1.16663 1.78496 1.20751 1.78106 0.79478 1.33716 1.38020 1.64203 1.30851 1.57081 1.88416 1.06500 0.73498 1.72093 1.16365 1.95199 1.30179 1.72712 1.60171 1.70506 1.45984 0.90408 1.28596 1.68008 1.22649 0.63537 1.20053 1.51402 0.61441 1.30580 1.14925 1.29866 1.39284 0.84428 1.67517 1.01623 1.86536 0.72686 1.29192 0.72062 0.89632 1.28200 1.31482 1.23785 1.36884 0.97556 1.03114 1.07863 1.13827 0.54234 1.78263 0.62214 1.64463 1.44702 1.62024 1.01613 1.51877 0.65469 1.38982 1.45776 1.91787 1.97164 0.65800 0.93910 1.31838 1.14558 1.43549 0.57660
1.23105 1.87216 1.10666 1.82467 0.97248 1.23714 0.58501 0.65103 0.62929 0.98907 0.68191 1.85339 1.34855 0.99699 1.91463 1.62849 0.97763 1.98240 0.53974 0.68749 0.89958 1.95048 1.56575 0.89997 1.05705 1.13989 0.82704 1.31073 1.12133 0.97893 1.66368 1.62165 1.16610 1.36083 1.50589 1.38559 1.19298 0.64436 1.50465 0.54328 1.64901 0.52321 0.79276 0.99103 0.92186 1.74783 1.85647 0.85838 0.87620 0.64801 0.58542 1.40200 1.25094 1.46722 0.51313 0.77680 1.26351 1.84921 1.80884 0.91483 1.66081 1.19998 1.72043 0.61631 1.78532 0.69540 0.51833 1.58906 0.99707 1.34475 0.50174 1.62060 0.96234 1.53464 0.85867 1.65301 0.69210 1.24085 1.53496 1.77055 0.81324 1.58951 1.24724 0.73726 1.77060 0.78828 0.70096 1.54311 1.32043 1.48801 1.40689 1.52781 1.94333 0.55419 1.98052 1.97646 1.47350 1.51347 1.21942 1.29332 1.60648 0.97550 0.90926 1.59378 1.82815 1.36293 1.71094 1.28075 1.96016 1.77214 1.23179 0.96595 0.57177 1.18212 0.89716 1.48704 1.58958 0.96377 1.06018 1.92240 0.89548 1.90811 1.32128 1.05035 0.73347
1.91989 1.56795 0.75038 0.90033 0.64315 1.16161 0.65872 1.57817 0.90581 0.75514 1.27034 0.91995 1.80335 1.63529 1.67662 1.44367 1.34702 0.63274 0.99007 1.81882 0.71182 1.79150 1.58768 0.99640 0.61791 1.97065 1.97310 1.78321 1.40580 0.69821 1.40726 1.39890 1.88571 1.29642 1.17309 0.76528 1.83755 1.73500 1.02772 1.59766 1.77494 1.48216 1.92325 1.95134 1.68307 1.99333 1.29486 1.14605 1.45282 0.50121 0.83064 1.06612 1.21188 0.72206 1.75266 1.31288 1.90568 0.90018 1.98391 1.76530 1.66302 0.66888 0.74639 0.74413 1.84692 1.44475 0.54945 0.82172 0.58442 1.09246 1.68679 0.62272 1.62771 0.66645 0.73292 1.06904 1.31190 0.55947 1.17080 0.73324 1.25519 0.79797 1.94056 0.74573 1.27569 0.58796 1.96009 1.10924 1.00529 1.86067 1.86124 1.45100 0.75641 1.28407 1.41956 1.36568 1.20392 0.88344 1.95568 0.81024 1.63646 1.80831 0.63980 1.63690 1.58509 0.71908 1.61500 1.52315 1.51723 1.11611 1.05121 1.97339 1.63012 1.09588 1.70264 1.06832 1.63538 0.61273 1.92117 1.04242 0.81017 1.85298 1.02783 1.47005 1.77853 1.31494
1.06877 1.87886 1.60819 1.98379 1.98401 0.87107 1.48453 1.85297 0.90399 0.60713 1.35005 1.48496 0.70366 1.47261 1.00708 1.19062 1.47934 1.90811 1.49810 1.56956 1.93134 1.99126 1.27283 1.79129 0.81397 0.59938 1.47955 0.99905 1.50414 1.71854 1.42204 1.78198 1.03267 1.95871 0.62232 0.98658 0.88176 1.91685 0.80528 1.09092 1.84133 1.61763 1.30872 1.80713 0.91175 1.50960 1.56910 1.33520 1.24618 1.89453 0.55831 1.54479 1.43669 1.37953 1.42955 0.58249 0.94811 1.22662 0.99813 1.37302 0.90531 1.41421 1.55257 0.91661 1.39971 1.24752 1.04789 1.12883 1.14362 1.18689 1.82598 1.34576 1.78247 0.60971 1.92505 1.57426 1.68435 1.74124 1.06419 1.66005 0.67510 1.99672 1.75679 1.80416 0.71880 1.47249 0.69532 0.59159 1.61072 1.94017 0.64894 0.65672 1.50126 0.82240 0.70550 0.92032 0.50051 1.23339 0.92442 1.00135 1.57294 1.23304 0.98572 1.53756 1.30943 1.51969 0.59888 1.66076 0.67257 1.30436 0.91688 1.58124 0.72462 1.10390 1.47175 1.17837 0.92281 1.81116 1.60985 1.00848 1.24261 0.92374 1.34895 1.43471 1.85357 0.87024 1.10867
1.81613 1.93624 1.86012 1.85561 1.86281 1.41242 1.88201 1.77360 1.08942 1.84922 0.98241 1.32905 1.58132 0.61181 0.67746 0.92221 0.55990 0.54586 1.17329 1.88326 1.20661 1.90019 0.94822 1.21734 0.71588 1.01024 1.89669 1.47122 0.73375 1.54633 1.23588 1.55046 1.24598 1.84174 0.61477 1.76173 1.59516 0.51718 1.41082 1.61612 1.53145 1.34259 0.66187 1.24868 0.53734 1.05623 0.98077 1.00449 0.79652 0.72593 1.79959 1.93433 1.33383 0.76964 1.25892 0.81808 0.82319 1.48324 1.75789 1.25406 0.56584 1.58895 1.90454 1.15014 1.52532 1.89570 0.92469 1.97742 1.85555 1.98971 1.78297 1.02890 0.68814 1.23998 1.56056 0.90648 1.30312 0.90904 1.70181 0.60324 1.30425 1.70887 0.73776 1.13263 0.73637 0.72132 1.43539 0.66140 1.19838 0.66751 0.61479 1.23090 1.96078 1.55029 1.45179 1.65620 0.96257 1.69097 0.60279 1.75260 1.15887 0.79542 0.79232 0.55854 0.85648 1.21505 1.58046 1.99903 1.33311 1.15637 0.72820 1.78890 1.90649 1.17484 1.81663 1.39887 0.79258 1.25127 1.16622 1.32577 1.99659 1.54817 1.47367 1.56721 1.64304 1.30093 0.76434 1.26155
1.55244 0.96457 0.64586 0.51256 1.37712 1.16653 1.02923 1.75910 1.73449 0.78600 0.70429 1.51246 1.29523 0.60770 0.53651 0.53220 1.84267 0.87986 0.73810 1.94357 1.25348 1.35634 0.55057 1.99226 1.77196 0.60491 0.84011 1.80644 1.89718 0.66841 1.95785 1.76978 1.00927 0.69513 0.54870 0.97901 1.43020 0.50947 0.95616 0.83937 0.63618 0.89057 1.81515 1.54166 1.51232 1.93584 1.28671 0.52516 0.92110 1.19969 1.90803 1.19450 0.66802 1.81881 1.92966 1.25536 0.57988 1.65920 1.34286 1.41618 0.69018 1.04087 0.98987 1.89978 1.36381 1.05853 1.89414 1.76285 0.60448 0.55932 1.00306 1.14530 0.60894 1.45061 0.98496 1.10664 0.82172 1.48612 1.03299 1.38993 0.58347 1.49992 0.75732 1.61574 0.54237 1.42644 1.24525 1.15524 1.06994 1.84684 0.90480 1.37822 1.65559 1.17633 1.67691 1.70427 1.59969 1.56492 1.95453 1.60616 1.20487 1.46161 1.50897 1.17524 1.35580 1.16205 1.04992 1.19105 0.64651 0.61073 1.94926 0.79295 0.77186 1.19113 1.97727 1.44271 0.60386 0.93067 0.93083 1.20560 1.34303 1.06776 0.73164 1.31674 1.21788 1.94367 1.32364 0.88479 0.98156
1.92686 1.67772 1.28806 1.02975 0.89303 0.84755 0.53922 0.70163 0.94063 0.89256 1.01238 1.72373 1.28267 1.78746 1.16507 1.20836 1.33599 0.77272 1.35105 1.39224 0.60282 1.36296 0.73250 1.16263 1.94182 0.87584 1.91920 1.85458 1.97069 1.37156 1.04280 1.75626 1.94746 0.86537 0.82991 1.84467 1.01895 1.88371 1.64843 1.78516 1.83247 1.68852 1.68156 1.53586 1.61983 1.79708 1.29823 0.73628 1.87598 1.65829 1.80024 1.87376 1.83448 1.67726 1.45587 1.87199 0.70770 0.80599 0.69834 1.88446 1.11692 1.79661 0.79304 0.77564 1.59123 0.90511 0.58223 0.97092 0.88153 1.02302 1.65949 0.75962 1.36007 1.19282 0.98310 1.34894 1.34303 1.06116 0.87844 1.63151 1.27790 1.96329 1.31316 1.90912 0.79740 0.88560 1.62284 1.02173 1.29572 1.62077 1.10394 1.06124 1.94865 1.73708 1.80612 1.79033 1.63305 1.97465 1.33761 1.24373 1.13441 0.63741 0.82973 1.62154 1.61183 0.72795 1.87679 1.23700 0.86125 1.94101 0.88652 1.95724 0.59055 1.49085 1.28801 1.59612 1.78540 1.90347 1.67545 1.30784 1.87838 1.35012 1.74852 1.14297 0.78530 1.09498 1.64796 0.73640 0.67650 0.99595
0.52450 1.36726 1.94965 1.65054 1.41057 0.82940 1.68618 0.83209 0.67983 1.48211 1.92206 1.22427 1.90523 1.75122 1.65975 1.71732 0.79127 1.62089 1.95389 0.73045 1.58131 1.38391 1.47194 1.14721 1.44584 1.99393 1.88519 1.10086 1.07371 0.51284 0.78300 0.52418 0.71785 0.90938 0.95984 1.50129 1.42551 1.78290 1.54490 1.13261 0.87463 1.61462 1.23664 0.54883 0.68285 0.90095 0.74103 1.58401 0.80220 1.21955 1.30099 0.78271 1.01826 1.08166 0.52284 0.53083 0.50600 1.31871 1.14638 1.23968 1.04891 0.63959 1.72525 0.54658 1.49577 1.23228 0.69745 1.60266 0.75271 1.29880 1.42319 1.33507 0.71644 0.85874 1.38820 1.13198 1.73685 1.69863 1.60027 1.62738 0.62864 0.56869 1.60018 1.93191 0.94544 1.94281 1.37140 1.64707 1.79632 1.34856 0.60807 1.80568 1.23645 1.72547 1.67924 1.82531 0.79652 1.56954 1.68799 1.89455 0.66368 1.26062 0.73937 0.50893 1.44988 1.31928 1.03945 0.88646 1.77593 0.66093 1.37000 0.98251 1.30678 0.90654 1.11561 0.67403 1.73716 0.61955 1.58968 1.56521 1.90108 1.91358 1.19116 1.85629 1.85617 1.54646 0.78202 1.71956 0.66203 1.28280 1.86044
1.70147 1.24146 1.46661 1.46517 1.60795 1.37538 0.52099 0.57879 0.60603 0.67787 1.67829 1.66358 1.76752 1.10018 1.57244 1.66567 1.94452 1.37596 0.76245 1.95275 0.78420 0.61339 0.72101 1.82066 1.65655 0.84748 1.07158 1.87005 1.70328 1.51357 1.07377 1.20370 1.81393 1.29852 0.85308 1.62425 1.44273 1.65103 0.74509 1.83789 1.12295 1.10676 0.88349 0.96699 1.54189 1.40930 1.55068 1.56483 0.71760 0.73041 0.69591 1.86521 1.44050 1.47653 1.93855 1.28435 1.19973 0.79136 0.99278 1.46219 0.53427 0.91175 1.87891 1.28224 0.97939 0.90351 0.77825 1.48232 0.73046 1.48614 1.72256 1.10550 1.38971 0.56230 1.19335 1.55312 1.97815 0.52790 0.66134 1.39362 1.88971 0.78895 1.73305 0.50613 1.96411 1.66544 1.72335 0.93443 0.69405 1.81120 0.74092 1.07097 1.50304 1.75530 1.24920 1.51214 1.34998 1.09039 1.88357 0.68459 0.78617 1.38422 1.36687 1.14877 0.83328 0.91531 1.46931 0.89679 1.19622 1.01672 0.90728 1.70681 0.59938 0.50756 1.16890 1.54425 1.08434 0.82088 1.72119 1.05048 0.54399 1.71411 1.11835 0.65112 1.38892 1.64125 0.86511 0.91996 0.60827 0.54553 1.62350 0.51409
0.96759 0.80833 1.87367 0.64306 0.88483 1.75448 0.93367 0.58916 1.54551 0.58862 0.98525 0.53783 1.34970 1.42765 1.16536 0.91891 1.70444 0.92330 1.96986 1.00498 0.98155 1.85412 0.65615 1.45464 1.33349 1.43887 0.65943 1.64226 1.75149 0.50659 1.33610 1.13894 0.79064 1.40803 1.00257 1.24395 1.80584 1.30579 1.74255 1.41326 0.67271 0.61336 1.15398 1.56373 1.82990 1.03259 1.57765 1.40239 0.79929 0.68324 1.04219 1.01066 0.58855 0.76967 0.85467 1.39750 1.24223 0.56408 1.86578 0.61361 1.14454 0.74426 1.85774 0.97955 0.92069 1.26819 1.14686 1.50714 1.86459 1.12381 0.76218 0.71524 0.67880 0.61842 0.83956 0.88540 1.51713 1.37651 0.71061 1.09321 0.50199 1.85989 1.05009 1.86977 1.90520 0.61400 0.60040 0.97398 0.65985 1.00398 1.46276 1.51550 0.70335 1.82279 1.89810 1.49955 1.27361 0.92789 1.76669 1.00653 1.63242 1.15593 0.79676 1.24657 1.33566 1.95527 0.76861 1.32959 1.86060 1.28618 1.79238 1.20618 1.72768 1.14336 1.05223 0.70375 0.73330 1.64870 0.79757 0.75343 1.25372 0.79760 1.78383 1.05146 0.79486 1.91082 1.77055 1.66120 1.55435 1.50393 0.76700 0.93450 0.65322
0.92251 1.73858 1.83622 1.22651 1.62840 1.77938 0.52247 0.84082 1.95079 1.24128 1.45356 1.86229 1.07846 1.12862 1.68043 1.40724 1.83604 1.70008 1.56341 1.21393 1.80836 1.53890 1.28446 1.04095 1.20582 1.51413 0.58961 1.78914 1.22163 0.97489 1.26095 0.71167 0.78037 0.88509 1.32467 1.94715 0.93237 1.83347 1.00806 1.06455 0.74986 1.71278 1.88446 1.02128 1.47873 1.11920 1.03974 1.61952 1.73512 1.83548 1.11948 0.82241 0.71094 0.82983 1.42570 1.55932 1.67440 1.03186 0.81904 1.28231 1.78043 1.57611 1.32647 0.79522 1.29347 0.54240 1.50627 1.81210 0.89814 1.04042 1.62342 1.90879 1.28819 0.95151 1.49330 1.91256 1.60504 1.53401 0.78158 1.78640 0.90339 1.57911 1.06884 1.47605 1.53985 0.88645 0.76605 1.14165 1.09087 1.86336 1.32001 1.55858 0.50438 0.81123 1.84240 0.62730 1.74617 1.59682 0.57392 0.70504 0.54231 1.18642 1.63719 1.70723 0.97188 0.59785 1.18414 1.48701 0.86227 1.66055 0.85691 0.74353 1.46210 1.96918 1.58484 1.25707 1.85636 0.62551 1.05266 1.45806 1.39459 1.88469 0.88569 0.59901 1.07047 1.64859 1.12718 0.81885 1.69934 1.06435 0.68618 1.20122 1.43947 1.59493
0.81787 1.72141 0.94226 1.20846 0.79789 0.65748 1.32941 1.68986 0.63667 1.05231 1.07599 1.68613 1.77709 1.38534 1.04408 1.82438 1.29709 1.57955 1.11106 1.21374 1.08383 1.60293 0.71632 1.54399 1.03139 0.62252 1.80567 1.52163 1.53836 0.77376 0.67211 0.61540 0.51505 1.26665 1.28995 0.53298 1.98278 1.81314 1.23200 1.74718 0.96689 1.44503 1.02301 1.05017 1.75304 1.78713 1.85765 1.87989 1.98316 1.16256 0.74007 0.69900 1.47726 0.76609 0.58172 1.04356 1.55841 1.09469 1.49473 1.95854 0.53413 1.34755 1.48886 1.11735 0.94140 1.23344 1.36998 1.21213 0.83399 0.72108 1.68676 1.90645 1.98260 0.81271 0.59948 0.61297 1.53874 1.06079 1.22969 1.35389 0.80508 1.72546 1.04171 1.92521 0.73343 1.48550 1.19561 1.70802 1.90715 1.36728 1.55444 1.12480 1.38380 0.71538 1.26339 1.25997 1.18804 0.69611 1.31033 1.85944 1.37544 1.75887 1.36573 0.91389 1.09543 1.71566 1.46527 1.56802 1.42324 1.36390 1.66594 0.62314 1.63657 0.80576 0.85225 0.60453 0.89456 0.84006 0.58379 1.12758 1.62756 0.67354 1.80285 0.71031 1.93794 1.71097 0.52454 1.15548 0.81433 1.01245 1.58844 0.63363 1.41764 1.41521 1.94782
1.39477 1.30317 1.95272 0.67393 0.93023 1.94569 1.17504 1.58035 1.25152 0.84150 1.46256 1.76128 1.41259 1.38349 0.63911 1.75311 0.89503 1.22011 1.23778 1.90393 1.76243 0.59902 0.77624 1.38565 0.86136 1.08090 0.86473 1.02581 1.67319 1.95751 0.79339 1.35210 0.96292 0.69797 1.55130 1.91644 0.58448 1.76547 0.81105 0.74858 1.82736 1.86712 0.50636 1.27810 0.77617 1.06033 1.09235 0.57645 1.11007 1.14275 1.85378 1.64395 1.69127 0.70445 1.92741 0.95810 0.90650 1.96529 0.72839 1.43425 1.28097 0.71598 0.71822 1.53854 1.45081 1.40954 0.91995 0.65027 1.85044 1.68170 1.41782 1.31438 1.65443 1.31888 1.44249 1.56945 1.45493 1.44916 1.10354 0.56108 1.57311 0.58164 1.05715 1.85631 1.05994 1.68257 1.85890 1.35681 1.48770 0.88088 0.83738 1.17145 1.02938 1.54027 1.60791 1.09012 1.40460 0.83267 0.53847 1.55193 0.51453 1.69269 1.18595 1.34064 1.16077 1.50327 0.80636 0.85389 1.15716 0.58582 1.90273 1.12323 1.89748 0.85510 1.65861 0.53801 0.99850 0.98651 1.63277 0.68118 0.91026 1.73086 1.04710 0.60767 1.98015 1.93442 0.64727 0.78483 0.85358 1.06994 0.97398 0.56254 1.97091 1.79590 0.74830 1.60651
0.93933 0.60796 1.41746 1.30022 1.17564 1.87379 0.74855 1.28904 0.76795 1.53205 0.74318 1.30793 0.89475 1.53311 1.14545 1.19156 1.61277 1.14289 0.80083 0.72477 1.57967 1.02044 1.99552 1.42016 1.21034 0.80600 1.33139 0.54086 1.88762 0.75769 1.75976 1.39692 1.31340 0.52405 0.90818 1.27039 1.88751 0.54244 1.17608 1.37082 1.22032 1.42174 1.24715 1.18719 1.58490 1.87804 0.72822 1.43783 0.85583 0.73626 0.52908 0.85449 1.44564 1.24475 0.63750 1.02473 1.55597 1.84497 1.29188 0.81840 0.91202 0.94181 0.55208 1.85154 1.27942 1.17380 0.88662 1.51225 1.84916 1.17076 0.69769 0.68105 1.61918 0.95588 1.77895 1.30212 1.04412 0.69002 1.99119 1.05593 1.33314 1.91032 0.68404 0.82192 1.36314 1.48894 1.30619 1.33164 1.32216 1.06578 0.63902 0.57027 0.51627 1.54271 1.68215 0.95273 1.53313 1.27989 1.98985 1.40107 1.44034 1.91287 1.31224 0.95214 1.25667 1.95163 1.65964 1.71280 1.97361 1.80453 1.88520 1.00746 1.31137 1.84393 1.42924 1.42374 1.92083 0.92574 0.75030 0.99081 0.89743 0.58497 1.84852 0.73610 0.69443 0.94306 1.87570 1.50465 1.38721 1.82792 1.20695 0.70794 1.97046 1.23794 1.80580 1.78490 1.04716
1.30947 1.99829 1.69706 1.00559 1.27613 0.82566 1.06923 1.99242 1.57088 1.63676 1.09953 0.57150 1.65909 0.71926 1.13602 0.76850 0.61315 1.97839 1.86768 1.70279 1.40892 1.23844 1.15021 1.43542 1.23663 1.04126 0.70411 1.20648 0.79572 1.93758 1.02741 1.75248 1.62216 0.87566 0.93617 0.63979 0.95679 0.91056 0.93000 0.57115 1.18914 1.11345 1.88163 0.54852 1.86798 1.82347 1.47590 0.68779 1.16747 0.72267 1.94366 1.96038 1.40782 1.44900 0.73943 1.94940 1.54021 1.25176 0.96696 1.15740 0.61377 0.71613 0.80714 1.86147 0.76339 1.64344 0.93774 0.78086 1.01860 1.02999 1.51372 1.46534 1.71191 0.85218 0.89509 1.70722 0.82128 1.27698 1.22164 1.63893 1.93225 0.73358 1.49731 1.57132 1.42238 1.05600 1.07494 0.61625 0.71980 1.76027 1.37577 0.67875 0.53113 1.55590 0.50696 1.67890 1.74926 0.99786 0.92766 1.63812 1.43382 0.91080 0.78228 0.83726 1.46448 1.50208 1.44077 0.85063 0.83786 1.47502 0.66215 0.91487 1.29698 0.72289 1.59694 1.43092 1.75055 1.75134 1.03283 1.41474 1.44648 0.91224 1.36821 1.95201 1.59619 0.53746 1.90608 0.69615 1.83052 1.99865 0.52284 0.71176 0.50399 1.90218 1.42486 1.41511 1.91735 1.67312
0.57664 1.09897 0.59308 1.17840 1.38823 1.02927 1.78383 1.61211 1.55371 1.84365 1.02291 0.77705 0.58163 1.80569 1.89056 1.38194 1.00646 1.43593 1.94668 1.89721 0.87546 0.96789 1.65764 1.68463 1.63895 1.16744 0.97095 1.03147 1.52669 0.69402 1.08293 1.22107 1.73413 0.65609 1.19800 1.06813 1.48143 1.93262 1.50849 0.96151 1.34808 1.61032 1.09204 1.00644 0.74111 1.38828 0.93390 1.54054 1.92732 0.74942 1.32893 0.89924 1.30376 1.02032 1.33080 0.85734 0.57419 1.06987 0.94226 1.84828 0.56873 0.65328 1.17631 1.74433 1.56752 0.84744 1.76351 1.17991 1.76654 1.38634 1.62300 1.15458 1.82796 0.89108 0.55516 0.55238 1.38687 0.56826 1.22085 1.04631 1.66566 1.39744 1.79731 0.78480 0.79007 0.85729 1.78678 1.26563 1.16055 1.35452 1.47055 1.77831 1.25110 1.89695 1.40421 1.92425 0.86215 1.63276 1.64035 1.37094 1.67093 0.55143 0.60413 1.61277 1.59650 1.27628 1.93839 0.99275 1.12731 1.46479 1.92283 0.69070 1.82859 1.33863 1.11912 0.53911 0.56053 1.42734 1.43072 1.70958 0.73104 1.76643 0.86872 1.83858 1.46051 1.60613 1.60562 1.51435 0.64249 1.15650 1.85757 1.80753 0.62001 1.61798 1.79103 0.68957 1.27328 0.53821 1.21900
1.74363 1.05039 0.89179 0.93763 1.31876 1.69880 1.25411 1.72453 0.95464 1.22989 1.60848 1.25714 1.34678 1.27723 1.37645 0.55314 0.99853 0.75229 0.68657 1.85206 0.57935 1.49393 1.07783 1.18114 1.34885 1.46294 1.02139 0.51147 1.21832 1.27695 1.81543 1.46842 0.73790 1.27043 1.30684 1.01708 0.57913 1.16453 0.60343 1.23621 1.98392 1.17961 1.73155 1.48681 1.63916 0.74622 1.80837 1.73602 1.78382 0.66136 1.21686 1.37485 0.77783 1.08804 0.70215 1.85600 1.98309 1.70660 1.00432 1.73739 1.84544 1.69200 0.52939 0.88183 1.20897 0.57674 1.32478 1.92726 1.78142 1.26715 0.97714 0.52829 1.96710 1.48871 0.80649 1.22158 0.98652 0.70252 1.17094 1.99243 1.12407 1.51947 1.39036 0.88414 1.46932 1.27096 1.64997 1.70475 1.11009 1.91425 1.22799 1.52929 0.74529 1.30311 1.35858 1.57398 0.52753 1.92033 0.72098 1.19813 0.50999 1.36656 1.77693 1.21001 0.97554 1.50262 1.71533 1.75827 0.93779 1.76913 0.63324 0.53978 1.70737 1.35450 1.08571 1.54815 1.19003 1.80876 0.84571 1.82703 1.01814 0.54486 0.94550 1.63708 0.54865 1.65434 1.75681 1.83838 1.78476 1.11499 1.84368 1.23906 1.88313 1.24446 1.38921 1.38064 1.50833 1.97167 0.76352 1.51563
1.91574 0.70396 1.29722 1.30098 1.96663 1.35110 1.09627 1.59116 1.53408 1.84856 0.82735 0.98515 1.05599 0.96060 0.50225 0.50750 1.87890 0.68575 0.75493 1.10347 1.36584 1.66048 1.07981 1.77012 1.01152 0.64448 1.49584 1.85196 1.76367 1.33208 0.67713 0.66571 1.85901 0.66825 0.60559 1.15334 0.66485 1.63049 0.63962 1.44277 0.51320 1.63907 1.21333 1.65723 0.83394 0.62891 1.70887 1.79479 1.45136 0.88866 1.29132 1.93158 0.60517 1.71837 1.12200 1.32350 0.60078 1.06592 1.14650 1.52903 1.95662 1.57593 1.05066 0.75322 1.42327 0.71344 0.64335 1.60566 0.92647 0.82649 1.83784 1.58651 1.17031 1.45237 0.58746 1.20553 1.10727 1.48409 1.34070 1.76926 1.38400 0.59098 0.56460 1.81176 1.12031 0.69376 1.15586 1.29798 1.30484 1.52650 0.69589 1.37000 1.16600 0.64570 1.15399 0.69427 1.36016 0.96059 0.50228 1.32531 1.92419 0.98020 1.07817 1.03347 1.91985 1.47388 1.92038 1.32231 0.67819 0.93714 1.18739 1.09941 1.60433 1.88232 0.75999 1.62369 1.93340 1.63487 0.86576 1.70334 1.81401 1.39594 0.99728 1.22586 0.50152 1.13976 1.72610 0.63544 0.52307 1.25768 1.25778 1.23723 1.66908 1.50197 0.61668 0.71691 1.31203 0.96080 0.59999 1.57460 0.65035
1.57232 0.58199 0.70976 1.88284 0.70110 1.12709 0.89287 1.14749 0.52067 1.74358 1.96158 0.82912 0.84312 1.90880 1.65974 0.61233 1.47640 1.84547 0.75638 1.94596 0.79248 0.87421 0.56858 0.95726 0.74119 1.38292 1.58462 1.43715 0.73556 0.51237 1.24538 1.57891 1.56958 1.81592 0.81220 1.25211 1.95073 1.66937 1.56632 1.62681 1.70891 1.71687 0.52975 1.72403 0.99610 1.23796 0.80990 1.52449 0.70552 1.52042 1.46648 1.10842 0.64854 1.53528 1.97588 1.84372 1.05958 0.69911 1.44496 1.56128 0.99105 1.18406 0.76198 0.95816 1.09312 0.77277 0.99893 0.74304 1.75165 1.92474 1.92264 1.44891 1.94828 1.81453 1.92526 1.28130 0.79334 1.52115 1.78241 0.61652 1.79673 1.86504 1.55145 1.00125 1.95035 1.30999 0.86614 1.74039 1.39228 1.19939 1.94562 1.07329 1.36400 0.54996 1.26612 1.89879 1.78044 1.51249 0.83484 0.93476 0.79238 0.95526 1.28680 0.89211 0.66425 0.75039 0.61717 1.61874 0.92408 1.77129 1.29663 1.59609 1.34042 0.96642 0.95587 1.14577 1.54359 1.84613 1.14011 1.58578 1.45268 1.22554 0.56892 1.61305 1.41984 1.48393 1.92286 1.62566 0.52976 0.96298 0.63512 1.29728 0.61763 0.81360 0.50632 1.74307 1.97019 1.61478 1.10803 0.77047 1.84089 1.92685
1.10955 1.73225 1.44049 0.85088 1.64546 1.79883 1.59442 1.04757 1.96888 0.82280 1.15531 1.82983 0.89231 1.10701 1.27416 1.13598 1.10778 1.18349 1.97103 1.79291 1.68565 1.78262 1.20439 0.86439 1.76556 0.78504 0.86227 1.76858 0.91084 1.96156 0.82879 1.48140 1.44395 1.85004 1.35648 0.60393 0.78921 0.66135 0.75477 1.59711 0.59372 0.53818 0.73865 1.94050 1.14745 0.63010 1.43263 1.57080 0.83057 1.12539 0.72610 0.65897 1.50926 1.01904 1.17253 1.57524 1.97890 1.02770 0.87337 1.12818 1.81273 1.03583 0.96351 1.50994 1.04960 1.84243 0.92650 1.81031 1.73899 1.88550 1.91690 1.10339 1.54192 0.82957 1.37286 1.48663 1.45324 1.68541 1.46903 0.94181 0.54989 1.52624 1.89971 1.98436 1.59362 1.59462 0.52468 1.84504 0.53050 1.36237 0.52284 0.82703 1.47633 0.72295 0.97426 0.99281 0.79962 1.60420 0.65239 0.52267 1.62331 1.50028 0.59732 0.62697 1.51479 0.90543 1.15631 0.95595 1.09872 1.60720 0.91436 0.90672 1.31442 1.62875 1.42091 1.17330 1.14071 1.26198 1.63681 0.70530 1.69642 1.67413 1.21736 1.79103 1.27877 1.45036 0.89702 0.87571 0.88795 1.38332 1.10095 1.94342 0.97371 1.17929 1.89780 0.97896 1.34017 0.64985 0.71811 1.82524 1.99655 1.77814 0.80950
1.80284 0.66076 1.33070 1.71133 1.09639 1.61902 1.56002 1.38740 1.19629 0.88030 1.43558 0.57638 1.22797 1.51267 1.31392 1.22659 0.74498 1.40757 1.82559 1.32188 1.31849 0.96451 0.70248 1.93488 1.99088 1.90109 0.55886 1.91927 1.06982 0.54029 1.33262 1.90064 0.57176 1.57647 0.61268 0.88802 1.83993 1.33704 1.73349 1.54568 0.87827 1.55971 1.48065 0.86422 0.75933 0.88011 1.88526 1.31539 0.96207 0.95054 1.52859 1.35752 0.91515 1.73259 1.91471 1.91083 1.41012 1.43422 1.20215 1.90677 0.67987 0.67907 0.98598 0.74724 0.72537 1.72696 1.04944 1.97753 0.71141 0.60295 0.65045 1.91482 1.45462 1.69599 0.50242 1.60635 1.38338 0.53249 1.13320 1.66622 0.98178 0.51282 1.05287 1.33094 1.23389 0.98839 0.89715 1.47591 0.61088 1.49008 0.79343 0.66917 1.62804 1.82905 0.86796 1.56760 1.40891 1.17195 1.34976 1.99437 0.50228 1.44299 0.58989 0.61389 0.95174 1.03687 1.67773 1.95493 1.14331 1.16863 0.50214 0.93844 1.55922 1.93255 1.24761 1.17304 1.62157 1.40186 1.21922 1.33357 0.72698 0.61441 1.87234 1.85085 1.40099 1.45956 0.50675 1.43054 0.53375 0.58109 1.38435 0.90279 1.08678 0.55318 1.96980 1.99542 0.63369 0.52106 1.77226 1.34144 1.69347 1.17899 1.05955 1.64511
0.97635 1.77885 1.57439 1.56927 0.79321 1.83840 0.87558 1.84377 1.63115 1.49674 0.98148 0.96881 0.94866 0.96974 1.60677 0.62873 1.86599 0.76606 1.88158 0.82205 0.93741 1.71672 1.42960 1.08260 1.99060 1.36954 0.52561 0.84812 0.84490 0.67084 1.18938 1.89218 1.63935 1.02939 1.88675 1.54714 1.64407 0.98578 0.97359 0.58288 1.79056 1.76434 1.53500 1.91632 0.75725 1.10720 1.25642 0.57803 0.86368 1.34924 0.80502 1.98479 0.54365 1.27782 1.82938 0.94382 1.43917 1.14778 1.50185 1.75448 1.75513 1.30199 1.35125 0.71440 1.16661 0.71870 0.83954 1.25729 0.72476 1.71026 1.70900 1.45452 0.88177 1.63703 1.07240 1.15246 0.94178 0.57175 0.75080 1.66007 0.62985 0.72326 0.82783 0.66226 0.62595 1.43585 1.80575 1.10670 1.25642 1.18002 1.88589 0.68171 1.92566 0.96461 1.95064 1.77009 1.37190 0.97277 1.32255 1.84082 0.77547 0.60949 0.73605 1.45669 1.18295 1.95946 1.98518 1.44528 1.41387 1.67198 1.47960 0.55098 0.57263 1.46386 1.99607 1.57228 0.61502 0.52701 1.94315 0.64024 1.43399 0.50109 1.99251 0.72171 1.44434 1.27651 1.07799 1.37869 0.58405 1.51633 0.50975 1.47782 1.35984 1.71740 0.89448 1.60911 0.70928 1.85872 0.52173 0.74468 1.47205 0.60532 0.92529 1.26079 1.09975
0.78744 0.92307 1.33917 0.79786 0.67524 0.75303 1.97747 0.51954 1.63613 1.19273 1.57665 1.93413 1.55007 1.99063 0.71442 0.76209 0.61371 0.79302 1.84428 1.39626 1.42960 0.66208 1.82505 1.28738 1.30573 0.94288 1.24726 1.67466 1.17706 1.04039 1.54907 0.98341 0.76811 1.70909 0.84492 1.70893 0.85944 1.80840 0.55903 1.47474 1.20644 0.55271 1.13707 1.28990 1.75788 0.76294 0.58674 0.60479 0.76589 0.90854 0.72570 0.81141 1.38587 1.24178 1.59488 0.98600 1.08050 1.59363 1.20545 1.64744 1.63152 1.41416 1.86208 1.33694 1.76694 1.18577 1.80982 1.21147 0.74424 1.09280 1.50592 0.97494 0.90388 1.47331 0.63470 1.77720 0.79510 1.17656 1.23270 1.96639 1.92134 1.38660 0.90615 1.62466 0.67608 1.99850 0.55920 0.88519 1.69689 0.88447 0.91839 0.70895 1.01629 0.99453 1.15367 1.27411 1.40809 1.05120 0.70522 1.93485 1.06774 1.23542 1.25306 1.92413 0.76791 1.69057 1.04339 1.26314 1.52670 1.70944 1.97385 0.55677 1.17466 0.66202 1.30184 1.48367 0.76062 1.32192 1.65942 1.53633 1.98168 0.78862 1.01775 1.68731 1.79924 1.31216 1.82863 1.28670 0.59575 1.84056 1.26820 1.97287 1.42034 1.79318 1.29388 1.69670 0.55774 1.33554 1.49108 0.99388 0.60762 1.96006 1.53315 1.81413 1.44029 1.05828
1.18959 1.30685 0.81740 0.85510 1.12727 0.60028 0.58770 1.35277 1.81140 0.77390 0.70689 0.69643 1.48612 0.76708 1.70090 1.59077 1.20117 0.52467 1.42050 0.54695 1.42923 1.22316 0.59304 1.96739 1.40660 0.99380 0.73694 0.97942 1.81918 1.20352 1.54261 1.42731 1.59548 0.96555 1.53690 0.79345 1.40233 1.41006 1.57273 1.79597 0.76754 0.97530 0.58285 0.97857 1.61127 1.93709 0.72374 1.97612 0.78597 1.99643 0.83737 0.52763 1.69214 1.41093 0.80362 1.40467 1.16612 0.61680 1.65722 1.37229 1.10390 0.76686 1.28121 1.37457 1.95889 1.02567 1.20434 0.58792 0.91837 1.67208 0.60267 0.65071 0.91359 1.28961 1.11218 0.70105 1.23691 1.52312 1.80844 0.69452 0.56696 0.60017 1.12595 1.50280 1.83759 0.66347 0.58594 0.96568 1.50557 1.06463 1.12714 1.12140 1.59512 1.15919 0.67044 1.30848 1.79982 0.78467 0.52578 1.00013 1.75065 0.54475 1.90669 0.68398 1.25799 1.88543 1.12319 0.75515 1.91257 1.09654 1.24500 1.42190 1.80504 1.48679 0.94110 1.54869 1.63138 0.53578 1.89890 0.66474 1.64655 1.97985 1.25684 1.07466 1.31124 1.43143 1.25090 0.95244 1.85856 0.82689 1.49354 1.15872 0.90649 0.69042 1.51990 1.20179 1.64064 1.19088 1.10663 0.94558 0.85012 1.40295 1.26771 1.36385 1.11488 0.93538 0.52254
1.59141 0.61989 1.17546 0.60111 1.95385 0.74382 1.94035 0.77829 1.27045 1.16297 0.56306 0.64152 0.66795 1.18792 1.50477 0.79558 1.37129 1.06049 0.50070 0.95106 1.72015 1.98629 0.75944 0.54547 0.84334 1.24687 0.51401 1.95374 1.03167 0.87466 0.96786 1.28041 1.21779 1.57185 0.78277 0.90044 1.91500 0.70579 0.85747 1.76216 1.73834 1.75728 1.16463 1.10554 1.66419 1.74193 0.85319 1.03741 1.38557 1.36171 0.91751 0.92630 1.35599 1.05273 0.77423 1.18938 1.28658 1.58612 1.39280 1.20007 1.69066 0.65499 0.82429 0.76885 0.51833 0.82215 1.31112 1.18065 0.77373 1.94132 1.94887 0.72300 1.83988 1.87906 0.65727 0.64878 1.96705 0.67139 0.56305 0.98771 1.90297 1.06348 1.77616 0.79575 0.71905 1.13711 1.32880 0.69105 0.54217 1.21325 1.82939 1.38677 1.15361 1.84255 0.51641 0.58997 0.68536 1.99571 0.90223 1.43650 0.86354 1.09758 1.18609 1.67208 1.28283 0.99581 1.22949 1.99136 1.28802 0.79648 0.71660 0.78548 1.45635 1.12281 0.77125 0.94323 0.61930 1.09565 1.12484 1.36078 0.73618 1.63218 1.69546 0.61573 1.47540 1.78106 0.86761 1.67161 1.33812 0.84143 0.89750 1.48577 1.60514 1.74249 1.78749 1.91006 1.97021 1.21096 0.83218 1.97959 0.91677 1.29241 1.91527 0.78205 1.92630 1.97111 1.90258 1.62768
1.87291 1.11079 1.61419 1.50393 0.76245 0.71799 1.65646 0.81841 1.90593 0.60101 1.22170 1.89440 0.71439 1.44726 0.96502 1.98794 1.30887 1.80162 0.82007 0.52637 1.05061 1.49395 0.58943 0.52913 0.69617 1.46147 1.97548 0.62582 1.41870 1.49616 1.81155 0.89173 1.06533 0.80477 1.76683 1.65502 1.90336 1.07578 1.78003 0.83393 1.94023 0.89742 1.76853 1.38420 1.10126 1.10949 1.09869 1.99796 1.52331 1.66884 1.91010 1.71385 1.15091 1.64282 1.06982 1.42763 1.27398 1.22359 1.25329 1.34206 1.65286 1.60558 1.75044 1.43144 0.69341 0.88533 1.54449 1.85025 1.60161 0.65867 1.82084 1.27599 0.96330 1.98237 1.61882 1.06005 1.20109 0.52779 1.81444 1.71352 1.30616 1.45940 1.18248 1.74375 0.64351 1.42647 0.68451 1.94017 0.53700 0.62270 1.36698 1.59630 0.81673 1.74110 1.32515 0.90972 1.66141 1.89687 1.01615 1.83433 0.60364 0.75033 1.80257 1.76948 1.50818 1.95551 0.79974 1.99902 1.67426 1.85820 1.94488 0.83656 0.53438 1.18298 0.89159 1.19320 1.41797 1.20391 1.31163 1.50038 1.31765 0.96791 0.75011 0.73112 1.84286 0.89451 1.28707 0.50713 0.88135 1.88575 1.54117 1.06546 0.57957 0.57767 1.81275 0.95567 0.99256 0.64445 0.62928 1.89601 1.54634 1.34405 1.43427 1.27906 1.70701 1.19504 1.00719 1.04866 1.55448
1.06851 1.91188 0.50183 0.59044 1.88192 0.51088 1.11356 1.08559 1.95075 1.57978 1.15576 0.70406 0.80127 0.51297 0.85751 0.77244 0.71197 1.04413 1.92819 1.82914 0.77296 0.57038 1.22663 0.77709 1.73626 1.65259 1.48686 0.92130 1.62086 0.71546 1.85046 1.94282 0.64978 1.45096 0.68191 0.63080 0.60821 1.73405 1.06766 1.65747 1.18085 1.17285 0.76347 1.83240 1.41608 1.74597 0.59221 1.05979 0.78222 0.55928 0.86980 0.70018 1.82714 0.58267 1.26677 1.45090 1.22702 1.14176 1.47477 0.57241 1.41334 1.52405 0.63626 0.72900 0.86907 1.82413 1.24504 1.04602 1.17765 0.53830 1.04753 0.60012 1.37741 1.18814 1.91000 1.62215 1.80779 0.64049 0.98425 1.93145 0.95128 1.75752 1.78712 0.95602 0.59403 1.52917 0.51676 1.16757 0.52414 1.79503 1.08387 0.74988 1.67317 1.01921 1.03770 1.05928 1.02480 1.46242 1.06442 1.29526 0.93053 1.90403 0.51044 1.27220 1.95498 0.99921 0.68452 1.72373 1.50616 0.73632 0.86473 1.10474 0.98026 1.28521 0.79485 0.55052 0.79195 1.01425 1.68587 0.59861 1.74010 1.92030 0.54844 0.91089 1.50277 1.47182 0.71134 0.94156 1.49082 0.50113 1.63243 1.22083 1.22035 1.73600 1.79691 1.19444 1.38915 1.27169 1.95970 1.34239 1.56943 0.72996 1.81941 0.74108 0.89940 1.62868 1.16853 1.44931 0.96516 1.92280

Best known: 1028.42
