51 51 160
0 30.0 40.0
7 37.0 52.0
30 49.0 49.0
16 52.0 64.0
9 20.0 26.0
21 40.0 30.0
15 21.0 47.0
19 17.0 63.0
23 31.0 62.0
11 52.0 33.0
5 51.0 21.0
19 42.0 41.0
29 31.0 32.0
23 5.0 25.0
21 12.0 42.0
10 36.0 16.0
15 52.0 41.0
3 27.0 23.0
41 17.0 33.0
9 13.0 13.0
28 57.0 58.0
8 62.0 42.0
8 42.0 57.0
16 16.0 57.0
10 8.0 52.0
28 7.0 38.0
7 27.0 68.0
15 30.0 48.0
14 43.0 67.0
6 58.0 48.0
19 58.0 27.0
11 37.0 69.0
12 38.0 46.0
23 46.0 10.0
26 61.0 33.0
17 62.0 63.0
6 63.0 69.0
9 32.0 22.0
15 45.0 35.0
14 59.0 15.0
7 5.0 6.0
27 10.0 17.0
13 21.0 10.0
11 5.0 64.0
16 30.0 15.0
10 39.0 10.0
5 32.0 39.0
25 25.0 32.0
17 25.0 55.0
18 48.0 28.0
10 56.0 37.0

0.84753
1.30539 1.50814
1.32515 1.38642 0.93397
0.66286 1.04488 1.02388 0.67023
0.94009 1.02518 1.02362 0.95159 1.04349
0.82752 1.37643 1.42663 1.52802 1.38327 0.61832
1.21418 1.22059 1.99524 1.35499 1.30168 0.65440 1.28416
1.76060 1.19488 1.04732 0.65944 1.50149 1.54390 1.99583 1.27749
1.80131 1.69223 1.70867 0.93511 1.58856 0.65497 1.42252 1.15147 1.81820
0.50294 0.95678 1.80928 1.15734 0.80546 1.66992 0.66832 1.52104 0.56761 1.21343
0.60252 0.86205 1.86827 1.51207 0.51294 0.68465 1.12973 0.99955 1.11259 1.57854 1.14157
1.79645 1.20737 1.79224 0.97395 0.56383 1.91492 0.98204 1.21806 1.91162 1.05319 0.78458 0.70919
1.14789 1.56349 0.76783 0.52608 0.68098 1.06336 0.66673 1.13160 1.70434 1.23999 0.80037 1.03483 0.79146
0.78071 0.66902 1.17373 1.44031 0.96346 1.81598 1.87925 0.62831 1.93677 1.81391 0.80377 1.45573 1.54867 1.43005
1.64027 1.88573 0.81055 1.07748 1.78794 0.79535 1.35204 1.59822 0.65387 1.40690 1.83096 1.02281 1.40614 1.49837 1.13780
1.63772 1.91927 1.52953 1.79143 1.46319 1.55859 1.60140 1.29627 0.51877 1.97356 1.68420 1.62904 0.90723 1.77462 1.12295 1.23704
1.39225 1.39227 1.71060 1.61194 1.89052 1.77899 1.50699 0.50195 1.42533 0.91847 1.46731 1.19608 0.89749 1.44036 1.29004 1.68256 0.80095
1.86157 1.95779 1.80705 1.14852 1.25467 1.89823 0.91251 1.23318 1.08541 0.70190 1.44636 0.77062 1.05198 1.64605 1.04802 1.99641 0.80385 0.51594
1.47542 0.75647 0.65289 1.87115 1.28706 1.27445 1.32089 1.23074 1.54105 0.93398 1.00998 0.56142 1.75422 1.42261 1.83413 1.61599 0.65010 0.81744 1.64058
0.88625 0.88763 1.61649 1.69856 1.03227 1.10609 1.39165 1.59508 0.88638 1.74406 1.86784 1.21798 1.63170 1.97042 1.72740 0.90367 1.08980 1.71324 0.83066 1.04248
1.30169 0.81643 1.47121 1.59376 1.04133 0.79077 1.63179 0.96880 0.50869 1.48123 1.12362 1.30957 1.85789 0.85581 1.35357 1.03377 1.21128 1.92572 1.28916 0.83772 0.85779
1.13025 1.87680 0.88998 0.88493 1.11583 1.45611 1.72950 1.60527 1.36545 1.47025 0.81423 0.63842 1.15603 1.84868 1.95919 1.58591 1.77033 1.79406 1.61234 0.68653 1.37944 1.89085
1.02333 1.72526 1.03861 0.72158 0.99822 1.12087 1.29587 0.53490 1.86495 1.94434 1.58955 1.58418 1.27768 0.95120 0.78843 1.32374 1.44279 0.57405 0.88437 1.05268 1.95845 1.26854 1.60212
1.10284 1.93249 1.15791 0.72647 1.22231 1.23351 0.61161 1.28194 0.51469 1.84718 1.49346 1.38491 0.54427 1.64974 1.34975 1.98398 1.68793 1.37481 0.90297 1.81867 0.54780 1.62824 1.32413 1.28086
0.68259 1.99184 1.21068 1.19720 0.85044 1.94278 1.42893 1.38926 1.75294 1.42915 1.14318 1.14861 0.75436 1.04504 0.94699 1.78491 0.76207 1.18449 1.66471 0.62838 1.06803 0.99246 0.61553 0.72874 0.51411
1.32062 0.92442 1.73190 0.84157 1.50483 0.59639 0.99249 0.94854 1.72826 1.48501 1.30091 1.29000 1.37550 1.52526 1.04526 1.33017 0.99194 1.12324 1.47127 0.88889 1.40576 0.96511 0.67160 0.71179 1.99561 0.74981
1.10949 1.39255 1.05600 0.90842 0.84244 1.29743 0.92879 0.74894 1.99705 1.66153 1.16027 1.62934 1.97778 1.00189 0.53237 1.84945 1.00760 1.12447 1.92036 1.09937 0.89555 0.59910 1.69570 0.94377 0.82049 1.70045 1.90017
0.61136 1.55182 1.58153 0.89332 1.03288 1.89702 0.90650 1.05493 0.70074 1.47698 1.06468 0.67476 1.62583 0.91010 1.14332 1.72249 1.79415 1.03507 1.82711 1.13947 1.54340 1.84235 1.99457 1.76197 1.26079 1.21965 1.78347 1.97086
0.91324 0.61972 1.17776 1.72461 1.64760 1.19848 1.73839 0.53391 1.35248 1.65904 1.98342 1.31739 1.53701 1.34601 0.53742 0.76327 0.87964 1.42212 1.55116 1.48164 1.20764 1.83317 0.97091 1.74720 1.41344 0.70181 1.65145 1.07473 0.54744
0.66865 1.87029 0.71845 1.39562 1.57398 1.03159 0.80333 1.34467 1.57537 1.58835 1.25822 0.61250 0.57432 1.00455 1.96143 1.98926 1.77295 1.66042 1.44317 1.51924 1.00874 1.06818 1.45390 1.24055 0.86438 1.76734 1.15002 0.69988 1.11785 1.84091
1.49417 1.60241 1.17468 0.64190 1.96328 1.30305 0.95987 1.98219 1.47637 1.94923 1.47745 0.80400 1.09000 1.99444 1.98180 1.44557 1.97907 1.61029 1.47920 0.50820 1.56763 1.83837 1.54482 1.75987 1.31382 1.33335 1.47206 1.28830 0.78778 1.25480 1.53777
1.30894 1.42167 0.84070 0.92798 1.47211 1.46837 1.64715 1.30212 1.40857 0.51877 0.85965 0.77691 0.56188 1.39784 1.29083 0.97689 1.03357 1.89975 1.55018 1.57308 1.21978 1.06796 0.82901 1.08064 1.65054 0.53091 1.01768 1.61362 1.29228 1.82306 1.10601 1.83652
1.29001 0.60071 1.84980 0.78373 1.95973 1.93994 0.62471 1.92433 1.95852 0.66987 1.91077 0.98068 0.71001 0.54244 0.80038 1.34946 1.54361 1.13834 0.96160 1.40815 0.77785 0.51850 0.63366 1.66781 1.74151 1.84826 1.17007 0.95136 1.53025 1.22306 0.65029 1.62477 1.52006
0.93725 1.26738 1.94616 1.93607 0.97518 1.77920 1.84473 1.93430 1.74953 0.63304 1.11186 0.95696 1.58588 1.76036 1.55148 1.16204 0.64305 1.22059 1.06537 1.54429 1.71467 0.97825 1.43392 1.59126 1.14758 0.85373 1.20688 1.55269 1.38822 1.84499 1.83597 1.48632 0.90322 1.96711
0.70521 1.57007 1.54960 1.32739 1.82316 1.74734 1.61800 0.87904 1.65806 0.70386 1.66742 0.76254 1.83496 1.43513 1.20341 1.36085 1.96587 1.05732 1.74325 1.90365 1.24855 1.71574 0.73079 1.66565 1.14016 0.62969 0.64804 1.29717 1.73124 0.87917 1.94975 1.70266 1.43085 1.43373 1.44182
1.16797 0.95563 1.59512 0.60488 1.75411 1.93189 1.66396 1.32265 1.31998 1.93453 1.34544 0.83519 0.62704 0.64902 1.66843 1.26481 1.04070 1.00396 0.58358 0.54344 0.73828 1.71566 0.94898 0.73660 0.58026 1.74692 1.81765 1.09937 1.20312 0.51419 1.85639 1.86131 1.98936 0.60148 0.66834 1.41619
1.70643 1.06458 1.77285 0.89350 1.58289 0.72913 0.61334 1.75957 0.68395 0.74311 1.42506 1.78100 1.70590 1.90742 0.63658 0.65258 1.02517 0.67877 1.06667 0.98753 0.95646 1.14876 0.81422 1.47619 1.07414 1.11379 1.80836 1.22028 1.85843 0.84178 1.46942 0.59389 0.59758 0.96612 1.73630 1.14522 0.74163
1.05158 1.03711 0.98611 1.58380 0.71021 1.76766 1.76926 1.67986 1.52266 1.74731 0.53427 0.98282 0.58696 0.50181 0.76242 1.92039 1.70727 0.59553 1.07037 0.81589 0.85562 1.49362 1.79904 1.24107 1.64413 1.28104 1.44838 1.18490 1.31931 1.61413 1.77212 1.92087 1.77803 1.79470 1.56768 1.06732 1.11834 1.14559
0.67398 1.64025 1.51645 1.33960 1.68405 0.92362 1.08698 0.69027 1.39800 1.18694 1.60629 1.39811 0.74442 1.39152 1.34856 1.72896 0.90359 1.37711 1.57707 0.71822 0.72715 0.90651 1.78524 0.55975 0.60157 1.56526 1.47468 1.56092 1.79602 1.40588 1.01786 0.70867 0.88067 1.82603 1.58163 0.71383 1.14101 1.96470 0.65171
1.73485 1.18063 1.10329 1.55739 0.94384 1.01277 0.50198 0.53361 1.63480 1.47454 0.80202 1.22402 1.51709 1.51046 1.67047 1.06662 0.78507 0.61450 0.59109 1.49530 1.34300 1.60006 0.94056 1.63737 1.90266 1.94824 0.81403 1.42731 1.72704 0.80056 0.78675 0.95373 0.55423 1.07281 1.90002 1.17226 0.80585 1.64790 1.26157 0.90728
1.06768 1.26663 1.06275 0.73485 1.14454 1.54178 1.43735 1.59774 1.79007 1.85601 0.50694 1.01818 1.31450 1.28775 1.22420 1.07622 1.37613 1.40573 1.99193 1.84554 0.65713 1.57579 1.33558 1.40762 1.86721 1.73471 0.93796 1.83154 1.38374 0.94349 1.86915 0.78462 0.80002 1.20424 1.23637 1.64596 1.11603 0.54411 0.72267 0.85869 0.99598
0.94172 1.74307 0.66869 0.83532 0.92838 0.57436 1.91128 0.67807 0.86563 1.41793 0.51574 1.32279 0.89530 0.82186 1.45301 0.90749 1.72090 1.97550 1.16831 0.89008 1.35081 1.17112 1.17981 0.56156 1.84779 1.67650 1.93001 0.58763 1.74789 1.88029 1.59028 1.13015 0.52928 1.86906 0.58625 0.87458 0.71417 1.74106 1.80077 1.82017 0.53914 1.73524
1.06624 1.77306 1.07387 0.97817 0.99397 1.80660 1.74236 0.92866 1.20072 1.30567 1.86534 0.83848 1.65379 1.74930 1.18900 1.98354 0.98383 1.23839 1.02624 1.06798 1.88303 1.23913 1.09154 0.66096 0.84549 0.96230 0.85208 1.52786 0.61244 1.07407 0.67214 1.81377 0.82818 1.69065 1.37916 0.57408 1.47499 0.89644 0.81376 1.61752 1.78939 0.66217 1.66761
1.70741 1.84863 1.55139 1.53204 1.95664 1.64236 1.16264 1.30263 1.01617 1.54972 0.72990 0.55068 0.88102 0.89675 0.96696 1.58298 1.35362 1.20808 0.84500 1.29814 1.77499 1.86678 0.58187 0.82119 1.69224 1.35258 1.12120 1.19822 1.79660 1.33162 1.04799 1.53488 0.60637 1.45783 1.72931 0.72133 1.13323 1.50863 1.93309 0.96085 1.34372 0.80825 0.90141 0.54292
1.17484 1.35225 0.93204 1.76874 1.36923 1.66960 0.62714 0.63934 0.63627 1.65322 0.95336 1.90461 1.40333 1.26331 0.57493 0.62671 1.15102 0.91160 1.65679 0.74576 1.02430 0.67806 0.63849 1.50228 1.12870 1.65035 1.73120 1.57321 1.54240 0.84093 1.63963 1.72133 1.87033 1.26064 1.45020 1.22618 1.69692 1.11861 1.52701 1.98941 1.87578 0.68078 0.83024 1.16995 1.88786
1.66696 1.38806 1.53534 1.90513 0.70824 1.00323 1.54255 1.04821 1.98190 1.46727 1.29538 1.91371 0.51825 1.01077 1.36912 1.19619 1.34940 0.61598 1.29492 1.71818 1.80666 1.48602 0.95161 1.24581 1.44414 1.39324 0.92768 1.57543 0.85356 1.98556 1.49007 1.70053 1.49038 1.31835 0.87497 1.12198 1.92409 1.36809 1.02693 1.78879 0.81782 1.93746 1.78819 1.20787 1.41665 1.26077
1.32822 1.50971 1.80748 1.73308 1.20011 0.60684 0.50925 1.24036 1.58198 1.86888 1.30930 1.44169 1.32907 1.94652 1.53442 0.63271 1.08600 0.68819 0.74437 0.74510 1.85486 1.66365 1.10050 1.33996 1.79281 1.70370 1.02382 1.38407 1.92072 1.43690 1.86840 1.07666 0.51361 1.33819 1.19741 0.79758 0.58479 1.23987 1.75508 1.92602 1.03809 1.46268 1.70163 1.21423 1.72930 1.66635 1.55991
1.49217 1.45068 1.20218 1.38174 1.00608 0.86781 1.98354 1.49755 0.50940 1.32525 1.60444 1.56069 1.46639 1.56457 0.54086 1.67287 0.70067 1.20721 1.76778 0.75070 0.70527 1.48062 1.56816 1.52556 1.03553 0.77933 1.84763 1.52900 1.51229 1.08218 1.42264 0.91336 1.31379 1.82585 1.69251 1.43317 1.33706 1.08768 1.11428 1.73388 1.98689 1.06623 1.50148 1.37048 1.79247 0.51566 1.72688 1.94777
0.54140 0.80527 1.60971 1.38789 1.40535 1.78599 1.44468 1.70249 1.97818 1.58008 1.14746 1.66596 0.84863 0.81652 0.69256 1.63673 1.67125 1.52315 1.41456 1.78740 1.62205 1.16433 1.91251 1.14295 1.48623 1.04855 1.00199 1.09553 1.81457 1.11567 1.67289 1.21570 0.53143 1.67949 0.58343 1.49586 1.69686 0.67682 0.61866 0.74412 0.61543 1.44107 1.88279 1.68028 1.59465 1.25930 1.18049 0.61918 0.71285
1.13547 1.54656 0.50853 1.20186 1.03292 0.55348 1.08634 1.62290 1.57379 0.94738 1.92639 0.55925 1.53184 1.09706 1.65148 1.74664 0.85613 1.53674 1.30054 1.21524 1.02860 0.56917 1.88684 1.15788 1.34599 0.84532 0.83179 1.12317 0.92547 1.76075 1.01519 0.67409 1.50228 0.94404 0.84690 1.73602 1.02268 0.82202 1.09572 0.95468 1.53416 1.91294 1.18781 1.07672 1.30865 1.61137 1.10115 1.93447 1.16910 1.87705

Best known: 524.61
