76 76 140
0 40.0 40.0
18 22.0 22.0
26 36.0 26.0
11 21.0 45.0
30 45.0 35.0
21 55.0 20.0
19 33.0 34.0
15 50.0 50.0
16 55.0 45.0
29 26.0 59.0
26 40.0 66.0
37 55.0 65.0
16 35.0 51.0
12 62.0 35.0
31 62.0 57.0
8 62.0 24.0
19 21.0 36.0
20 33.0 44.0
13 9.0 56.0
15 62.0 48.0
22 66.0 14.0
28 44.0 13.0
12 26.0 13.0
6 11.0 28.0
27 7.0 43.0
14 17.0 64.0
18 41.0 46.0
17 55.0 34.0
29 35.0 16.0
13 52.0 26.0
22 43.0 26.0
25 31.0 76.0
28 22.0 53.0
27 26.0 29.0
19 50.0 40.0
10 55.0 50.0
12 54.0 10.0
14 60.0 15.0
24 47.0 66.0
16 30.0 60.0
33 30.0 50.0
15 12.0 17.0
11 15.0 14.0
18 16.0 19.0
17 21.0 48.0
21 50.0 30.0
27 51.0 42.0
19 50.0 15.0
20 48.0 21.0
5 12.0 38.0
22 15.0 56.0
12 29.0 39.0
19 54.0 38.0
22 55.0 57.0
16 67.0 41.0
7 10.0 70.0
26 6.0 25.0
14 65.0 27.0
21 40.0 60.0
24 70.0 64.0
13 64.0 4.0
15 36.0 6.0
18 30.0 20.0
11 20.0 30.0
28 15.0 5.0
9 50.0 70.0
37 57.0 72.0
30 45.0 42.0
10 38.0 33.0
8 50.0 4.0
11 66.0 8.0
3 59.0 5.0
1 35.0 60.0
6 27.0 24.0
10 40.0 20.0
20 40.0 37.0

1.08374
1.81413 1.33165
1.84597 0.90734 1.72829
0.50364 1.69617 1.39790 1.69411
0.59330 1.77307 1.95963 0.93292 0.61451
1.04633 0.68298 0.63605 1.98175 0.69391 0.89752
1.32526 0.58291 1.90045 0.70059 1.87549 0.78546 1.74950
1.83598 1.46711 1.35349 1.07348 0.78805 1.98853 1.46767 1.82997
0.84404 0.66284 1.72458 1.34758 0.87128 1.48139 1.22947 1.38339 1.83322
0.67332 1.55342 1.92292 1.74343 0.96578 1.22919 1.19520 1.84146 1.01886 1.52240
1.80631 1.37481 0.54289 0.67634 1.32383 0.76264 0.98552 1.91207 1.22678 1.96301 0.91423
1.12198 1.02847 0.79531 0.88091 1.74534 0.52780 0.93204 0.77216 0.87976 0.64474 1.11118 1.90159
1.10198 1.81731 1.61674 1.27237 1.39981 1.47079 0.87717 1.22777 1.62800 1.61686 1.05265 0.92888 1.99065
0.77348 1.91664 0.66862 1.70271 1.09237 0.96210 1.70921 0.50984 1.81550 0.69770 1.80695 1.92047 1.82992 1.37508
1.78460 0.85927 1.78664 1.59540 1.77067 1.53241 1.69701 1.78859 1.99414 1.30631 0.52328 1.65665 1.91654 0.50643 0.68384
1.74585 0.52339 0.88189 1.80508 1.46585 1.93562 1.08967 1.89833 1.73957 1.41314 1.03964 0.90339 1.42692 1.48560 1.58814 1.62640
1.47642 1.34769 1.75530 0.89742 1.71543 1.94818 0.68347 1.23056 1.03500 0.87175 0.87052 0.80259 1.52269 1.33200 1.73201 0.78879 1.86943
1.22308 1.27089 0.78649 1.70066 1.59434 1.86322 1.06205 1.12727 1.87573 1.79250 1.51975 1.58775 0.99109 1.72918 1.63196 1.47803 0.82973 1.32010
1.43512 1.96699 0.62809 1.98858 1.14492 1.90584 0.71076 1.96922 0.89478 1.87327 1.41096 1.74313 1.98639 1.60091 1.79728 1.12025 1.07576 1.53747 1.36292
1.49679 1.99767 1.06124 0.70828 0.52142 0.74093 0.85644 0.67097 1.90842 1.60572 0.57503 1.39913 0.87632 1.04019 1.92624 0.72765 1.68861 1.69073 1.23893 1.78727
1.78571 1.31910 1.16444 1.62681 0.63675 1.46974 0.55791 1.34863 1.73799 1.60608 1.46089 1.68621 1.30983 0.80184 0.76863 1.89103 1.23508 0.57430 0.53832 1.97572 1.97469
1.67955 1.41182 1.75860 0.84588 1.02329 1.51467 1.73056 1.43105 0.58800 1.84802 1.40248 0.65383 1.28726 0.94838 1.93160 1.49551 0.75423 1.08032 1.52655 1.22723 1.78453 1.75352
1.35115 1.08156 1.56910 0.80258 1.87090 1.26859 0.73592 0.69619 0.56692 0.91635 1.77569 1.12173 1.82111 1.48221 0.92661 0.78858 0.86856 1.58569 0.73631 0.50113 1.69091 1.15861 0.86282
1.33071 1.34585 1.09133 0.76880 1.56690 1.77208 1.69347 1.76127 0.57411 0.60538 1.29929 0.71786 1.39110 0.55937 1.73765 0.93784 1.51992 1.36198 1.07482 1.58427 1.79327 1.83924 1.81182 1.74918
0.59791 1.46425 0.98143 1.73610 1.58853 1.77991 0.98474 1.16147 0.82429 1.01097 1.57941 0.80801 0.77851 1.29851 1.50250 1.99710 0.88255 0.74320 0.76682 0.70182 1.04385 1.07734 1.44433 0.75898 0.74073
1.17849 0.54004 0.90557 0.56457 0.70892 0.77290 0.53896 0.98720 0.52590 0.95660 1.49172 1.49613 1.50457 1.83838 1.14326 1.58950 1.88111 1.33227 1.46433 0.68212 0.65593 0.71299 0.76313 0.61355 0.76133 1.82994
0.97105 1.00858 1.11171 1.55726 1.92674 1.65449 1.40558 1.04587 0.82614 1.35727 1.70383 0.87492 1.28541 1.79183 1.16744 1.40189 1.72406 1.13917 0.83512 1.09409 1.11765 0.94543 0.57864 1.03137 1.67527 1.45909 0.67123
0.62728 1.17917 1.51011 1.95255 1.37120 0.81246 0.83882 1.22401 1.91490 1.31261 1.68595 0.51455 0.58233 1.43905 1.92507 0.89487 1.26291 1.24062 1.11686 0.65108 0.65844 1.38310 1.52251 0.96484 0.52026 0.67687 0.70338 1.23507
1.40894 1.63380 1.84597 1.22088 1.39519 1.95288 1.67749 1.45900 0.69502 1.99503 1.12287 1.82296 0.50396 1.47434 1.07912 1.51788 1.56363 1.60392 0.72178 0.60363 1.37811 1.29454 0.51846 0.59666 1.95472 1.39539 1.55278 1.43362 0.95854
1.98669 1.67398 0.69299 1.66692 1.53748 0.71818 1.50116 1.65145 1.50123 1.39433 0.66750 1.09959 1.39121 1.73545 0.75376 1.31297 1.59158 1.87291 0.58282 0.85835 1.51063 1.01578 1.39553 1.22271 1.73596 0.68903 0.50315 1.74592 1.77872 0.52852
0.50008 1.64571 0.97639 0.58659 0.68694 0.76160 1.90712 1.84132 1.73789 1.66080 1.02850 1.15850 0.85937 0.93517 1.65578 1.87266 1.96199 1.57941 1.73865 1.50534 0.71861 1.09100 1.24109 0.67165 1.93940 0.99361 1.87145 0.99004 0.59091 0.55639 1.14558
0.91373 1.75976 0.60025 1.79731 1.50691 1.40002 0.62147 0.63516 1.20907 1.33019 0.96584 1.13184 0.99663 1.78830 1.95491 1.26280 1.11990 1.01894 0.82627 0.76794 1.18481 1.87933 1.50735 0.56625 1.49608 1.28041 0.82939 0.54974 1.47772 1.31811 0.95419 1.35561
1.30213 1.70093 0.67879 0.73485 1.74340 1.60008 1.23589 1.74006 0.91504 0.90137 1.69181 1.55402 1.44177 0.54669 1.78785 0.82320 1.40693 1.15216 1.95689 1.90784 1.93267 1.71664 1.05129 0.97705 0.66452 0.71764 1.92334 0.74694 0.71443 1.15487 1.11597 0.88261 1.23207
1.31620 0.59161 1.86239 0.71043 1.61146 1.26215 1.31006 1.24355 1.23447 1.53896 0.69934 1.52901 1.64296 1.01359 1.46567 1.42253 1.53025 1.17233 0.90565 1.60865 0.83852 0.53406 1.01265 1.77699 1.99295 0.86370 1.74827 1.15424 1.46784 0.63024 1.81350 0.93420 0.66552 1.38274
1.64545 0.51396 0.52483 0.72474 1.13304 1.19056 0.99698 1.86030 1.61069 1.82191 1.72259 1.54502 1.02134 1.03955 1.25904 1.58093 1.57613 1.35309 1.01573 1.31621 1.31506 1.01132 0.56127 1.35576 0.55672 1.74646 1.04001 0.95277 1.84946 0.50669 1.93762 0.67281 1.43020 1.62329 1.45199
1.76790 1.53775 1.02220 1.86681 1.30537 0.74006 0.53072 1.25800 0.83199 1.47707 1.80860 0.78543 1.31879 1.42738 1.89650 1.17614 0.63889 1.31140 1.01861 1.06451 1.52471 1.80589 1.28784 0.80444 1.36661 1.99354 1.62749 0.75550 0.78610 1.11892 0.73715 1.24871 1.28245 0.75356 1.11024 0.63004
0.69675 1.82056 0.62386 0.82654 1.39321 0.60457 1.36370 0.98926 1.78571 1.74245 0.58602 0.56238 1.39063 1.51006 1.44401 1.09304 1.91882 0.95455 1.35427 1.84759 1.78011 0.53703 0.67697 0.65490 1.62393 0.57979 1.30180 1.43742 0.60927 1.77540 1.38258 1.01459 1.43357 1.42534 0.71367 1.60934 0.99855
1.82395 1.61165 1.04812 1.65491 1.38252 1.98091 0.93787 1.87916 1.25746 1.61585 1.69082 1.23688 0.57877 0.77457 1.64171 0.99397 1.42633 1.90434 1.68109 0.62528 1.07291 1.72230 1.81702 1.12890 1.35068 0.69436 0.81071 0.99488 1.52227 1.46149 0.94530 1.51711 1.30340 0.94180 1.76094 1.20819 1.23195 1.55310
1.44869 1.68984 1.57660 0.70857 0.98999 1.45579 0.94263 0.75921 0.75450 1.94350 1.29371 1.46916 1.23707 0.76492 0.71894 0.65994 0.63480 1.16532 1.16013 0.57217 1.82570 1.30555 1.30809 1.41076 0.99925 0.75648 0.77717 0.85862 1.39173 1.27118 0.80549 1.68533 1.39388 1.37275 0.63682 1.89512 1.41374 0.84431 1.58021
1.50815 1.20995 1.27636 0.58257 1.30027 1.81106 1.68366 1.77524 1.22373 1.45113 1.74489 1.17966 1.73608 0.71158 0.55757 1.92703 1.71772 0.53738 1.96210 1.16932 1.16169 0.52412 1.26922 1.70485 0.55785 1.96296 1.50851 1.66579 0.50578 1.71384 1.05058 1.83487 1.95785 1.60764 0.52489 1.64906 1.27107 0.61690 1.60306 1.82119
1.57164 1.59725 1.93504 1.82082 1.58918 0.62564 0.76234 0.83887 1.12537 1.30230 0.72972 1.85522 0.96256 0.87355 0.78942 0.74693 1.17909 1.46768 1.63506 0.51873 0.82202 0.86275 1.24743 1.83855 1.79992 1.08596 1.63842 1.26715 1.38946 0.97395 1.13841 1.84852 1.98438 0.90421 1.10050 1.86371 1.69703 1.13707 1.12555 1.19873 1.64171
0.97837 0.59347 1.19758 1.91789 0.84004 1.67311 1.15722 1.42921 1.72508 1.55063 0.75717 1.90059 1.40741 0.80626 1.78185 1.63502 1.51271 0.54364 1.62103 0.58273 1.00466 0.83222 0.98388 0.52863 0.73442 0.86792 0.77111 1.44295 0.81972 1.11537 1.88771 1.78099 1.15937 0.95562 1.55337 0.63746 1.97161 1.33107 1.74900 1.08670 1.13904 1.14843
1.26767 0.89079 1.61068 0.69082 1.87848 1.70274 1.62469 1.06289 0.74527 0.50146 0.76928 0.58573 0.63523 1.96720 1.59070 1.93774 1.58746 1.87292 1.66271 1.26213 0.88903 0.94664 0.75542 0.78839 1.10868 1.08615 0.50135 0.75483 1.00448 1.71101 1.73070 1.61453 1.86159 1.45600 1.98442 1.61418 0.56367 1.18541 1.92345 0.56615 0.54109 1.66024 1.84961
0.96922 0.93871 1.04069 0.93985 1.85744 1.28439 0.62522 1.07412 1.34847 0.80626 1.38140 0.54613 0.95430 1.62956 0.66950 1.36639 0.77842 0.52949 0.70828 0.90168 0.96336 1.20903 0.66623 1.93756 0.77603 0.76321 1.85585 0.83100 1.68008 1.98579 1.12667 1.86791 1.09270 0.50959 1.30881 0.81212 0.51909 1.41127 1.99017 1.73623 1.24038 1.84336 1.51515 1.68422
1.64397 1.27946 1.66822 1.41689 1.82602 1.00114 1.28330 1.30061 0.82755 1.43305 1.41130 0.72467 0.80856 1.90563 1.69477 1.31170 0.53265 1.61394 1.31650 1.84140 0.93618 0.70542 1.96207 1.70852 1.78874 1.59263 0.84680 1.16908 1.61980 0.52053 1.52793 1.17694 1.68851 0.51818 1.66467 0.81332 1.51098 1.16625 0.50399 0.92697 0.65337 1.39156 1.07957 0.83025 0.65420
1.54873 0.52006 0.87218 1.18492 0.91547 0.71860 1.30813 1.15861 0.95240 1.92341 0.91982 0.64333 1.72009 1.07758 1.73858 1.82091 1.26802 1.11241 1.55275 1.85094 0.61992 1.70498 0.52027 1.29983 0.79103 1.97142 0.93424 1.40642 1.43095 0.55747 0.72548 1.33543 0.97427 1.92894 0.88682 1.20535 1.07963 1.74728 0.72740 1.84448 0.93602 0.81877 1.86822 0.53075 1.88913 1.18680
0.75703 1.37994 0.59828 1.68994 1.43385 1.27978 0.84523 1.42557 0.71901 1.55411 1.39070 1.64322 0.68407 1.55947 0.97657 1.39723 1.56302 1.58342 0.80335 1.21133 1.86723 0.56007 1.34628 0.71362 1.58886 1.85656 1.60263 0.57351 0.69533 0.84396 0.74451 0.75996 1.12266 1.66997 1.66771 1.21797 1.80379 1.86034 1.78897 1.03830 1.80669 1.68182 1.70838 1.02618 0.86293 0.57534 1.79205
1.26046 1.78541 1.71472 1.22609 0.62719 1.44859 1.44155 1.46095 1.32534 1.07130 0.93528 1.15860 1.62855 0.59976 1.36715 0.94129 0.94026 1.37996 1.74164 1.73742 1.97424 1.20478 1.71856 1.09573 0.83319 1.58920 1.04583 1.95736 1.07646 0.64027 0.54020 0.93295 1.03800 0.57908 0.62021 1.71371 0.74734 0.76388 0.85191 1.33149 1.97084 1.50232 0.80162 1.28047 1.27118 1.81947 1.15165 1.21216
0.60298 1.85961 1.15780 1.71353 1.88982 1.44521 1.55273 1.26737 0.90645 1.12789 0.91492 1.19446 0.79311 1.36614 1.55412 1.66428 1.18765 1.31666 0.55639 1.49050 1.19276 1.51129 0.96901 1.27571 1.81051 0.70243 1.43066 1.79793 0.79002 1.95870 1.52301 1.29293 1.97364 1.39444 0.97306 1.24663 1.49870 0.82029 0.80528 0.68050 1.94980 0.57112 1.26637 1.53430 1.62949 1.05471 1.00516 1.96277 1.59648
1.98178 1.29771 1.94233 0.95066 0.92212 0.94124 1.26234 0.94985 1.82746 0.91517 1.51218 0.73769 1.07864 0.80191 1.44748 0.90565 0.59286 0.86391 1.22370 0.80817 1.03652 1.35225 0.55937 1.32129 1.59691 1.59066 1.55656 1.84287 1.79376 1.78379 1.61031 1.75828 1.39943 1.30614 1.16742 1.54817 0.72617 1.24193 1.51124 0.59773 0.52516 0.55415 0.61487 0.53751 0.91171 0.88399 1.00264 0.62855 1.65473 1.21861
1.08296 0.86475 1.63045 0.62624 1.25403 0.75577 0.72398 0.82924 1.01051 1.68567 1.76408 1.33074 1.32647 1.95659 0.73587 1.63323 1.88808 0.93568 0.79009 1.42904 1.07192 0.91538 0.61631 1.21827 1.06661 1.45525 1.18093 0.64471 0.58653 1.01142 1.23944 1.08994 0.90402 1.78560 1.91392 0.93036 1.55266 1.54297 1.46713 0.86651 0.74823 1.39193 1.85680 0.65829 1.86393 1.66568 1.97811 1.99508 1.73928 0.72306 1.89162
0.91736 1.04464 0.97329 1.73095 0.83658 0.57608 0.79911 0.93067 0.91064 1.54252 0.61852 1.61134 0.50108 1.12701 1.13806 1.45757 1.68204 1.04395 0.54148 0.58717 1.89904 1.95359 1.50462 1.10689 1.74148 0.95336 1.60694 1.22794 1.27724 0.91786 0.94270 0.75321 1.73770 0.67318 0.52943 1.53212 1.39959 1.43629 1.19919 0.64875 1.72158 1.93997 1.30190 0.58422 1.86433 1.42058 1.22584 0.98025 0.83142 1.03261 1.36301 1.00464
1.85769 1.82429 0.50788 1.87154 1.89342 1.04910 1.80578 0.79273 1.13450 0.64562 1.93504 1.28716 1.66392 1.98203 1.02005 1.88941 1.60722 0.93155 1.22402 1.30381 1.82110 1.66186 0.55721 1.98421 1.99454 1.02733 1.28158 0.72720 1.34208 1.69658 1.88290 1.37337 1.90193 0.58107 1.19231 1.04735 1.30016 0.89491 0.89706 0.83593 1.59622 1.28340 0.82636 0.69690 1.11227 1.37914 1.05075 1.90308 1.69727 1.34659 1.82181 1.96299 1.16193
1.08210 0.55702 1.25020 1.06695 0.75177 1.07881 1.59090 1.34737 1.74180 1.18725 1.75645 1.37911 0.99637 1.96258 0.92634 1.96724 1.57915 0.79485 0.75022 1.50826 0.75396 1.95332 1.86277 1.49111 1.64765 0.84476 1.26196 1.97352 1.71203 1.14171 1.77445 1.25301 0.76446 1.48809 0.74554 1.21777 0.92157 0.87618 1.24919 1.59059 1.01034 0.53898 1.73815 0.54126 0.50835 1.10672 0.99458 1.73222 1.89880 1.67134 1.10184 0.77124 1.05665 1.13730
0.93857 0.70274 0.95586 1.38649 0.71859 1.22218 1.39202 1.44716 1.75236 1.91749 1.78623 0.71488 0.50924 0.83446 1.74040 1.40284 1.03908 1.11352 1.75796 1.30549 1.08585 1.64031 0.85408 1.44441 1.11899 1.48260 0.89032 1.06164 1.74679 0.50734 0.75028 1.73140 1.14671 1.06099 0.64414 1.07332 1.12565 1.95065 0.62219 1.05995 1.10180 1.79354 0.52365 1.95886 1.76639 1.08389 0.93124 1.40269 1.88285 0.99296 1.58052 1.78842 1.67905 1.68418 1.72322
1.05769 0.53677 0.93948 0.50628 1.35338 1.62557 1.93481 0.99047 0.55125 1.55935 1.73336 0.95841 0.71740 1.54470 1.19022 1.09943 1.83131 1.11743 1.68732 1.30363 0.76071 0.87341 0.84049 1.16456 0.85502 1.08611 0.67019 1.21214 1.66353 1.95248 0.94277 0.64526 0.92729 1.43507 1.77136 0.64351 1.27746 0.91707 1.67727 0.92566 1.63537 1.72683 1.70487 1.65048 1.91285 1.02193 0.70108 1.60191 1.05371 1.29851 1.30709 1.89479 1.72708 0.74876 0.82718 1.24793
1.48345 1.72031 1.68667 1.20034 0.94661 1.73094 1.16789 1.01068 1.79045 0.79060 0.82748 1.86716 0.58463 1.42183 1.74213 1.86264 1.94922 1.66715 1.10167 0.97924 1.89110 1.50345 0.53498 0.99277 0.62143 1.65430 0.59649 1.57612 1.85720 0.93283 0.68818 0.51601 1.78615 1.17634 0.66000 0.79405 1.81375 1.50748 1.62923 1.81505 0.51193 1.57139 1.40621 1.36714 1.40807 1.46345 1.73649 1.25866 0.95958 0.59764 0.88788 1.15268 1.22722 0.74930 1.58130 0.93641 1.38723
1.39925 1.39441 1.03662 1.40156 1.43179 1.99744 0.82190 0.93810 0.71655 1.81271 1.98259 1.35955 1.52436 1.63754 0.56309 0.78142 1.91292 1.33143 1.59354 1.34235 0.51867 1.14472 0.57218 0.54226 1.81895 0.55916 0.53360 1.08261 0.84869 0.69582 1.93315 0.55183 1.21625 0.76947 1.61701 0.51637 0.75094 0.78704 1.27517 1.14982 1.95933 1.06860 0.88143 0.97593 1.61886 1.50375 1.63357 1.90893 1.50768 1.03058 1.56832 0.55058 1.83321 0.52220 1.15874 1.11906 1.71093 0.75550
1.87865 1.22370 0.99956 0.65262 0.55472 0.73505 0.92741 1.75555 0.71843 0.77220 1.81956 1.76901 0.71885 1.87842 1.01607 1.01402 1.34036 1.16971 1.99010 0.87262 0.59601 1.60564 1.31056 1.70750 0.89099 0.61066 0.72552 1.75364 1.62903 0.73243 0.93515 1.21309 1.67538 1.88351 1.12108 1.36659 1.21648 1.76899 1.93453 0.86340 0.62698 0.72166 1.98561 1.74640 1.52966 1.11217 1.00295 0.99412 0.76454 0.89220 1.47721 1.20516 1.50958 0.74582 1.69958 0.75113 1.22684 1.94539 1.70572
1.19775 1.94697 1.26471 1.52551 1.49518 1.60250 1.29606 1.66001 0.96760 1.83613 1.96321 0.73552 0.76503 1.39170 1.64549 1.65700 0.52046 1.56025 0.91515 1.79157 1.68401 1.01320 0.60692 1.67830 1.11480 1.45704 1.92424 1.20231 1.54812 1.13450 1.04422 1.56857 0.84557 1.19326 0.89964 1.71261 0.86581 0.77212 1.53258 0.72822 0.59473 1.58200 0.88092 0.87056 1.07411 1.79422 0.56246 1.31058 1.95725 0.84751 1.06212 1.10956 1.67737 1.06116 1.12118 1.85274 0.97691 0.60449 1.61674 1.81792
0.77146 0.63739 0.54708 1.66771 1.10829 1.78063 0.59179 1.54841 1.66369 0.88828 0.96762 0.93556 0.81316 1.44959 1.15584 1.12939 1.63044 1.95572 1.89593 0.63686 1.10194 1.51708 0.98801 1.77896 1.09291 0.98248 1.08593 1.77377 1.86185 1.64655 1.68007 1.30461 1.96057 1.82135 1.81131 0.90879 1.23454 1.76597 1.06560 1.20121 1.47690 0.59999 1.20551 1.81286 1.37255 1.70721 1.81365 1.43023 0.94973 1.70521 1.40381 1.87495 1.04142 1.09304 1.47415 0.84017 1.05401 1.09887 0.68531 1.40726 0.79581
1.32783 1.48301 1.30768 1.26800 1.40130 1.26114 0.85425 1.99744 1.42125 1.07585 1.19476 1.57477 1.62608 0.94157 1.39211 1.68319 1.36575 0.63028 1.64054 1.63085 1.76022 1.87990 1.55776 0.79958 1.48573 1.50811 1.02970 1.32571 1.21496 1.45410 1.27912 1.66020 1.22261 1.01397 0.79850 0.91373 0.72030 1.72226 0.58861 1.68744 0.93975 0.54366 0.75185 0.83203 1.54820 0.69126 0.81927 1.15255 1.04501 0.99422 1.55590 0.63082 0.92900 1.02237 1.84732 0.75266 1.22827 0.68986 1.41255 1.71227 0.74822 1.07352
0.55120 1.03494 1.50079 1.98464 1.79117 1.49180 0.73170 1.13092 0.74280 1.56209 0.60461 0.58174 1.94937 0.61185 1.89428 1.65552 1.01264 1.93820 1.24131 1.16993 1.68124 1.82388 1.43468 1.19747 1.33722 0.99525 1.53772 1.97856 1.17056 1.02586 0.78961 0.61443 1.54284 1.47981 1.86165 0.69781 0.72941 1.90478 1.42546 1.93286 0.95496 1.27036 1.54566 1.12496 1.17560 1.35149 1.54017 0.55518 1.03187 1.49164 1.02954 1.13689 1.72848 1.83747 1.49796 1.28568 1.28344 1.90480 0.88391 1.65936 1.12648 1.30245 1.16045
0.55677 1.05233 0.93689 0.70384 1.63822 1.68570 1.09022 0.56766 1.12692 0.78554 1.95907 1.10758 1.33179 1.39618 0.86850 1.01986 0.82936 1.25034 1.13402 1.61975 1.73035 1.19318 1.30430 0.83911 0.66725 0.89510 1.29612 1.41893 1.14319 0.84511 1.32935 0.68401 1.95966 1.76249 1.63428 0.73784 1.79478 1.47330 1.51731 1.73733 0.98274 0.60535 0.65279 1.15111 1.75794 0.71058 1.45209 1.14375 1.91536 1.79798 0.85808 1.57313 1.37599 0.73234 1.56382 1.35411 1.96182 0.83138 1.35763 1.26648 1.02355 0.83973 0.77976 0.64731
1.41856 0.53167 0.97738 1.41298 1.59087 1.82116 0.90275 1.67738 0.58301 0.89406 1.23084 0.51730 1.23992 1.61257 0.77688 1.18368 0.97328 0.85852 0.64033 1.49524 1.56948 1.56350 1.05567 0.92860 0.90296 1.50707 1.54023 0.59570 0.51297 1.46834 1.21870 0.55037 1.88123 0.66238 0.82273 0.99151 1.96021 1.47561 1.64668 0.59330 1.71062 1.86125 1.43585 1.15593 1.36663 0.51872 0.68671 1.72418 1.97214 0.51979 1.06389 0.60741 0.68008 0.73724 0.70231 1.34935 1.78012 1.50224 1.44661 0.83502 0.67600 1.26721 1.16289 0.98073 1.32377
0.61889 1.51896 1.57632 1.01059 0.96186 1.11636 1.78948 0.68960 1.93637 1.85110 0.73674 0.88818 1.23548 1.32595 1.37661 1.96239 1.07123 1.17401 1.41837 1.68520 1.50325 1.64225 1.48891 1.85415 0.96482 0.66255 1.00298 1.17169 1.40663 1.94259 0.73670 0.93831 1.66848 1.91781 1.81881 0.84081 1.98998 1.91357 1.78505 1.62548 1.43280 1.36397 0.85413 1.45911 1.84793 1.48768 1.37549 0.89625 1.00723 1.36752 1.67655 1.15438 1.75581 0.58797 0.75946 1.33185 1.04235 0.51577 1.91025 1.49033 0.91841 0.84373 1.04361 1.62991 0.74786 0.77556
0.85194 1.08717 1.40197 0.70167 0.77750 1.36262 1.14614 1.13738 1.21492 1.76650 0.95502 1.91826 0.57987 1.93811 0.60639 0.85056 1.62386 1.90639 1.00946 1.52890 0.75618 1.41320 1.03510 0.69017 1.39410 0.97806 1.40493 1.02861 0.84545 1.53671 0.88689 0.74832 1.49601 1.95212 1.70576 1.93375 0.98304 1.59394 0.54343 1.46667 0.65375 1.45677 1.56240 1.22334 1.91046 1.97104 1.22893 1.84680 0.62093 1.13975 1.18811 1.87298 1.71300 1.04155 1.46590 1.80506 0.67383 0.63365 1.12556 1.36496 0.70951 1.04193 0.61530 1.78642 1.79044 0.93964 0.58679
1.66839 1.55934 0.72333 1.90692 1.65331 1.60494 0.69513 1.72155 1.99871 1.69408 0.61802 1.83727 0.54742 1.91568 1.07208 1.11074 1.36715 1.10884 1.46052 1.21854 1.23353 1.05658 1.82520 1.52338 0.74338 1.52711 1.58195 1.75594 1.41227 1.76045 1.21293 1.70228 0.84720 1.50059 1.90302 0.75674 1.06076 1.12686 1.46453 1.27326 1.28050 0.60162 1.09341 1.14053 1.58457 0.63899 0.58323 0.85608 0.53569 1.03746 1.07693 1.69282 1.83022 1.71681 1.10214 1.53343 1.56819 1.24554 1.05995 1.42238 1.41902 1.37435 0.52286 1.26067 1.28057 0.92334 1.87862 0.92514
1.27731 1.35231 1.64566 1.88334 1.75556 1.04218 1.70173 1.83654 1.87445 0.84672 1.40233 1.28878 1.16405 1.94952 1.35304 1.23726 1.52424 1.19841 0.72684 0.66127 1.28634 1.47286 1.36337 1.64850 0.63329 0.55558 1.48193 1.19010 0.97461 0.68106 1.75530 0.79829 1.65637 0.76554 0.69720 0.54214 0.99909 0.70638 0.63268 0.96315 0.93403 1.53487 0.84144 1.41946 0.61766 0.57539 0.92957 0.54278 1.07751 1.48595 0.56979 1.35231 1.64725 1.61242 1.14723 0.62348 0.91835 1.16540 1.67080 1.05003 1.13464 0.80464 1.10498 1.27170 1.40902 1.66713 1.80337 1.86336 0.98668
0.51886 1.87913 1.26666 0.78403 1.10758 0.82168 0.60903 1.75988 1.48837 0.78802 1.12681 1.80335 0.58462 1.42230 1.68845 0.94544 1.62890 1.28049 1.81656 1.75127 1.43937 1.43284 1.93788 1.70475 1.68389 1.75369 0.56250 1.18843 1.02110 0.79095 1.93330 0.76915 1.56139 0.83667 0.79844 1.77738 1.47311 1.12064 1.55579 0.79055 1.86588 1.25865 0.78707 0.58542 1.82230 1.01587 1.51974 1.72419 1.67082 1.84943 1.75014 1.09838 0.84811 0.94465 0.57553 1.92062 0.64398 0.54795 1.56654 0.78802 1.10720 0.55324 1.96744 1.77557 1.59891 0.75589 0.70268 1.02621 1.41773 1.95163
0.95698 0.80823 1.31302 1.86785 1.86253 1.90970 1.41239 1.90084 1.47314 1.08193 1.64680 0.55243 0.87211 0.53768 1.92231 1.11342 1.83735 0.50297 1.63154 1.64058 0.71713 1.97599 0.71476 1.53225 0.82798 1.82831 0.53518 0.93016 1.76012 0.87929 1.14847 0.96222 1.40724 1.66209 1.89369 0.75884 1.40502 0.77736 1.25950 0.99602 1.39802 1.74219 1.94320 0.56007 0.85398 1.53163 0.73614 1.35760 0.84265 1.40050 1.52210 1.35224 1.97786 1.73145 0.91946 1.65750 0.99000 1.58798 1.11579 1.04284 1.82752 0.59208 1.05337 1.71373 0.96580 0.82936 0.83732 1.45408 1.03429 1.39613 1.67286
1.89042 1.22365 1.80774 0.77699 0.74750 0.64602 0.54404 1.67303 0.54554 1.33325 1.55652 1.17831 1.18957 1.61896 1.76008 0.77576 1.72890 0.59006 0.87797 1.36391 0.56054 1.11133 0.70218 1.63130 0.98379 1.48456 1.25447 1.09832 1.85140 0.91701 1.59691 1.77590 1.38371 0.81860 1.50988 1.62434 1.67210 1.20877 1.59528 1.16527 0.98064 1.75709 0.86400 0.64282 1.95266 0.63227 1.77707 0.96554 0.94040 0.67748 1.26589 1.73421 1.71326 1.14975 0.63864 0.72528 1.07815 1.12037 0.87449 0.99102 1.01176 0.71651 1.54428 1.12940 1.13966 0.64332 1.90322 0.83479 0.61198 0.72098 0.67639 0.56469
1.08119 0.54088 1.20840 0.97235 1.27355 1.84424 1.57287 1.09008 1.08763 1.83654 0.72216 0.81646 0.53496 1.77773 0.66888 1.36653 0.76752 1.98601 1.88807 1.83277 0.96872 1.18107 1.72266 1.49752 1.04996 1.30595 1.98066 0.53020 1.94361 0.68429 1.23547 1.98498 1.11929 1.26410 1.67388 1.61893 1.62115 1.84108 0.87383 1.12524 1.79052 1.47608 1.41044 1.85495 0.59936 1.60985 1.49633 1.20186 1.69684 1.77728 0.55669 1.05681 1.11828 1.56707 1.04962 1.85971 1.41316 1.63818 1.78485 0.62328 1.26600 0.82584 1.94246 1.19238 1.45465 1.69672 1.47257 1.49389 1.35211 0.89757 1.89882 0.97226 0.85603
0.95955 0.62694 1.11279 0.60417 1.04105 0.54835 1.69525 1.00769 1.59878 1.38974 1.58559 0.83308 1.05482 1.67937 1.28115 0.77167 0.93488 1.19108 0.77318 0.96906 0.78763 1.40293 1.02761 1.39267 1.33173 1.92202 0.75015 1.65084 1.12268 1.34725 1.93048 1.77668 1.97944 1.77278 1.66568 1.14685 0.88246 1.76013 0.80055 0.63300 1.20163 1.80619 0.79138 1.13679 1.22308 1.88367 0.59099 1.13250 1.70533 1.90820 1.98026 0.65101 1.27528 1.49163 1.09395 1.14441 0.63042 1.63451 1.11045 1.16984 1.85133 1.32186 1.22603 0.93851 1.00756 0.64607 1.43721 0.62479 1.53596 1.35672 0.73892 1.72064 0.81922 0.78870
1.81557 1.18752 0.88938 1.73332 1.94038 1.03591 1.57027 1.71539 1.89003 0.75193 1.46749 0.69828 1.18733 1.77055 1.13611 1.39359 1.55449 1.20452 1.32433 0.68286 0.98247 1.89063 1.51807 1.16994 1.08271 1.59396 1.25279 1.74899 1.49206 0.62666 1.82934 0.68385 0.76594 0.86280 1.60137 1.11369 1.01563 1.22105 1.06749 1.57591 1.02543 0.76911 1.60868 0.68940 1.95604 0.92901 1.03643 1.84103 1.49665 1.07594 1.84942 1.00661 1.04651 1.58039 0.98450 1.76757 1.40754 1.84114 0.71773 1.23565 1.48415 0.57110 1.18846 1.42860 1.42202 0.73582 1.71280 1.52486 1.79744 1.76313 0.96568 0.91377 1.42779 1.10006 1.17358

Best known: 835.26
