16 3 90
0 30.0 40.0
7 37.0 52.0
30 49.0 49.0
16 52.0 64.0
9 20.0 26.0
21 40.0 30.0
15 21.0 47.0
19 17.0 63.0
23 31.0 62.0
11 52.0 33.0
5 51.0 21.0
19 42.0 41.0
29 31.0 32.0
23 5.0 25.0
21 12.0 42.0
10 36.0 16.0

1.44701
1.22279 1.97714
1.06677 0.71230 1.92222
0.92578 1.04028 1.60953 0.88228
0.55387 1.85284 1.51167 1.05274 1.06159
0.71954 0.95847 0.96110 0.93350 1.82530 1.89181
1.90493 1.97139 1.99231 1.19390 1.96502 1.52614 1.21500
1.02585 1.72348 1.74294 1.50719 1.07709 1.63079 1.00757 1.09895
1.36957 1.82465 1.53116 0.94604 1.20090 1.87820 1.12253 1.64182 0.57906
1.33991 1.34971 1.20621 1.95821 1.30262 1.25469 1.11610 0.97243 0.78042 1.78704
0.62905 1.50934 1.31040 1.19946 0.89129 0.82179 0.64646 1.79080 1.66871 1.98797 0.52201
1.23592 1.41598 1.86792 0.76590 0.86085 1.52197 0.94006 1.10680 0.82538 1.14522 1.84137 1.91917
0.72360 1.77615 1.45531 1.73685 0.64387 1.86634 1.77000 1.95503 0.78485 1.91778 1.53558 1.20231 1.98068
1.82272 1.25536 0.99642 0.76233 1.86548 1.48258 1.79369 0.98064 1.04252 0.73007 0.54222 1.61112 1.32650 0.98090
1.02133 0.92656 0.72890 0.62270 0.58865 1.97344 1.69976 0.68939 1.30824 1.09978 1.35641 1.86188 1.56766 0.79981 1.67249
