51 5 160
0 30.0 40.0
7 37.0 52.0
30 49.0 49.0
16 52.0 64.0
9 20.0 26.0
21 40.0 30.0
15 21.0 47.0
19 17.0 63.0
23 31.0 62.0
11 52.0 33.0
5 51.0 21.0
19 42.0 41.0
29 31.0 32.0
23 5.0 25.0
21 12.0 42.0
10 36.0 16.0
15 52.0 41.0
3 27.0 23.0
41 17.0 33.0
9 13.0 13.0
28 57.0 58.0
8 62.0 42.0
8 42.0 57.0
16 16.0 57.0
10 8.0 52.0
28 7.0 38.0
7 27.0 68.0
15 30.0 48.0
14 43.0 67.0
6 58.0 48.0
19 58.0 27.0
11 37.0 69.0
12 38.0 46.0
23 46.0 10.0
26 61.0 33.0
17 62.0 63.0
6 63.0 69.0
9 32.0 22.0
15 45.0 35.0
14 59.0 15.0
7 5.0 6.0
27 10.0 17.0
13 21.0 10.0
11 5.0 64.0
16 30.0 15.0
10 39.0 10.0
5 32.0 39.0
25 25.0 32.0
17 25.0 55.0
18 48.0 28.0
10 56.0 37.0

1.85728
0.72349 0.94415
0.51056 0.61340 1.29705
1.81142 0.67085 1.39097 0.90840
1.43897 1.29153 0.92236 0.71484 1.40756
1.18386 1.74093 1.98441 0.80539 1.64851 0.77183
0.52104 1.82115 0.57801 1.77732 1.51074 0.69202 0.79401
1.54791 1.22902 1.79931 1.23569 1.02687 0.77915 1.20098 1.15667
1.28483 1.06878 1.23132 1.21309 1.91550 1.40033 0.74058 1.84671 0.60268
0.60316 1.04192 1.77447 1.86903 1.46506 1.94959 0.89675 1.20591 0.73515 1.58640
1.43459 1.20783 0.55466 0.74959 0.61393 1.67882 1.80179 1.84980 0.59109 0.59556 1.08572
0.62409 0.62232 1.47890 1.87199 0.63147 1.28510 1.10338 1.03682 1.51542 1.33977 0.94919 0.50882
1.86950 1.71838 1.01744 1.16428 1.30859 0.74917 1.88080 1.31409 0.86071 1.03225 1.60994 0.89584 0.63149
1.80235 1.70625 1.65793 1.46448 1.03574 1.74081 1.29472 1.12798 1.22271 0.54672 1.03021 1.10220 1.12545 0.99294
1.85297 0.68715 1.67988 0.78752 0.84285 0.98024 0.72654 1.68002 0.98868 0.69121 0.50788 0.66617 0.88538 1.41220 1.00617
0.71145 0.68935 1.88880 1.94868 0.50320 0.57480 1.85572 0.95446 0.96244 1.82751 1.98419 1.95424 1.68520 1.25182 1.99575 0.91467
0.85597 1.94005 0.87313 1.55830 0.93697 1.97904 1.63951 0.74831 0.67635 0.68616 1.37759 1.13150 0.71503 0.99167 1.61151 0.70976 1.18424
0.82684 1.69541 1.48695 0.57140 0.65296 0.99688 1.26700 1.64091 1.64372 1.38308 0.64309 1.80718 0.90721 0.59683 0.85639 1.20805 1.28922 1.60075
1.92013 1.45386 1.51829 1.45975 1.03608 1.93241 1.97869 1.81536 0.71333 1.29586 1.46681 1.43684 1.31448 1.90015 0.96696 0.66975 0.70052 1.24388 1.15192
1.28204 1.45143 1.03229 1.23719 1.92740 0.80993 0.59378 0.75291 1.71814 1.75525 1.94027 0.78640 0.81156 1.70290 1.25715 0.93824 0.86131 0.62154 1.61691 1.03612
1.02757 1.69751 1.15747 0.50823 1.05679 0.89275 1.16438 0.98010 1.55355 1.06514 1.83639 0.81850 1.17877 0.88161 1.67194 1.89271 1.10331 1.86960 1.83819 1.12023 1.83303
1.51836 1.26467 1.23758 0.83453 1.89179 0.57909 1.48784 1.84250 1.34459 0.64021 1.82096 1.00363 0.62491 1.02988 1.44734 1.01566 1.95641 1.81028 1.72873 1.49899 1.08784 1.01089
1.89813 1.72844 0.74537 1.76047 1.70204 1.59748 0.94989 1.80079 1.02926 1.62888 1.70644 1.29036 1.98928 0.85483 1.81503 1.78431 0.95147 1.18904 1.24802 0.51587 1.44937 1.86278 1.07788
1.04030 0.65496 1.80803 1.97430 1.43832 0.76071 1.87809 1.65753 0.68595 0.99646 0.63135 1.53611 1.56394 1.91919 1.93746 0.84808 0.57709 0.83783 1.18855 0.92582 1.17285 0.90133 0.83794 1.98713
0.89285 1.30534 0.82784 1.58676 1.25935 1.78843 1.95659 1.23142 1.88017 1.52863 1.01072 1.63108 0.61703 0.88163 1.83070 1.91797 1.81857 1.51070 0.64966 1.65849 0.78870 1.99230 0.53829 1.98059 1.69538
1.67205 1.36017 0.65289 1.78562 1.39134 0.91460 1.74221 0.70561 0.54683 1.39724 1.78701 1.71812 1.44203 1.49554 1.65733 1.59240 1.82934 1.85999 1.42873 0.59973 0.74857 1.12132 0.64102 0.53783 0.71610 0.90498
1.79287 0.68709 1.03638 0.72021 0.53532 1.47022 1.77328 1.29076 1.45382 0.77558 1.65789 1.39778 1.19236 1.29368 1.61356 1.21752 1.22002 0.62179 0.59067 1.56539 0.72485 0.50096 0.71992 0.89022 0.96728 1.37220 1.91568
0.55219 1.67179 0.50184 0.96793 0.85237 1.15654 0.53027 0.54502 0.81051 0.56390 1.33425 1.50655 1.63222 0.56390 1.70617 1.46573 0.76066 1.44105 1.43125 0.62338 1.14971 1.81149 0.81625 0.68356 1.93968 0.50206 0.78116 1.44667
0.86263 1.17944 1.86753 1.07111 0.95156 1.90777 1.36998 1.76991 1.11916 1.94846 1.84109 0.74753 0.77588 1.93350 1.95416 0.67186 1.54394 1.26839 0.81349 1.70861 0.65674 0.67741 1.72348 1.05322 0.84399 0.60562 1.12238 1.24509 1.89740
0.90832 0.76475 1.43089 1.31008 0.68613 0.59371 0.97836 1.86817 0.80619 0.69351 1.58338 1.18838 1.60939 1.96883 1.57129 1.36260 1.60072 1.51951 1.08264 0.67567 1.54196 1.44160 0.69724 0.69751 0.92705 0.95599 1.60379 0.82985 1.17065 1.26532
1.83207 1.80914 1.72225 1.51709 1.70273 1.80510 1.59346 1.24268 0.72941 1.45183 1.00832 0.63790 1.13684 1.80988 0.78236 0.68563 1.81168 1.23041 1.61749 1.37360 1.68194 1.19483 0.51794 0.54327 1.50812 0.66349 1.04014 1.83293 1.20782 1.94169 0.91111
0.85139 1.28203 1.74086 1.00394 0.99444 1.14364 0.51730 1.66626 1.36604 1.39200 0.77950 1.76735 0.72548 0.85777 0.53708 0.61841 1.75190 1.02551 0.57267 1.63919 1.97211 1.86526 1.29669 0.80530 0.94289 1.22462 1.45173 0.88756 1.15968 1.14347 1.74830 1.80234
1.42752 1.21569 1.43982 0.65325 0.53366 1.27090 0.73076 1.40969 1.10253 1.62255 0.66279 0.69796 1.30274 1.76332 1.20354 0.67003 1.10075 1.74550 1.58658 1.96721 1.27908 1.96631 0.83587 0.74394 1.84916 1.27651 0.88443 0.53916 0.88548 1.26864 1.25282 1.83318 1.92261
0.82812 1.78010 0.84510 1.18940 1.01035 1.93748 1.98053 0.91455 1.81903 0.71715 1.81117 1.05151 1.34928 1.44972 1.12937 1.12157 1.26238 1.36566 1.02400 1.09398 1.60156 1.81279 0.56870 0.54007 1.19505 0.60819 1.37592 1.27793 0.59826 1.46401 1.70217 0.90812 1.58058 0.76878
1.63959 1.50288 0.53123 1.15748 1.82437 1.21930 1.74406 1.47649 1.82761 1.78623 1.55579 1.18125 1.80633 1.17679 0.66579 1.89964 1.68449 0.68035 1.15771 0.70633 0.95977 1.04172 1.09296 1.40001 1.51622 1.23677 1.42752 1.78675 1.54382 1.44920 1.29435 1.72624 1.55511 1.11507 1.48518
0.96310 1.13631 1.15959 1.31151 1.63938 1.79136 0.77729 1.53356 0.71142 1.47546 1.08796 1.48802 0.91225 1.21662 1.83258 1.23698 1.39102 1.43269 1.73679 1.53179 0.77866 0.51972 1.66041 1.30356 1.36584 1.99247 1.49167 1.48588 1.64901 1.39995 0.56487 0.95372 0.74323 1.21241 1.27812 0.93931
1.76989 0.72960 0.71412 1.13803 1.82369 1.99511 1.73656 1.91674 0.94720 1.36965 1.59995 0.95182 1.59479 0.94617 0.92171 0.65850 1.71468 1.16196 1.10667 1.46496 1.72517 1.49667 0.91260 1.98096 1.71531 1.68474 0.51708 1.84827 1.10040 1.70345 1.25564 1.77404 1.46842 0.81975 1.99119 0.58688 1.86795
0.92407 1.08483 1.22585 1.68343 1.83904 1.86853 1.95883 1.17761 1.10724 0.67715 1.06434 1.60077 1.22035 1.50941 1.11267 0.70712 0.78910 1.13885 1.23391 1.18400 0.66252 1.74360 0.86622 0.53924 1.01617 1.55154 1.02017 1.38053 1.40696 1.51029 1.47712 1.13553 0.90497 0.72889 0.68440 1.09618 1.35993 1.08705
1.31387 1.99671 1.80833 0.55102 1.40594 1.80653 0.50460 0.99405 1.74556 1.86131 1.28424 1.11693 1.82538 1.86000 1.78625 1.54787 1.89339 0.98405 0.77141 1.77126 1.21277 1.78379 1.57135 1.76037 1.48197 1.49110 0.80144 1.33574 1.52435 1.32599 0.95353 1.61919 1.38466 0.57251 0.71705 0.65436 1.09049 0.56192 1.83106
1.67072 1.35175 1.30823 1.49220 1.76429 0.66650 0.87043 1.66700 1.76101 0.80406 0.79014 1.26000 0.92436 1.80434 1.75175 0.88708 1.54182 0.71503 1.59447 1.47905 1.78221 1.81218 1.55920 1.72330 1.25515 1.91031 1.08080 0.71641 1.01431 1.31431 1.26595 1.80150 1.67771 0.62369 1.53229 0.88261 0.81342 1.69406 1.08231 0.50818
1.47124 1.59615 1.03030 1.23888 0.67197 0.83763 0.83223 0.87558 1.68746 1.21301 0.62881 1.62664 0.67528 1.50973 1.92026 1.57075 1.49198 1.97409 1.78047 1.88421 0.69524 1.37914 1.29316 1.94060 1.73585 1.73188 1.57886 1.28889 0.74386 1.86607 0.81410 1.28685 0.78211 1.82978 1.38112 1.12761 0.91838 1.79564 0.88572 1.28491 0.83138
0.96646 1.72500 0.94730 0.99712 1.94867 1.77033 1.91550 0.58374 1.01407 1.97769 0.51545 1.77392 0.60965 0.57520 1.66748 1.55333 1.35736 0.52199 1.71258 0.60227 0.64078 0.88159 0.92069 1.17067 1.02965 0.63258 1.40066 1.19749 1.03163 0.73694 1.94729 1.12449 1.96561 1.29148 1.59036 1.20189 0.83712 1.90250 0.90159 1.02414 0.94444 0.98117
1.92646 1.42213 1.07340 1.44381 0.61762 1.67714 1.42748 1.76451 0.96926 0.56521 0.50243 1.24285 0.59688 1.48705 1.36371 1.28400 1.76103 1.85705 1.31515 0.96508 1.72733 1.44409 1.24302 0.75484 0.72715 1.29118 1.63794 1.41803 1.86264 1.46255 0.97643 1.63612 0.64561 1.32022 1.50783 1.87265 1.12142 0.63845 0.67691 1.25836 1.66480 0.53930 1.37662
1.53206 0.91218 1.60557 0.84503 1.19979 1.83269 1.42017 0.92789 1.35477 1.37607 1.18084 1.44863 0.72919 1.48545 0.77113 1.27697 0.96606 1.17481 0.73742 0.94228 1.88488 1.51834 1.73292 0.71800 0.90783 0.80708 1.51692 1.11431 1.88711 0.69820 1.52847 0.98019 0.82914 1.89212 0.67810 0.75756 0.52207 1.25967 1.05114 1.11830 0.93311 0.76047 1.24698 1.88169
1.39846 0.66805 0.69308 1.22351 1.52593 0.92927 0.64286 1.20425 1.53065 1.86162 1.69817 1.90852 1.93661 1.79323 1.70976 1.58045 1.95563 1.79622 0.86111 1.92158 0.92125 1.64771 1.68207 0.99464 1.27373 1.03047 1.71450 0.87995 1.58299 1.86612 1.74830 0.86876 0.56290 1.06585 1.56544 1.76446 0.72263 1.28490 1.25938 1.51020 1.73821 0.59950 1.03247 0.91601 1.73624
1.14151 1.47709 0.64247 0.73808 1.94265 1.83085 1.78405 1.42374 1.77788 0.66804 1.34115 0.94002 1.99872 1.69661 0.86796 1.36888 1.56056 1.09427 1.19213 0.95569 0.99375 1.35486 1.57953 0.74016 1.09479 1.95938 0.56289 1.41422 0.84021 1.19512 0.52801 1.51372 1.72033 1.65492 1.63479 1.72263 1.78194 1.54170 1.30719 1.93331 1.27090 1.93946 0.66187 1.60252 1.50005 1.74818
1.97511 0.98448 1.36354 1.77667 1.24964 0.52130 1.54117 0.54923 1.15415 1.71770 0.81809 1.65704 1.06808 1.98459 1.38418 1.15473 0.54517 0.51179 0.96364 1.15879 1.03686 1.51802 1.68633 0.55075 1.47689 0.83865 1.22906 1.73170 1.70264 1.68708 1.22012 0.53909 1.80659 1.19146 1.42525 1.92731 0.79082 0.68897 0.57109 0.74335 1.26158 1.48498 1.38202 0.90300 1.03364 1.50609 1.23959
1.48863 1.90298 0.53430 1.09711 1.26774 0.77916 1.94846 1.87189 1.86679 0.63511 1.45640 1.15606 1.06434 1.47535 1.44979 1.07796 0.80874 1.77156 0.90555 0.98215 1.17740 0.51556 0.96017 1.94709 1.45670 1.43025 1.13758 1.67664 0.97439 1.50920 1.04522 1.67347 1.04730 1.49076 0.56160 0.56137 1.66133 0.53820 1.05822 0.68533 1.70248 1.39824 1.98187 0.51461 1.94510 1.16788 1.01506 0.78453
1.82317 0.91559 1.41951 0.64028 1.86773 1.11058 0.96610 0.81578 0.92805 1.40099 1.77996 1.51946 1.92356 1.61543 1.92950 1.50592 0.75873 1.39232 1.49843 0.56350 1.30276 1.78300 1.24143 1.35413 1.93269 1.36379 0.61102 1.93135 0.54625 0.71708 1.22622 0.81616 0.97461 0.57531 1.90715 1.58425 1.42317 1.63625 0.66181 0.72788 1.84944 0.80804 1.25481 1.45535 1.55116 1.01533 1.71870 0.99172 1.77858
0.98854 0.79381 1.30048 0.62517 0.57996 1.71981 0.57570 0.80377 1.57228 1.77208 1.39094 1.75172 0.57623 1.73346 1.72710 1.54211 1.55941 0.83813 1.10990 0.80435 0.57535 1.59186 0.57269 0.60825 1.26715 0.60499 0.52155 1.09534 1.74276 0.68580 0.83679 1.98610 1.25555 1.93749 1.06108 1.39780 1.74971 0.71574 0.52782 1.55951 0.64169 0.72856 0.50700 1.52311 1.51321 0.85352 0.80390 1.73862 0.76395 1.63790
