101 10 200
0 40.0 50.0
10 45.0 68.0
30 45.0 70.0
10 42.0 66.0
10 42.0 68.0
10 42.0 65.0
20 40.0 69.0
20 40.0 66.0
20 38.0 68.0
10 38.0 70.0
10 35.0 66.0
10 35.0 69.0
20 25.0 85.0
30 22.0 75.0
10 22.0 85.0
40 20.0 80.0
40 20.0 85.0
20 18.0 75.0
20 15.0 75.0
10 15.0 80.0
10 30.0 50.0
20 30.0 52.0
20 28.0 52.0
10 28.0 55.0
10 25.0 50.0
40 25.0 52.0
10 25.0 55.0
10 23.0 52.0
20 23.0 55.0
10 20.0 50.0
10 20.0 55.0
20 10.0 35.0
30 10.0 40.0
40 8.0 40.0
20 8.0 45.0
10 5.0 35.0
10 5.0 45.0
20 2.0 40.0
30 0.0 40.0
20 0.0 45.0
10 35.0 30.0
10 35.0 32.0
20 33.0 32.0
10 33.0 35.0
10 32.0 30.0
10 30.0 30.0
30 30.0 32.0
10 30.0 35.0
10 28.0 30.0
10 28.0 35.0
10 26.0 32.0
10 25.0 30.0
10 25.0 35.0
20 44.0 5.0
40 42.0 10.0
10 42.0 15.0
30 40.0 5.0
40 40.0 15.0
30 38.0 5.0
10 38.0 15.0
20 35.0 5.0
10 50.0 30.0
20 50.0 35.0
50 50.0 40.0
10 48.0 30.0
10 48.0 40.0
10 47.0 35.0
10 47.0 40.0
10 45.0 30.0
10 45.0 35.0
30 95.0 30.0
20 95.0 35.0
10 53.0 30.0
10 92.0 30.0
50 53.0 35.0
20 45.0 65.0
10 90.0 35.0
10 88.0 30.0
20 88.0 35.0
10 87.0 30.0
10 85.0 25.0
30 85.0 35.0
20 75.0 55.0
10 72.0 55.0
20 70.0 58.0
30 68.0 60.0
10 66.0 55.0
20 65.0 55.0
30 65.0 60.0
10 63.0 58.0
10 60.0 55.0
10 60.0 60.0
20 67.0 85.0
40 65.0 85.0
10 65.0 82.0
30 62.0 80.0
10 60.0 80.0
30 60.0 85.0
20 58.0 75.0
10 55.0 80.0
20 55.0 85.0

0.65465
1.57611 1.50757
1.11036 1.28956 1.33265
0.81706 1.23529 1.41096 0.60759
1.78519 1.68872 0.74403 1.95615 0.50760
1.55132 1.85145 1.44660 1.02004 1.48934 1.37793
1.77319 1.23493 1.41574 1.12727 1.40640 1.93091 0.94612
0.75423 1.02304 0.70953 1.03305 1.15912 0.84530 1.34405 1.39419
1.26714 1.99415 0.80879 1.93673 0.71345 0.81638 1.14010 0.59432 1.06345
0.68304 1.67963 0.57537 1.61696 1.31380 1.42577 1.95426 1.18731 1.20289 1.81171
1.91687 1.07387 1.32330 1.00456 0.67410 1.82679 1.95187 1.66866 0.75167 0.52718 1.34340
1.07696 0.98119 1.57435 1.76151 0.93445 1.56265 1.94405 1.65837 1.12471 1.11007 0.59911 1.11089
1.23621 1.43264 1.73013 0.84326 0.80291 1.20130 0.89728 1.72393 1.25766 1.94172 0.68706 1.84575 0.94790
1.47450 1.73678 0.96244 0.62847 0.99980 1.03259 0.52269 1.68688 1.44632 0.56687 1.73321 0.67204 0.89549 1.61766
0.51776 1.82281 0.88798 0.57274 0.71964 0.99450 0.67447 1.45867 0.99960 1.05206 0.73088 1.00226 0.65830 0.52243 1.25795
1.42235 1.38926 0.88949 1.06871 0.72618 1.36259 0.66250 0.97099 0.63834 1.11535 0.93040 1.17712 1.89349 0.82242 1.93821 1.22477
1.76476 0.69497 0.62856 1.59961 1.75788 0.86745 1.65775 1.67854 0.50255 0.53981 1.61567 1.18009 1.70501 0.66786 1.46728 1.08604 1.99495
1.60722 1.25532 0.78055 1.57741 1.03024 0.68280 1.38084 1.30753 1.93140 1.24951 1.81023 1.41845 1.88568 1.37010 1.66064 1.50401 1.36429 0.92834
0.54609 0.63671 1.51957 1.24393 1.40231 1.66830 0.96374 0.98567 1.75382 1.99943 0.62609 0.84389 1.45713 1.49844 1.20970 1.73248 1.90144 0.65729 1.96561
1.02816 1.05525 1.17528 1.54222 1.12799 0.56825 1.55812 1.84521 1.60197 1.18701 1.89422 1.96146 0.73984 1.05197 0.97421 0.69971 0.79128 1.96977 1.47031 1.92481
1.68860 0.77813 1.84483 1.49690 1.55036 1.50116 1.41215 1.76498 1.58575 1.18363 1.98677 1.78781 1.93801 0.65055 1.24768 1.26332 1.78800 1.91110 1.28777 1.99011 1.69667
0.73841 1.32985 1.96521 1.63817 1.13809 1.93406 1.66573 1.01131 0.66183 1.97592 1.48087 0.60009 1.52423 1.72955 0.71258 1.11527 1.48792 0.80236 0.57532 0.61509 1.44826 1.64119
1.50765 0.62035 1.54816 1.52746 1.95407 1.16283 0.88337 1.13724 1.45963 1.68542 1.46508 1.96597 1.97531 1.14460 1.01778 0.89760 1.09705 1.23586 1.60207 1.08724 0.65818 0.54301 1.79277
0.79602 1.15683 1.24671 1.16637 1.57682 0.51671 1.53792 1.59868 1.40991 1.26422 1.09263 0.63377 1.90369 0.53639 0.78800 0.82528 1.53667 1.35031 0.75711 0.81421 1.31055 0.74181 0.78233 0.95434
0.80510 1.57186 0.68594 1.00792 0.82170 0.55448 1.22793 0.94455 1.70731 1.23722 0.67395 1.20264 1.20850 0.79543 1.39924 1.02129 1.70847 0.92419 1.77297 1.47487 1.56880 0.72655 0.60303 1.94656 1.39200
1.39165 1.60948 1.05814 1.46900 1.64622 1.79083 1.44170 0.59982 0.65394 1.60644 0.89197 0.90537 1.62038 0.64612 1.96327 0.93236 0.68329 0.96378 1.44378 1.20015 1.75751 1.05031 1.90224 0.98013 1.65278 1.84349
1.39097 1.74886 1.00873 1.31932 1.04492 1.71322 0.52166 1.56863 1.04152 1.28800 1.25886 1.80884 1.76697 0.55727 1.04593 1.94072 0.58636 1.60526 1.72039 1.81113 1.41786 1.25003 1.16243 1.14242 0.74543 0.93711 1.75696
1.12956 1.50283 0.88724 1.97599 1.10767 0.57937 1.89799 1.33855 1.19505 1.76236 0.59836 1.20930 1.08701 1.57585 1.47725 1.22858 1.75754 1.90547 0.85893 0.71686 0.63882 1.32215 0.62024 0.63557 1.25491 1.95482 0.86362 1.99447
0.76784 1.04664 1.71408 0.59577 0.95898 1.67506 1.42221 1.35907 1.55232 0.81076 1.26686 1.11978 1.15891 0.95701 1.18413 1.44801 0.81751 1.01022 1.42395 1.05991 1.77219 1.93927 0.62043 0.59233 0.79552 1.90572 0.68759 0.72935 1.09624
1.14499 1.03224 1.28451 1.04748 1.08342 0.74106 0.72319 1.07144 0.70492 1.21309 1.67016 1.65330 1.83801 1.53406 1.18848 1.36954 1.32841 1.36730 0.72083 1.50173 0.58854 1.73500 1.44126 1.32748 1.44937 0.97497 0.94019 1.95569 1.62776 0.54724
1.26681 0.61695 1.71420 0.57635 1.75566 1.28118 0.68033 1.20305 0.83013 1.04500 0.76121 0.70697 0.96405 0.52750 1.41944 1.03244 0.66299 1.91584 1.61505 1.57262 1.22586 1.79655 0.72275 0.85924 1.67473 0.96917 1.62632 1.56725 1.61096 1.49786 1.37724
1.41633 1.44236 1.26155 1.37454 1.03488 0.83649 1.71127 1.18794 1.76564 1.90426 1.85641 1.81769 0.56723 0.82316 1.64146 1.89688 0.83974 1.76245 1.27227 1.60988 1.58345 1.64217 1.92847 0.65436 1.53304 1.60172 1.77226 0.81812 1.95314 0.79163 0.55770 0.62630
0.91986 1.51149 1.88414 1.94255 1.15302 1.37698 1.35894 1.36056 0.73195 1.69181 1.59407 1.09488 1.69552 0.67578 0.56908 1.24484 1.52811 1.14898 1.34375 1.71113 1.23057 1.65345 1.39787 0.68418 1.07262 1.06018 1.61975 1.60166 1.03910 1.66083 1.06809 0.78520 1.89425
1.70061 1.30344 0.65221 0.73204 1.82268 1.11279 1.89162 1.64363 1.44023 1.76371 1.09443 1.67784 1.05355 1.94843 0.56493 1.94501 0.57653 0.91815 1.73910 1.14411 1.43566 1.67131 0.50464 1.26938 1.75586 0.95792 1.93290 1.96109 1.38048 1.23435 0.60699 1.43929 1.74954 0.68246
1.30184 0.55128 1.70929 1.30264 0.90056 0.66120 0.80968 1.10187 1.36884 1.82444 0.88392 0.67114 0.60294 0.63068 1.14034 1.86215 0.96247 1.61411 1.58788 1.51379 1.39022 1.00946 0.65749 1.69423 0.54328 0.98111 1.00899 1.95639 0.64167 1.80091 1.71949 1.47611 0.63343 0.62036 0.73169
0.61824 1.08215 0.65627 1.63381 0.61170 0.91144 1.32023 0.96572 0.66813 1.58901 1.74306 0.89885 0.68334 0.58259 0.56595 1.64117 1.02570 1.01951 1.83165 1.02649 1.80545 0.67841 1.97234 0.72963 1.77044 1.32254 0.87044 1.68910 0.81710 0.94740 1.27326 0.85159 0.56912 1.93334 1.98272 0.61509
1.18673 0.82687 0.98607 1.00763 1.93552 1.10330 0.99938 1.25712 0.83156 0.73313 1.88279 0.53185 0.81146 1.23416 1.54270 1.20431 1.92255 1.39087 0.97879 1.62524 0.90499 1.58530 1.21289 0.67288 1.84887 0.64066 1.74045 1.85961 0.77913 0.58553 1.42991 1.71263 1.75403 1.40312 1.53832 0.98645 1.62028
1.10705 0.89549 1.06266 1.69011 1.27671 1.88791 1.49013 1.94028 0.54063 1.40078 1.89235 0.82196 1.87712 1.07204 0.88427 1.68877 0.59121 1.88485 1.70278 0.94086 1.37419 1.50660 1.60672 1.24697 0.57396 1.71606 1.05680 1.34762 1.01171 1.81346 1.40779 0.53665 0.98904 0.76953 1.23457 1.73782 0.50901 0.61544
1.29184 1.41263 0.63768 1.14371 0.91563 1.34715 1.36422 0.93980 1.32938 0.64174 1.16710 1.22396 1.24402 1.28649 1.29924 1.18562 1.98541 1.16531 1.38359 1.64669 0.77173 1.04765 0.86043 1.24396 1.44048 0.98054 0.61717 1.80057 1.36592 1.90343 1.57949 1.48540 1.72533 0.53881 1.91760 0.69797 1.28096 0.96406 1.60209
0.53226 1.71906 1.45342 1.04306 0.84847 1.34363 0.52811 1.76079 1.46407 1.98531 1.87591 1.17311 0.76239 1.92561 1.62283 1.59187 1.07230 1.88603 0.56479 0.60519 0.79478 0.72244 0.66453 1.00256 1.55745 0.69654 1.14741 1.22549 1.61828 1.90092 1.29847 1.48638 1.17607 1.95991 1.20182 0.78173 0.86564 1.38892 1.99028 1.74263
0.59650 1.31945 1.93830 1.04411 1.43231 0.82493 1.52559 1.76657 1.32387 1.63268 0.51433 0.55934 0.93753 0.71037 1.26701 1.32493 1.03801 1.04656 1.73928 1.34498 0.58742 0.98353 1.32214 1.06426 0.53660 0.53856 1.11074 1.62522 0.60001 1.66073 1.60447 0.99275 1.23906 1.37642 1.60393 0.58685 0.79861 1.49460 1.77851 1.09499 0.99463
0.61332 0.87428 0.72616 1.17725 1.67680 1.82771 1.81421 1.58300 1.06925 1.19945 0.74426 0.87426 1.16081 1.02050 0.95836 1.45257 0.81173 1.01464 1.77698 0.53527 0.64825 1.41795 1.90261 0.69674 0.81828 1.08439 0.55693 1.33129 1.01915 0.96079 1.76718 1.44467 0.70894 1.49118 1.06552 1.05934 1.13521 1.54075 1.87609 0.78048 1.44379 1.91059
0.91003 1.02798 1.32349 1.92823 1.01866 0.96870 1.36847 0.94249 1.35694 1.72497 1.46259 0.52307 0.59776 1.96947 1.69206 1.45441 1.67294 1.31216 0.74062 0.62853 1.20414 1.69858 0.51912 0.82133 1.51923 1.24170 0.58889 1.29008 0.67019 0.83567 0.62976 1.07855 1.95565 1.63661 0.82102 1.85147 0.72882 1.47393 0.52248 1.75059 1.39371 0.83981 1.46947
1.70045 0.73250 1.51382 1.05829 0.74041 1.75338 1.22232 0.83002 1.69911 0.98748 1.40828 1.50078 1.32409 1.10720 1.63100 0.89000 1.30634 1.96466 1.71255 1.25886 0.95492 1.19145 0.78294 1.80103 0.95014 1.65291 0.67331 1.21470 1.74353 1.95156 1.28999 1.10501 1.63869 1.75877 0.82021 0.77243 1.80473 1.47344 1.87703 1.81145 1.36803 1.16398 1.17732 0.74390
1.47547 0.63255 0.91559 1.18293 1.78344 1.26402 1.73616 0.70297 1.38377 0.96809 1.35809 0.76125 0.82122 0.56654 1.56319 1.62616 1.97408 1.13170 1.96404 0.95917 0.80907 0.88094 1.94499 1.16266 1.44022 1.29448 0.82964 1.45527 1.74484 1.58009 1.81954 1.83588 0.96128 1.63612 1.14467 1.01931 1.20740 0.76084 1.76845 1.85769 1.44640 0.85700 0.69794 1.58150 1.65286
1.26332 1.45758 0.91470 1.40764 0.56867 0.76656 1.00536 1.64168 0.69631 1.50618 0.76596 1.69834 1.89547 1.59108 1.71163 1.79796 1.43718 1.50002 1.33322 1.88328 0.96811 0.69109 1.98159 0.91916 1.55536 1.17850 0.90972 0.73548 1.83853 1.06920 1.28128 1.92040 1.23060 0.62115 1.22460 1.98349 1.68575 0.74747 1.27788 0.59695 0.84297 0.70896 1.50075 1.24437 1.54484 1.14370
0.68050 1.08007 1.51177 1.39569 1.33373 1.84578 0.63558 1.49055 1.58207 1.93028 1.48511 1.26487 1.88650 0.97979 1.43323 1.56126 1.62227 1.69923 1.69837 0.92333 1.86426 0.99890 1.45259 0.82279 1.03948 1.30863 1.37053 1.57176 1.78429 0.66550 0.89878 1.84008 0.99709 0.95308 0.81327 0.85378 1.12464 0.90130 1.96925 1.03060 1.05460 1.95107 1.67400 0.67939 1.81436 1.54791 1.20196
1.52958 1.76898 1.87681 1.44499 1.98459 1.38558 1.83960 1.47700 1.01175 1.89401 0.81028 0.96834 0.85884 0.94949 1.98459 1.19688 1.35678 1.53145 0.98522 1.68683 1.63737 1.02657 1.46362 1.27763 0.66481 0.57508 0.68239 0.57563 1.87937 0.96739 1.60757 1.61077 1.16025 1.62482 1.33846 1.96781 1.78946 1.09042 1.20315 0.76436 1.53036 1.84550 1.12424 1.43093 1.72241 0.96469 1.25520 1.68787
1.02450 1.08403 0.68865 1.85931 0.56208 1.50612 1.14934 0.98210 1.49411 1.46153 1.11368 0.95490 0.90568 1.35145 1.08348 1.23453 1.94651 1.69608 1.87931 0.96210 0.77052 1.01871 1.01492 1.41847 1.32755 0.86856 1.91402 1.83244 1.48847 1.86603 1.54700 1.38879 1.13426 1.38176 1.51224 0.84691 0.78575 1.37572 1.00725 1.29469 1.18897 1.12702 1.29593 0.84272 0.62088 0.93611 1.96398 1.74775 0.57570
1.54250 1.99939 1.73213 0.63439 1.90002 0.84392 1.27092 1.67608 1.43406 1.07634 1.95207 1.12056 1.59859 1.01197 1.52704 1.14402 1.32035 1.51225 0.68867 0.64920 1.41028 1.83231 1.46427 1.97105 1.99952 1.92624 1.89032 1.32657 0.78279 0.91690 1.20597 1.75452 0.66686 0.91434 1.21452 1.91881 1.44145 0.80536 1.28833 1.13711 0.92411 1.41612 1.70093 0.50490 0.75347 1.23137 1.17811 0.99641 1.67796 0.80305
1.49781 1.89446 0.95499 0.96278 1.07803 1.69796 1.16770 0.52985 1.52687 1.96298 1.16687 1.77709 0.80144 1.00488 1.86247 1.22944 1.98448 1.01321 1.62993 0.78394 1.46338 0.76834 0.72371 1.66013 1.32048 1.32097 0.65906 1.45828 1.87852 0.92328 1.47797 1.67725 1.46694 1.84589 1.97543 1.46837 1.85117 1.61330 1.54787 1.53216 1.45702 1.31585 1.78956 1.10863 1.50408 0.75522 1.18701 1.99207 1.90153 1.91935 0.74306
1.37824 1.18562 1.60630 1.60949 1.47032 1.17710 0.82788 1.08691 1.63584 1.16954 1.42648 1.75313 1.20542 0.75113 1.37352 0.57439 1.03942 0.98155 1.32020 1.38310 1.99492 1.24476 1.50675 0.92175 1.32980 0.70666 1.49842 1.64971 0.95319 0.91221 1.70833 1.73222 1.06272 1.93765 0.84006 1.51413 0.89898 1.50135 0.91208 0.68255 1.41628 0.71890 1.52811 1.03890 1.25155 1.52938 1.36388 1.83454 1.93720 1.73562 0.71513 0.72164
0.70652 0.57586 1.64818 1.73056 1.56626 0.71357 1.06013 0.93365 1.13731 1.78128 0.90568 0.95548 1.42447 0.53454 1.62261 1.65799 1.12053 1.46947 1.48327 1.93977 1.18653 1.42416 1.21641 1.43370 1.65762 1.39904 1.04896 1.09846 1.52924 0.87363 1.06493 1.24677 1.59402 0.79547 1.84490 0.50637 1.42770 0.66540 0.68357 1.51845 1.90965 1.72976 1.77580 1.01411 1.07815 1.23211 1.07891 1.42999 1.01787 1.48965 1.40741 0.98151 1.68903
1.53531 0.70367 1.50858 1.64019 1.31478 0.84550 1.79846 1.87991 1.35218 0.92572 0.90374 1.04685 1.88025 0.84072 1.72627 1.48863 1.28156 1.74226 0.61338 0.94851 0.99207 1.90531 1.82912 0.53182 1.87837 1.28478 1.11795 1.20533 1.60737 1.74259 0.77414 1.16858 1.13214 1.88407 0.86399 0.76557 1.47773 1.59752 1.88832 0.86433 1.61671 1.81285 1.40187 1.13750 1.73367 1.06037 1.22253 1.98643 1.98685 1.28563 0.65870 0.61192 0.63148 0.54620
1.81259 0.99496 1.30290 0.58613 0.81425 0.76663 1.74785 1.94068 1.31376 1.64906 0.95093 0.75828 0.93566 0.55523 0.67251 1.51717 1.98262 1.61990 1.90603 1.01122 1.39760 1.55395 1.85054 1.71353 0.98579 1.08732 1.07787 1.97336 1.13643 1.42314 1.65325 1.21024 1.23643 1.44318 0.82897 1.52389 0.56724 1.73454 1.54845 0.65338 1.84719 1.49421 1.84052 0.61928 1.26285 1.87197 0.88689 1.09421 0.77042 1.52137 1.21297 1.81570 1.63685 1.05008 0.68352
0.69914 1.82125 1.19181 0.56585 0.75963 1.77016 1.60258 1.79570 0.56366 1.98967 0.99355 1.40078 0.58413 1.72855 1.59038 1.28915 1.51631 1.57408 0.84278 0.84073 0.85331 1.42639 0.89829 1.90128 1.03983 1.52116 1.75134 1.14293 1.57281 0.72013 1.34160 0.88864 0.66733 1.57857 0.68744 0.80523 1.50833 1.25440 1.38646 1.99068 1.18776 1.00935 1.56013 1.85355 1.57940 0.80633 0.95760 1.10031 1.05725 1.14699 1.81636 0.83087 1.87412 1.19206 1.21739 1.11565
1.66713 0.76636 1.23225 1.03964 0.67605 0.64635 1.04343 1.26555 1.97275 0.93008 0.69548 0.65804 0.78510 1.67484 1.33314 0.67662 0.70586 0.51562 1.79817 0.85672 1.71173 1.74121 1.68564 1.91098 0.88146 1.77698 1.83215 0.55970 0.71850 1.90200 1.75698 1.46849 1.92902 0.51906 0.63879 1.31312 1.94224 1.54615 1.99942 1.15765 0.95795 1.82481 0.95837 0.93906 0.74815 0.75899 1.59863 1.28289 1.48049 0.67455 1.25834 1.19865 0.55874 1.13676 1.78347 0.85071 0.84205
0.75397 0.94377 0.81899 0.67960 0.86777 1.95700 0.52471 0.68801 1.59370 1.76664 1.99127 1.30196 1.92806 1.85014 1.50673 1.29670 1.58673 1.73284 0.92964 1.15646 1.54167 1.32885 0.69241 1.50726 0.53239 1.98330 1.72594 0.87198 0.52740 0.68868 1.52329 0.73304 1.73946 0.93962 1.96102 1.41632 1.89141 1.76352 1.49529 1.70355 1.74483 0.75202 1.88937 1.51787 1.71367 1.57203 0.64957 1.98743 0.62160 1.73973 0.57525 1.65767 1.61600 1.96529 1.16546 1.20961 0.97109 1.84156
0.99041 1.06819 1.84695 0.84408 1.07817 0.75349 1.57125 1.44448 1.43104 0.82088 0.54082 0.96714 0.72071 0.84204 0.87432 1.81970 1.38010 1.37713 1.24302 1.42636 1.18791 1.98285 1.31305 1.18697 1.44968 1.05343 1.12716 0.87105 1.05528 0.59229 0.72849 1.45807 1.63398 0.85395 0.92823 1.09248 1.51121 1.70060 1.66913 1.59679 1.92929 1.85449 0.56058 1.21496 1.84490 0.82723 0.62242 1.00160 1.47637 1.24410 1.97893 1.69387 1.67931 1.43842 1.09726 1.45425 1.45932 1.40442 0.90616
1.85745 1.27339 0.66925 1.99261 0.54151 0.53386 1.98817 0.94172 1.47345 1.03926 0.60254 0.70494 1.24278 0.97950 1.81540 1.84809 0.83151 1.94717 1.25630 0.81496 1.53947 0.95093 0.54125 1.87639 1.76059 0.54864 1.59009 0.64302 1.80091 0.87707 0.98674 1.44182 1.98153 0.87184 1.16421 1.50800 0.57033 1.52326 0.81195 1.29674 0.55474 1.82310 1.70228 0.64804 0.77319 1.63143 0.82652 1.77157 1.90223 0.95018 0.50405 1.77544 1.62605 1.97024 0.77259 1.60606 1.34706 0.78735 1.14172 1.70339
0.52008 1.60963 1.82828 1.13922 0.59264 0.80455 0.97241 1.78664 0.89684 1.93305 0.53342 1.68956 1.05049 1.98711 0.60669 1.11318 0.95848 1.67717 0.64023 0.56432 1.42345 0.50909 0.57980 0.52605 1.09574 1.71975 1.84867 0.78684 1.37264 1.78423 0.81634 1.99568 0.61663 0.99748 1.38024 1.20349 1.37844 1.92483 1.57758 1.79534 0.87656 0.81064 0.81818 0.95944 1.89443 1.27236 0.81661 1.00096 1.00071 1.58215 1.21991 0.89189 1.08627 1.73507 1.62880 1.52663 0.63156 1.10794 1.23917 1.40190 1.52485
1.65808 1.86228 0.62293 0.58872 0.86804 1.60800 1.78563 1.99346 0.78530 1.03067 1.10997 1.75631 1.72577 1.45618 1.80109 1.50334 1.70951 1.23267 1.36761 0.87736 1.46321 1.59799 0.85879 0.67813 1.74338 1.33543 0.58430 1.32424 1.44365 1.63033 1.08300 0.61093 1.88114 0.71649 0.75023 1.63115 1.69456 0.85024 0.79780 1.91064 1.38413 0.84591 1.33204 1.29810 1.61068 1.54574 1.02557 1.87908 1.82568 1.85302 1.02307 1.76095 1.29426 1.85792 1.67448 0.75464 1.87122 0.75265 0.79772 1.53627 1.92311 1.75783
1.40502 0.89499 1.17491 0.52137 1.27645 1.54211 1.90474 1.02990 0.73000 1.21553 0.59068 0.68954 1.69086 1.89836 1.88062 1.64236 1.10570 1.67433 0.94649 0.70660 1.70357 1.84894 1.45902 1.56159 1.50939 0.76797 1.91523 0.89567 1.34458 1.99648 0.86596 1.19179 1.91200 1.57138 0.87750 0.50071 0.86919 1.43057 1.31753 0.69361 1.54797 1.68792 1.68909 0.76209 1.10275 0.61693 1.18136 1.44961 1.97841 1.18884 1.14361 1.88356 1.55881 0.71274 1.68551 1.54368 0.95318 0.89181 1.72227 1.51322 1.12814 0.64826 0.81508
1.08038 1.13803 0.81113 1.94792 1.87973 1.44669 0.97366 0.97470 1.00658 0.83409 1.93819 1.88166 1.03537 1.93741 1.84806 1.15717 1.48032 1.66913 1.89791 1.41251 1.79674 1.79770 1.99910 1.20369 1.46637 1.13951 1.50358 0.55364 1.91918 1.84318 1.71154 0.76581 1.28643 1.01513 1.31509 0.70336 1.63794 0.78916 1.28848 1.70532 0.63638 1.56513 1.14174 1.27963 0.50298 1.30047 1.21419 0.87309 0.58109 1.56914 1.97494 1.53017 0.75655 0.83801 0.73664 0.73184 1.28282 1.32742 1.59229 1.14471 1.48211 1.00276 0.75883 0.90437
0.52059 1.35531 1.16713 1.09934 1.95263 0.72686 1.39340 1.17123 1.10974 0.70852 1.08877 1.98088 1.63256 0.59706 0.73766 1.33061 1.74092 1.34446 0.71028 1.48558 1.22064 1.84813 1.04753 1.13995 1.17204 1.35456 1.35103 1.48168 1.45420 1.35945 1.43140 1.14863 1.50817 0.96867 0.87493 0.96699 1.91773 0.67174 0.63932 0.73831 1.66143 1.43035 1.48968 1.51842 1.36288 1.34277 0.90951 1.31863 1.32012 1.76322 1.49732 1.47099 1.78028 1.58778 1.71961 1.48730 0.68437 1.77046 0.69212 1.34682 1.91101 1.06085 0.97845 0.62299 1.32700
0.97736 1.65193 1.47344 0.59139 1.40749 1.66937 0.96297 0.77885 1.99418 1.19733 0.52509 1.31794 1.73049 0.68334 1.17846 0.97677 1.37634 1.29076 0.67840 1.28995 0.69962 1.55905 1.48184 1.37074 1.98426 1.17409 0.62831 1.59165 1.34058 1.16482 1.41977 0.53695 1.80950 1.26698 1.76929 1.05392 1.43633 0.56744 0.51356 1.04270 0.94697 1.40383 1.88373 1.57265 0.65429 0.94544 1.56014 1.89035 1.25562 1.50153 1.25633 1.45536 1.18838 0.66270 0.85833 1.00220 1.79299 0.51318 1.89901 0.66662 1.64590 1.59227 1.59063 1.50787 1.11234 0.80074
1.54265 1.25812 1.67745 1.70269 0.87277 1.38120 0.91132 1.52967 1.58104 0.84493 0.56317 0.67547 0.51687 0.73592 0.99859 0.61532 1.16360 1.87963 1.82826 1.43571 1.72976 1.21435 1.40816 0.67266 1.65229 1.69817 1.81603 1.17626 1.98611 0.85726 1.69406 1.83802 1.65306 1.34644 1.94164 0.73820 1.19989 1.73048 0.89469 1.35307 0.73566 0.89743 0.89473 0.54024 1.00947 1.84123 1.72185 0.67890 1.55995 1.78690 0.71839 1.30679 0.61007 1.50140 1.97612 1.08308 1.50225 0.84167 0.96748 0.80706 1.38386 0.74364 1.43881 0.55726 1.96916 0.65042 1.76921
1.44865 1.16349 0.66550 1.71479 1.58759 1.70007 1.41955 1.29781 1.30163 1.17400 0.86211 1.66993 1.22137 1.96387 1.86371 1.41689 1.13628 0.64123 0.78496 1.96713 1.69663 1.20382 0.50811 1.10066 0.53488 0.73083 1.35426 1.42137 0.62939 0.62720 0.90132 1.14335 0.82805 1.68213 1.07948 0.74964 1.69325 0.65728 1.85491 1.60415 0.79881 0.79576 0.54226 1.74603 1.95386 0.59326 0.67833 0.51699 1.00029 1.59461 1.83397 1.66218 1.83795 1.87247 0.68039 0.62536 1.00419 1.97629 0.53650 1.39386 0.80455 1.86516 0.73058 1.56781 1.79100 0.96502 1.64909 0.52804
0.67615 1.88340 0.86007 0.93983 0.93295 1.78812 1.52032 1.52727 1.67026 0.65096 0.68813 0.71897 1.59617 0.99341 1.52387 0.54361 0.54468 1.06857 1.22157 1.17286 1.24762 0.99662 1.56443 1.94984 1.41178 1.05255 0.69380 0.98373 1.93838 1.11255 1.78394 0.50023 0.69787 1.56753 1.76326 0.59228 1.16549 0.76530 0.90622 1.46813 1.61884 1.75476 1.87559 1.19361 1.76641 0.92927 0.69889 1.14372 1.76965 1.32256 1.42222 0.90799 1.97406 1.67819 1.25402 0.65747 1.22999 1.66027 0.60083 0.88818 1.29317 1.96408 0.69423 0.58492 0.57820 1.58813 1.71049 1.03536 1.33369
1.97241 0.98967 1.60041 1.29352 1.93068 0.60967 1.69756 1.56036 0.56709 1.96471 0.67194 1.38790 1.82935 0.61597 1.69696 0.75922 1.34691 1.01567 0.93732 1.27207 0.65028 0.97087 0.71849 1.42758 0.97954 1.15783 1.47813 0.51192 1.08310 0.55142 0.71251 0.59721 1.14102 0.70876 1.35938 1.60310 0.88905 1.45401 0.84545 1.97596 0.65102 0.59774 0.90515 1.39685 1.70632 1.81348 1.01693 0.97575 1.40791 0.81828 0.67413 1.40351 0.93700 0.67936 1.86682 0.50097 1.25722 0.67641 1.46948 0.85168 1.01970 1.72357 0.76713 1.56743 1.22647 0.59918 1.83576 0.68324 1.19494 1.01337
0.53510 1.68575 1.19183 1.65207 1.30995 0.60391 0.69046 0.53204 0.68597 1.47933 0.55635 1.65572 1.88957 1.66153 1.74403 1.27185 1.97977 1.16710 0.77593 1.33775 1.32844 1.54046 1.56733 0.99423 1.50017 0.64481 0.60204 0.73202 0.72228 1.57089 1.18345 1.45875 1.62052 0.87387 0.51139 1.17980 1.62783 0.68879 1.90089 0.98272 0.99152 0.81720 1.46139 0.63422 1.88187 1.48847 0.60676 1.92270 1.30523 0.77068 1.01618 1.81023 1.33587 0.58186 1.54606 0.85050 1.35241 1.95394 1.12123 1.82472 1.27312 0.98441 1.74597 1.42453 1.95305 0.63025 1.33258 1.17442 1.99667 0.51717 1.68592
0.81125 0.74403 1.91123 1.15180 1.66465 1.18458 1.03717 1.98064 1.26457 1.22811 1.47152 1.26984 1.25845 1.40182 1.05307 1.87242 1.66723 1.90048 0.65481 1.40433 1.37825 0.69618 1.06582 0.55423 0.94366 1.40934 1.75487 1.33749 0.67913 1.03846 1.90913 0.92189 1.61720 0.73129 0.86800 1.03208 1.49003 1.53648 1.03880 1.53063 0.56021 1.05169 0.68005 1.82069 0.69623 1.03097 0.94075 0.96804 1.74956 1.64078 1.87324 0.97558 1.33085 1.09198 1.14385 1.77755 1.89526 1.53883 1.06992 1.55636 0.61925 1.89692 1.14779 1.93584 1.66650 1.44393 1.22555 1.14068 1.47904 1.78554 1.26355 0.97578
0.75738 1.23990 1.80878 0.91930 1.17000 1.29242 1.31583 1.10392 1.32649 1.60733 0.98698 0.54087 1.35538 0.77591 1.53963 1.24166 0.74081 1.34840 1.38733 0.76403 1.87977 1.57034 1.87775 0.55770 1.24499 0.96449 0.75645 1.84877 0.64304 1.23201 0.75312 0.61170 1.74868 0.58071 1.81233 1.48298 1.63489 0.95763 0.70199 1.17309 1.61857 1.59568 1.75520 0.81417 1.46487 1.50875 1.61145 1.19950 1.40548 0.57330 1.38783 1.46080 1.65184 0.63259 1.66138 0.87752 1.27797 1.23086 1.66472 1.63779 0.81259 0.79034 1.32133 0.63573 1.78721 0.84942 1.53345 0.78143 0.61113 0.50854 0.55919 1.92502 0.57492
1.08008 0.76951 1.51524 1.71425 1.82110 0.81996 0.88799 1.80482 1.35153 1.76847 0.85514 1.21905 1.14189 1.26716 0.70197 0.53371 0.79697 0.94447 1.39656 1.19370 0.80288 0.51527 1.95359 1.46757 1.77164 1.49007 0.61238 0.53711 0.82786 0.52974 1.03400 0.66586 1.49478 1.93837 1.18790 1.89596 0.73511 1.63917 1.30253 1.06284 1.46544 1.61255 1.10213 1.05071 1.55062 1.13864 0.87349 1.73850 1.61189 1.47710 0.88267 1.21178 1.44919 0.73091 1.98672 1.60760 1.26546 1.08324 1.42773 1.71011 1.05240 0.80044 1.51546 0.73127 0.70143 1.49721 0.52862 1.48537 1.45567 0.68851 1.17454 0.71671 1.12543 0.98562
1.02194 1.85441 0.52005 1.03520 0.63662 1.28054 1.15112 1.63535 0.86184 1.78122 0.87710 1.19688 1.91970 0.69665 1.61671 1.50874 1.17214 0.96842 1.19281 0.60498 1.79400 1.56903 0.95257 1.52302 1.12989 1.55360 1.96653 1.17558 0.80553 1.77248 1.10713 1.54042 1.55720 0.61794 0.85437 0.95890 0.63601 1.91044 1.24947 1.28902 0.72488 1.65542 1.90181 0.60543 1.23099 1.65790 0.50328 1.53108 1.92943 0.51439 0.81677 1.36635 0.96536 0.79899 1.79505 0.68733 1.39086 1.82374 0.72399 1.34507 1.51838 0.64916 1.21730 1.36360 1.49306 0.84761 1.55026 1.17523 1.26981 0.54842 1.02400 1.63621 1.71435 0.78562 1.97946
1.86110 0.61017 1.03007 1.14088 0.63172 0.72590 1.64588 1.56745 1.59549 0.65037 1.53148 1.29172 1.33422 1.14786 1.71337 0.89265 1.13753 0.71895 1.44521 1.34958 1.52543 1.85507 1.85439 1.82523 1.07890 0.93774 0.67771 0.86702 1.39642 1.87836 0.71739 0.53422 1.26935 1.51388 0.94798 1.98357 1.63211 0.90243 1.13467 1.13286 1.07550 0.74428 0.53382 0.82029 1.41122 0.62832 1.70650 1.56845 1.75979 1.03533 1.47385 1.69974 0.62962 0.81616 0.65994 0.99654 0.84735 0.89881 1.95648 0.94262 1.15049 0.82562 0.83318 1.94778 1.84321 1.26645 1.60853 1.87677 0.97699 0.84413 1.09560 0.62376 0.65546 1.83428 0.64501 0.73701
1.05356 0.57775 1.08702 1.26115 1.84027 0.76337 0.83438 1.72844 1.78333 1.68673 1.42990 1.43227 1.54152 1.39797 1.94659 1.77621 1.71654 0.54136 1.03587 1.45777 1.34443 1.84184 1.50947 1.74701 1.00218 0.99934 1.83344 1.64150 1.84015 1.86022 1.43791 0.54863 0.90533 1.01390 1.32575 1.48168 0.69239 0.62659 1.78525 1.08247 0.71753 1.45973 0.99468 1.87213 1.13879 1.75744 0.64924 0.78950 0.84861 1.33633 0.55384 1.04240 1.72642 0.67901 0.79692 1.72426 0.67334 1.22774 0.99241 0.78446 1.86831 1.32087 0.70671 0.63682 0.82490 0.66591 1.60547 1.32150 0.59351 0.68091 0.92631 1.11923 1.41747 1.43238 1.75541 1.30968 1.62704
0.74799 1.82082 1.34935 0.56935 1.74992 1.30066 0.76302 1.07918 1.50756 1.31225 1.61588 0.61731 1.19360 0.61262 0.90050 1.81684 1.42322 1.75751 1.84171 1.77357 1.20686 0.74878 1.13892 0.99568 1.21431 0.58647 1.50455 1.58331 1.08825 0.83272 1.53394 1.08220 1.00029 1.91229 0.97401 1.74764 1.63420 1.29739 1.47373 0.83128 0.84940 1.38849 0.56795 1.67923 1.18358 1.53722 1.77419 1.65172 1.43462 1.76773 1.28004 1.36097 1.22841 1.02395 1.50894 0.98389 1.67257 0.53453 1.26431 1.43030 1.13140 1.07088 0.66623 0.52696 0.75026 1.48774 1.52282 0.99787 1.36214 0.50710 1.77177 1.47413 0.50177 1.51453 1.04855 1.72409 1.32604 1.19848
0.74257 1.71548 1.41326 1.41154 1.73444 0.68399 1.82766 0.52191 1.08247 0.58465 1.07069 1.03855 1.80671 1.63596 0.75146 1.49652 0.72667 1.26626 1.96834 1.36831 0.72889 1.52266 1.84062 1.95107 0.65597 1.90207 1.67033 1.98403 1.57599 1.69677 1.90312 1.55205 1.64836 0.87685 1.07213 1.72956 1.23670 1.65144 1.35036 1.95483 1.50733 0.57956 0.56253 0.74430 1.85849 1.36984 1.46207 1.23408 0.50827 1.09109 1.79144 0.90520 1.05463 1.48071 1.97174 0.83657 0.52210 1.25012 0.56596 0.62607 1.83987 0.62317 0.75711 0.51422 0.64814 1.38888 0.86312 0.55505 1.90636 1.18571 1.27594 1.40469 1.14771 1.03770 0.80018 1.84842 0.65580 1.66629 0.55415
1.22995 1.57284 0.82021 1.80834 0.61677 0.87451 1.41078 1.79816 1.78854 1.23672 1.52666 1.34403 0.58784 1.40604 1.82870 1.94810 1.41109 1.04516 0.54361 1.09626 1.56070 0.98056 1.23069 1.81600 0.68674 0.50686 1.85206 1.45059 1.76577 1.74002 1.95857 1.33538 1.53349 1.83478 1.89540 1.71037 0.86900 1.63742 1.21071 1.04919 0.51962 1.82272 1.64862 1.41090 1.82136 1.93704 0.61330 1.94802 1.00532 0.83931 0.56345 1.69486 1.79057 1.39693 1.49239 1.98860 1.26777 0.73970 1.39656 1.09242 1.27203 1.17031 0.78078 1.63462 1.14752 0.84927 0.96250 1.30857 0.62133 1.16213 1.45154 1.13045 1.38799 1.00820 1.02899 1.50825 0.56936 1.79534 1.24363 1.28894
0.90279 0.92776 0.55036 1.08945 0.50320 1.52958 1.21356 1.23811 1.80158 1.16603 1.52942 1.29795 0.88254 1.06831 1.42459 0.60550 1.12662 1.62623 1.30158 0.83938 1.58089 0.69681 0.68992 0.89502 0.78895 1.94279 0.86547 1.57213 1.79841 1.22222 1.76209 1.16327 0.63016 1.68346 1.62678 1.88151 0.94959 1.08127 1.84796 1.49723 0.96932 0.80545 0.65054 1.88215 1.74749 1.45409 1.09220 1.94511 0.91600 0.95092 0.62918 1.88533 1.39061 1.39296 1.85536 0.59249 1.42118 1.72256 1.46286 0.61339 1.37438 1.14198 0.65833 1.04288 1.34827 1.83597 0.96952 0.97074 0.87181 1.65965 0.81225 1.13877 1.98994 1.52568 0.85412 0.55949 1.25550 1.75308 1.30654 0.67072 0.60449
1.80684 1.89567 0.68067 1.21145 0.83871 1.02830 1.63218 1.77051 1.93352 0.88088 0.99820 1.90318 0.62945 1.47439 1.33710 1.20286 0.72005 1.89034 1.42549 1.94826 1.53857 0.89495 1.55555 1.79206 1.74324 1.77082 0.89856 1.37155 1.62710 0.69029 1.21242 1.64480 0.84369 0.55945 1.03045 0.55584 1.18171 0.52152 1.00889 1.46485 1.08300 1.83008 1.40911 1.56994 1.98859 1.81567 0.93987 1.04743 0.85388 1.96042 1.63264 1.60275 1.34196 1.69076 1.21742 1.00369 1.13298 0.84207 1.26978 0.92412 0.92835 0.51611 0.72135 1.70185 1.16347 0.71078 1.41264 0.65803 1.93621 1.30666 0.78616 1.73797 1.74790 0.72500 1.34681 0.66929 0.80396 0.93334 1.32343 0.51138 1.33463 0.67494
1.01053 1.93139 1.29601 1.73687 1.16313 1.41601 1.14630 1.33982 1.94481 1.84301 1.43252 0.84183 1.17452 1.12877 1.71160 1.75100 0.68408 1.28831 0.59060 0.76452 1.01935 0.55847 1.19322 1.23330 1.58276 0.56718 1.40197 0.56918 0.57153 1.04662 0.66338 1.10383 1.81149 0.79959 0.84025 0.91765 0.92430 1.06314 1.45099 0.74607 1.03081 1.25798 0.76783 0.60490 0.89214 1.42960 0.75930 0.72952 1.65519 1.75862 1.66063 1.67769 0.74879 1.08487 0.97326 1.76639 1.09047 1.87460 1.08144 1.05017 1.77099 0.67239 0.70804 1.16948 1.87430 1.56627 1.96393 1.63351 1.71602 1.96057 1.07226 1.68918 1.79574 1.44392 1.46602 1.38646 0.98574 1.97273 1.21468 1.58737 0.72029 1.32936 1.29082
0.99169 1.58305 0.79271 1.24645 1.96412 0.89113 0.77199 1.30591 1.78740 1.95011 1.51575 1.40997 0.99993 1.35387 1.22515 1.22916 1.55358 1.28509 1.03793 1.70301 0.54850 0.56981 1.85475 1.41679 1.74706 0.63321 0.70456 0.88266 1.86040 1.82786 1.89108 0.80557 0.99340 1.61485 1.48856 1.46136 0.57113 0.63742 1.80957 0.60531 1.64868 1.76636 0.59767 1.62261 1.22680 1.08064 0.64787 0.98834 0.95304 1.69851 0.55428 1.47683 1.41799 1.44513 0.57025 1.29770 0.81141 1.04771 1.06961 1.33370 1.64196 1.59896 0.61727 1.36144 1.54828 0.62845 1.83061 0.83880 1.59264 1.63865 1.12764 1.52831 1.63531 1.92828 0.83057 1.01193 0.57470 1.51950 1.99549 1.01097 1.68034 0.54647 1.84767 0.51394
0.89959 1.40671 1.70405 1.34096 0.68718 1.97035 1.26086 1.37194 1.36785 1.08777 1.34651 1.79800 1.40104 1.70710 1.91237 0.92370 0.77776 1.19155 1.61319 0.68518 0.56212 1.96720 1.23578 1.24304 0.90220 1.76934 1.87957 1.52768 0.68308 0.88853 0.95325 1.94227 0.69795 1.08888 1.25423 1.41362 1.25720 0.62346 1.61851 1.09852 1.38490 1.62839 0.95432 0.60271 0.58520 1.40174 1.27039 1.51590 1.73530 0.91266 1.10815 0.81528 1.19166 0.87713 0.82035 1.63833 1.43842 1.34601 1.58437 0.74884 0.51401 1.98153 1.11806 0.51704 1.12192 1.63456 1.02720 0.60132 1.96625 0.67533 1.05672 0.94986 1.87037 1.92234 1.73007 0.80836 0.93630 1.24221 0.96299 1.51232 1.40055 1.63983 1.61713 0.61378 0.59605
1.14615 0.88027 1.92531 1.63106 0.54732 1.32854 1.55283 1.68284 0.72441 1.62565 0.84791 1.38801 0.92113 1.90031 1.35651 1.27095 1.78385 1.41176 1.87957 1.00758 1.49123 1.98493 0.99381 0.54091 1.01125 0.99026 0.62476 1.11374 1.11606 0.56707 1.12571 1.38250 1.03184 1.91785 1.26879 0.86089 1.79750 0.74836 0.80503 1.87129 1.43403 1.45457 0.64184 1.28804 1.94882 0.64719 1.00032 1.53700 1.86495 0.89193 1.13173 1.67456 1.66473 1.31343 1.35358 1.46974 0.91360 1.61397 0.55709 1.56761 1.02172 1.12714 1.93700 0.96025 1.96620 0.79450 1.34759 1.51571 1.63921 0.82522 1.65442 1.33483 1.19089 1.30850 0.64159 1.76568 1.17756 1.61120 1.91564 0.62104 1.20650 1.15940 1.92652 0.89331 1.44270 1.11615
0.59306 1.14550 1.26687 0.53924 0.60083 1.86089 0.74563 1.22572 1.29858 1.16729 0.95635 1.32792 1.09958 1.50269 0.59536 1.82574 1.41522 1.90374 0.63594 1.00514 1.83702 0.98334 0.58593 0.87102 0.86110 1.23412 1.48487 1.51032 1.65219 1.27825 1.30056 1.48918 1.63785 1.30085 1.18360 1.73330 1.05047 1.97473 1.41899 1.77431 0.84114 0.64162 1.65474 1.18091 1.73769 1.82530 0.70115 1.40805 1.13491 1.41812 1.72781 1.35866 0.81053 1.42704 0.56272 1.59248 1.43988 0.68612 1.27217 1.65768 1.93504 1.45059 1.00911 1.79266 1.19682 0.70812 1.83140 0.79995 1.25148 1.00207 1.79482 1.91129 0.67400 1.69280 1.68310 1.63930 1.11032 1.20776 0.67459 1.09461 0.54522 1.90132 1.02272 0.61213 1.48169 0.82555 0.53705
1.12799 1.04180 1.65847 1.76874 1.70818 0.85382 0.91453 1.77455 0.53034 1.74644 0.76951 0.90060 0.80889 0.98327 0.76265 0.84886 1.23952 0.62673 1.57744 1.54337 1.56243 1.83968 1.79509 0.70149 1.85334 1.18908 0.76741 1.59186 0.92692 0.83588 1.10117 1.98734 1.71908 1.68133 0.67565 1.51054 1.16369 1.17120 0.60289 0.73113 1.03369 1.81405 1.87672 1.88182 1.60695 0.71386 1.56416 0.58015 1.40448 1.11946 1.53941 1.56277 1.14081 1.79685 0.61359 1.96073 1.65763 0.80655 1.15383 1.62321 1.02988 0.99850 0.83718 1.31236 1.67144 1.25532 1.64123 0.99246 1.60449 0.97293 1.64969 1.92972 1.84820 1.81133 0.69299 0.86424 1.12730 1.41805 0.58515 1.15618 1.53491 0.70938 1.14871 0.89807 1.19505 0.94855 1.03578 1.49834
0.62437 0.81464 1.06474 1.70342 1.56231 1.98375 1.15202 1.11785 1.58421 1.83198 1.86633 1.63769 1.76309 0.50062 0.79605 1.92273 1.22550 1.51107 0.88806 1.83280 0.74409 1.38842 0.74114 0.81674 0.91831 1.51545 1.52912 1.79078 1.88800 1.16962 0.57301 1.69616 1.76089 1.42277 1.34778 1.05428 0.80306 1.65455 0.72155 0.58222 1.55885 1.37907 1.26331 1.43457 1.15021 1.89685 0.64846 1.76788 1.47291 1.52519 1.86756 1.92128 0.95738 1.85481 1.51704 1.84233 1.83722 1.04560 0.90684 1.67454 0.63217 0.58562 1.58199 0.70058 1.99922 1.62161 1.46863 1.50289 1.32550 1.32702 1.21853 0.84852 0.54680 1.05058 0.97578 1.62515 1.56743 0.53519 1.33251 1.74684 1.38265 1.69106 1.48493 1.43648 1.76499 1.10456 1.65453 0.66582 1.73782
1.18016 1.88154 0.96401 1.62708 1.93580 0.83620 1.31762 1.61830 0.74808 1.23456 1.36451 1.12372 1.24434 0.96570 0.96503 0.95987 0.55910 1.03817 0.66889 1.30996 1.55742 1.07216 1.70029 1.05800 1.02817 1.38170 0.73176 1.33672 0.58641 1.10815 1.42636 0.88398 1.35738 1.09909 1.41899 1.46321 1.05925 1.95920 0.56524 1.31673 0.86461 0.50217 0.91788 1.10798 0.94592 0.92796 0.62967 1.74153 1.74621 1.43464 1.60769 1.65145 1.79687 1.82328 1.08295 1.83899 0.66947 0.56741 0.75595 1.78246 0.89240 0.67829 1.13736 1.68641 1.28029 1.01938 1.86881 0.96149 0.63150 1.37276 0.60884 1.58319 0.89596 1.38686 1.28909 1.57902 1.53757 1.32423 1.12215 1.99587 0.64361 0.94883 1.76070 0.66435 0.71135 0.89173 0.80904 1.11758 1.97286 1.57792
0.53057 1.88062 1.71698 1.17927 1.75771 1.25622 1.13514 1.33351 1.02818 0.59180 1.56101 1.67435 1.96616 0.95824 0.64341 1.65091 1.39274 1.11298 1.43404 1.51800 0.54558 1.58269 1.44688 1.90036 1.57836 0.85365 1.46478 0.83463 1.39306 0.52419 1.41616 1.45899 1.75966 0.90344 0.77818 0.59565 0.51400 0.76024 1.04453 0.96509 1.39769 1.16719 1.62629 0.70126 0.91984 0.91402 0.57753 0.79893 0.75382 1.95178 1.65590 1.63504 1.17329 1.79774 0.64386 1.30493 1.00607 1.25761 0.67292 0.98114 1.82258 1.65468 0.99373 1.52565 0.74383 1.01208 1.26008 0.92538 1.23195 1.45407 1.14575 1.95957 1.09733 1.11112 1.70632 0.86832 0.78989 1.27566 1.92211 1.68757 0.59625 1.77158 0.86942 1.84492 0.76213 1.57201 1.78212 1.59986 1.88644 1.22704 1.97037
1.13011 1.94997 0.98258 1.43569 0.51245 1.81393 1.94098 0.58296 0.85114 0.90416 0.59731 0.72582 1.28108 1.57432 1.31225 1.28237 0.82635 0.96110 1.36285 0.82647 0.63526 1.03847 0.87688 1.02683 0.55028 0.67855 1.63293 1.83118 1.76929 1.85824 1.20915 1.29995 1.35725 0.61193 0.76661 0.64781 1.22872 0.72873 0.73484 1.93325 1.31844 1.49169 0.95675 1.10581 0.89019 1.60263 1.45314 1.47553 1.50852 1.90358 1.02999 1.71165 0.56461 1.89137 1.65130 1.77341 0.75599 0.58532 0.80400 0.52016 1.04244 0.52489 1.43081 1.10323 0.81869 1.50569 0.90531 0.86594 1.49992 1.50143 1.84759 1.83230 1.96890 0.99552 1.50309 1.88869 1.11928 0.54133 0.59160 0.57892 1.32475 1.07219 0.59428 1.64808 1.36090 1.33646 1.61792 0.96178 1.89164 1.48663 0.71027 1.14238
1.82021 1.39697 0.71520 1.50784 0.51518 0.66458 0.53057 1.22393 1.48728 1.49008 1.12035 1.43311 0.74487 1.58917 1.21152 1.26576 0.65164 0.79478 1.39742 1.30964 0.76523 0.80398 1.95700 1.53856 1.35304 1.59407 1.59752 0.51328 0.95135 1.23841 1.25979 1.47264 1.57365 0.61828 1.74258 0.97959 1.52877 1.46192 0.56879 1.82206 1.58782 0.64713 1.25019 1.92673 0.88096 1.41129 1.60658 1.33223 1.47551 1.50035 1.78945 1.26744 0.74334 0.83935 0.80316 1.92550 0.97608 1.79354 1.10534 1.54879 1.18498 1.54857 1.27945 0.51915 0.69962 0.81280 1.86380 0.96619 1.30953 0.95653 1.25604 0.93985 1.48562 1.49597 1.47364 1.97633 0.93645 1.48238 1.98260 1.65326 0.66221 1.53212 1.81269 1.14218 1.63856 1.77849 1.00576 1.46496 1.12894 1.59033 1.66193 1.80251 1.67198
1.95301 1.37706 1.89592 1.70695 1.94877 1.94080 1.76648 1.24585 1.30641 1.39756 1.10817 0.62362 0.78485 1.56681 1.53245 1.43977 0.88571 0.96200 1.86036 1.11343 1.77781 1.96842 1.80729 1.59591 1.95241 1.35812 1.63391 0.95964 1.80436 1.29856 0.60497 0.70893 1.04454 1.81549 1.61892 1.47517 0.66380 1.85818 0.83860 0.82561 1.51485 0.64387 1.64911 0.95630 1.88434 1.63290 1.43419 1.43623 1.77976 0.78871 1.13211 0.62882 0.60594 1.11305 1.49101 1.24299 1.20734 0.59942 0.56410 1.90835 1.71105 0.76818 1.74433 1.17602 1.52884 0.84287 1.21480 1.78970 1.72387 1.94741 1.46630 0.64559 1.14953 1.29796 1.90511 0.99283 0.70641 1.24431 0.73816 1.73009 1.26215 0.66636 1.89776 0.69294 1.94753 0.69477 1.48741 1.60391 1.14655 1.40538 1.65842 1.94646 1.74852 0.77766
1.62497 0.65183 1.80649 0.89719 1.97747 0.51350 1.59605 1.15531 1.05502 1.51942 1.89898 0.77171 1.77519 1.60579 0.71465 0.54671 0.78210 0.88474 1.99219 1.59124 1.79627 0.60041 1.45997 1.71954 1.30325 1.08799 0.95647 0.86041 0.72293 0.97593 1.65588 1.76298 1.02529 1.97525 0.79200 1.86586 0.52305 0.98274 1.22225 0.88144 1.98909 1.29932 1.82620 0.59768 1.12150 1.45996 1.97442 0.99921 1.65779 0.71099 0.85219 1.25658 1.38450 1.87917 0.64116 1.64322 0.89881 1.14477 1.81780 1.39663 1.26916 1.32923 0.98295 1.98980 1.85127 1.33817 1.74742 0.75568 0.71688 0.77109 1.48290 1.87332 0.51083 1.40775 1.12280 0.60993 0.73815 1.98729 1.52501 1.00529 1.18495 0.78977 1.20490 1.27599 1.53393 1.92724 1.47789 1.82622 1.64711 0.60963 1.24289 0.68652 1.13446 0.56791 0.62414
1.65167 0.89530 1.29800 1.32317 1.94585 1.33073 0.50556 0.80076 1.81210 1.01793 0.51029 1.32258 1.58561 1.45919 1.60768 0.51384 0.59075 1.25785 0.65812 1.80323 1.16894 1.60961 1.35704 1.93791 1.45023 1.35593 0.65293 1.19847 0.97219 1.30926 1.51167 1.94643 0.82205 0.92994 1.20563 1.79595 1.13368 1.65349 1.38600 1.41027 1.76204 1.32419 1.13741 0.86800 1.76356 0.58422 1.73200 1.49481 1.81025 1.71847 0.96256 1.83420 1.08419 0.86883 1.01722 0.57725 1.68223 1.43663 1.60130 0.71932 1.65737 1.12527 0.94152 1.72135 1.72792 0.87814 1.81354 1.66950 1.53906 0.88345 1.09099 1.62340 1.13654 1.47540 0.96694 1.98912 1.36167 1.88031 1.64707 1.95501 1.83473 0.63899 0.75576 1.11087 1.43173 1.01659 1.90293 0.96867 0.98501 0.77444 0.99797 1.42214 1.73915 1.33081 0.53487 1.22253
0.97414 1.56431 1.50743 1.74211 1.01960 1.35129 1.12021 1.98799 0.68859 0.83780 0.96586 1.79615 1.51170 0.72198 1.91156 1.46923 1.23914 1.93688 1.51514 1.10699 0.59562 1.81836 1.48220 0.85852 1.63063 0.57400 1.04820 0.86960 1.74129 1.74796 1.19617 1.92576 1.59278 0.66267 0.61235 1.11602 1.75488 1.59732 1.71093 1.37117 1.08265 1.32303 0.90720 1.15481 1.46118 1.62185 1.26608 1.76112 1.88790 0.63722 0.66950 1.07747 0.94015 1.55336 1.10330 0.88266 1.65938 1.17978 0.73848 0.62802 1.38108 0.50173 1.94784 1.21549 1.61891 0.87348 0.62165 0.88190 1.91581 0.91598 1.31522 1.92969 1.90266 1.61365 1.56530 1.75527 1.92809 1.40822 1.21926 0.57640 1.44500 1.37674 0.88865 0.90953 1.72326 1.33794 1.58564 0.80065 0.68507 1.83178 0.57533 1.72947 1.86772 1.14152 1.78535 1.95392 1.46672
1.29721 1.69423 1.72637 1.38692 0.94785 1.30995 1.32462 1.91813 1.21847 1.09309 0.86348 1.46435 0.73163 0.51837 1.17066 1.88461 1.87182 0.81790 0.69182 1.85882 1.42808 1.59719 1.58961 1.58716 0.76177 1.48878 0.52043 1.80563 0.87250 0.52569 1.22124 0.65166 0.66964 1.01734 1.03421 1.93943 1.22094 0.51064 0.71734 1.29157 1.18501 1.43509 1.53911 1.97273 0.80343 1.45485 1.88216 1.12102 0.75836 0.78663 1.19273 0.88818 1.45553 1.94818 1.22512 1.29795 1.37123 0.62866 0.64613 1.60771 0.95398 1.76626 1.77431 1.25254 1.86587 1.66422 1.96505 1.48294 0.57336 1.84708 1.17275 1.39364 1.15953 1.28676 1.29324 0.93472 1.17640 0.65677 1.17327 0.62986 1.71850 1.23559 1.18057 1.11552 0.78730 0.90811 1.31044 0.85797 0.89544 1.41635 1.40966 0.77167 1.43555 1.99517 0.70633 1.89036 1.14650 1.90452
0.83426 1.85564 1.45969 1.50917 1.31122 1.97361 1.62409 1.00285 0.88875 1.94060 1.24335 0.86515 1.91305 1.32394 1.70803 1.84351 0.64818 1.51690 0.85776 0.79949 1.42388 1.35934 0.90306 0.68458 1.16394 1.85124 1.08401 0.78862 1.37965 0.87272 0.61893 0.64886 1.01456 1.62764 0.80909 1.09397 1.96070 1.12085 0.77150 1.14467 1.68402 1.23123 0.51144 1.09854 1.90166 0.63995 1.50349 0.64302 0.96201 1.65024 1.33051 0.90477 1.36209 1.61933 1.54620 1.11774 1.12549 0.99096 1.76781 1.75428 1.94950 0.54783 1.77192 0.53100 0.98225 1.22237 1.10095 0.95447 1.20748 1.59091 0.63272 1.83209 1.32892 1.92216 1.00742 1.32323 0.53124 1.52319 0.89015 1.11793 1.53570 0.57401 0.92818 1.61821 1.36284 0.74137 0.68730 1.95627 0.92354 1.47170 1.59295 1.23708 1.53555 0.95579 1.72955 1.16300 0.68968 0.96852 1.21589
1.38466 1.60877 0.50635 1.29818 0.61497 1.81781 1.97145 1.16292 0.95790 0.88922 1.31944 0.87664 1.14077 1.14958 0.93626 0.66902 1.31554 1.47241 1.40408 0.52751 0.55778 1.22851 1.76422 1.67271 1.38795 1.15607 1.69401 1.58875 0.97131 1.72391 1.36931 1.61589 0.52108 1.10154 0.78958 1.79537 0.51490 0.91166 1.98696 1.70900 1.93497 0.59721 0.78519 1.49427 1.72786 1.99223 0.74036 1.61822 1.80423 0.77032 1.82468 0.69005 1.77286 0.54528 0.88975 0.63520 1.26919 1.69415 0.96925 0.70568 0.88528 1.84103 1.48766 1.54692 1.69992 1.91182 1.10694 1.70691 0.93999 1.79007 1.22285 1.76825 1.62918 1.10217 0.79671 1.46338 0.50060 1.60543 1.49338 0.68472 0.71291 1.46259 0.55176 1.08854 1.36680 0.52315 0.91086 1.27251 1.31010 1.53689 1.56144 0.98800 1.79775 1.27774 1.78414 0.54713 1.20422 1.73543 1.38192 0.98115
