26 8 48
0 30.0 40.0
15 52.0 41.0
3 27.0 23.0
41 17.0 33.0
9 13.0 13.0
28 57.0 58.0
8 62.0 42.0
8 42.0 57.0
16 16.0 57.0
10 8.0 52.0
28 7.0 38.0
7 27.0 68.0
15 30.0 48.0
14 43.0 67.0
6 58.0 48.0
19 58.0 27.0
11 37.0 69.0
12 38.0 46.0
23 46.0 10.0
26 61.0 33.0
17 62.0 63.0
6 63.0 69.0
9 32.0 22.0
15 45.0 35.0
14 59.0 15.0
7 5.0 6.0

1.50017
0.82838 1.14326
1.14351 1.82228 0.83538
0.92985 1.26539 1.61313 1.38116
0.70680 1.90569 0.62530 1.63578 1.30459
1.64526 1.97852 0.84556 0.99307 0.87389 1.29252
1.42014 1.58719 1.70790 0.77539 0.88503 1.13340 1.49252
1.31010 1.97134 1.60775 1.27151 1.68041 0.69144 1.08652 0.65623
0.89414 0.74980 0.59356 1.42205 1.15326 1.54621 0.89400 1.19034 1.20734
0.83916 0.67985 1.10784 1.74732 1.46403 1.79908 0.63096 0.65548 1.93619 0.73230
0.61910 0.71957 0.93237 1.03315 1.00839 0.58546 1.65871 1.82468 1.92257 1.58290 1.90029
1.82336 1.76352 1.25313 0.70293 1.79814 1.07986 1.77920 0.54263 1.18331 1.11125 1.16446 1.08516
1.97139 1.20022 0.97342 1.73665 1.31311 1.11118 1.46473 0.90084 1.35618 1.03760 1.36903 1.79252 1.37741
1.25045 1.18140 0.79488 0.70762 1.39357 0.54951 1.62899 1.86062 0.51462 1.39495 0.58908 1.68908 1.85287 1.03107
1.01292 0.53847 0.86954 0.50543 1.27957 1.81117 1.94149 1.47602 1.12808 1.24894 1.90845 0.84764 0.94739 1.31664 1.35017
1.87717 1.66563 0.78236 1.37699 0.80307 1.98577 1.66504 1.14327 1.80562 0.66672 1.70589 1.05267 1.21264 1.96671 1.42906 0.74014
1.78627 1.11138 1.31030 1.02292 1.21890 1.13722 1.89655 0.50838 0.68571 1.42695 1.80734 0.90667 1.95154 0.73333 1.60973 1.41969 0.84772
1.13812 0.60563 1.38962 0.86773 1.01998 0.88211 0.89942 1.32533 1.34705 1.33008 1.21407 0.89886 1.06415 1.61744 1.12535 0.70041 1.32091 1.47458
1.33486 1.04857 1.80849 0.80680 0.99227 0.75504 0.78722 1.23658 0.78764 1.64152 0.55243 0.99201 1.38388 1.78625 1.66587 1.82668 1.63794 1.65064 0.66647
0.68339 1.29964 1.90492 0.50767 1.54389 0.97562 1.93103 1.99476 0.63362 1.81990 1.51999 0.98131 1.24576 0.84575 1.96086 1.48354 1.62194 1.66535 0.61463 0.79094
1.98979 1.36610 1.43657 0.73873 0.83548 1.06719 1.91835 0.74040 1.06056 1.08728 1.40975 1.80482 1.04321 1.74524 1.70677 1.14542 0.57878 0.91478 0.81936 1.93934 1.64119
1.62444 1.78010 1.15600 1.27926 1.28896 1.23390 1.73575 1.22463 0.63241 1.30957 0.88836 1.53690 0.68889 0.97043 1.07584 1.95162 1.95328 1.01583 0.78532 0.65798 1.69131 0.93096
0.57302 1.84793 1.82824 1.62920 1.74439 0.57833 0.95225 0.62199 1.08081 1.74654 1.94272 1.31255 1.54851 1.17577 1.42103 0.94042 1.12221 1.03364 1.93537 0.86908 0.90175 1.36750 1.46178
1.66700 1.94132 0.63477 1.25603 1.75838 0.61916 1.03158 0.55318 0.66025 1.32809 1.94798 1.81482 1.39750 0.74765 1.28346 1.08795 0.87966 1.67656 1.47743 1.05104 1.54766 1.51708 1.75393 1.10018
1.42709 1.52775 0.99074 1.05181 1.59044 1.04240 0.95516 0.94890 1.59879 0.88837 1.08217 0.69700 0.77862 1.43764 1.60611 0.72652 1.64865 1.29566 1.06868 1.82641 0.63189 1.90323 1.14566 1.91334 1.72039
