101 101 1842
0 0.0 0.0
50 35.0 -56.0
50 72.0 -58.0
170 70.0 -66.0
297 45.0 -40.0
9 39.0 -40.0
630 60.0 -50.0
179 42.0 -59.0
179 31.0 -46.0
216 44.0 -58.0
4 45.0 -67.0
9 69.0 -46.0
154 24.0 0.0
117 12.0 -4.0
63 1.0 -21.0
436 3.0 29.0
905 19.0 -13.0
14 13.0 -14.0
3 25.0 11.0
10 24.0 23.0
166 3.0 7.0
211 23.0 19.0
8 2.0 -7.0
25 5.0 23.0
139 32.0 5.0
213 14.0 25.0
758 -16.0 -4.0
429 24.0 17.0
5 0.0 -7.0
136 -74.0 -22.0
501 -64.0 -24.0
93 -71.0 -19.0
21 -91.0 -15.0
169 -65.0 -14.0
22 -91.0 -26.0
3 -76.0 -7.0
271 -66.0 -4.0
433 -87.0 -10.0
3 -73.0 -8.0
1079 -81.0 -1.0
233 -82.0 -24.0
11 -87.0 -25.0
10 -76.0 -25.0
78 -75.0 -6.0
63 -70.0 -3.0
4 -64.0 -22.0
59 -66.0 -5.0
8 -72.0 -10.0
34 -89.0 -3.0
234 -86.0 -3.0
30 -57.0 -9.0
40 -22.0 -36.0
123 -44.0 19.0
7 -21.0 6.0
33 -49.0 -4.0
369 -68.0 -7.0
11 -42.0 11.0
23 -69.0 3.0
208 -49.0 9.0
4 -68.0 -19.0
8 -57.0 -7.0
36 -61.0 -34.0
504 -36.0 16.0
16 -56.0 2.0
574 -67.0 0.0
19 -17.0 -14.0
235 -17.0 -20.0
445 -28.0 -26.0
6 -70.0 -21.0
43 -46.0 -14.0
210 -52.0 36.0
268 -33.0 62.0
410 -53.0 49.0
124 -39.0 59.0
11 33.0 73.0
1085 38.0 88.0
5 43.0 77.0
529 -60.0 19.0
107 -61.0 27.0
274 -66.0 23.0
23 -61.0 20.0
156 -55.0 19.0
32 -5.0 -38.0
177 -9.0 -41.0
16 -12.0 -31.0
8 -9.0 -45.0
19 -6.0 -33.0
52 -1.0 -49.0
47 -14.0 -44.0
4 85.0 -1.0
372 67.0 -1.0
525 60.0 30.0
101 78.0 12.0
898 57.0 31.0
40 63.0 -1.0
32 88.0 -3.0
1017 85.0 -13.0
103 78.0 17.0
109 56.0 4.0
76 99.0 -14.0
1025 53.0 16.0

1.59795
1.87290 1.77788
1.02156 1.19287 1.05551
1.83608 1.49635 1.43259 1.39776
0.66871 0.67620 0.72789 0.90316 1.62714
1.20857 0.62828 0.78822 0.60314 1.88470 1.14182
1.13940 1.87249 0.69023 1.90358 1.99886 1.00217 0.73677
0.72954 0.83711 0.50695 0.54016 0.93343 0.93936 1.37911 1.15714
1.33630 1.84770 0.70087 0.98427 1.06570 0.62219 1.29607 1.61910 1.96705
0.67214 1.33154 1.51412 0.59562 1.37566 1.29027 1.16060 1.04791 0.92999 0.97682
0.59468 1.68172 0.57014 1.14789 1.31985 1.09520 1.14610 1.84516 0.79408 0.57822 1.84061
1.68015 1.72265 1.54451 0.53062 1.23601 1.87418 1.52571 1.64840 1.28497 1.33334 0.71354 1.44998
1.37239 1.34131 1.83544 1.77858 1.34553 0.56977 0.62994 0.76293 0.92529 1.72560 0.89889 1.28514 0.51446
1.27279 0.58887 0.50226 0.79257 1.14504 1.56768 1.01216 1.37676 1.29524 1.04928 1.57854 0.54465 1.07815 1.37510
1.88099 0.74639 0.86749 1.95247 1.46928 1.57179 1.11859 0.91148 1.71932 1.14404 1.52416 1.88342 1.50854 1.23907 0.66056
1.30155 0.78336 0.78014 1.40791 1.36341 0.74885 0.65862 0.81505 1.40421 0.93231 1.98968 1.81667 1.99189 1.24162 1.09065 1.02262
1.87683 1.88988 1.22606 1.08545 1.08626 0.75941 1.23208 1.82057 1.77132 0.57798 1.71930 1.94693 1.94498 0.90990 0.97864 1.37172 1.34197
0.69445 1.69588 1.29454 0.70357 1.31061 1.49996 0.61732 1.34568 1.44747 1.17044 1.30016 0.54146 0.68363 1.80386 1.12796 0.57869 1.57687 0.70355
0.97399 0.87565 0.54013 0.97730 0.93626 0.93572 0.81928 1.09582 1.89733 1.08797 1.61323 1.21720 1.73403 0.57825 1.38288 1.63112 0.87182 1.54947 1.80827
1.66922 1.77025 1.13334 1.60661 1.50630 0.80178 0.82390 1.18869 1.88743 1.31055 1.15719 0.86931 1.44062 0.97597 0.60778 0.71238 1.25620 1.31176 1.08399 1.32346
1.48193 0.56223 0.99024 1.72971 1.94126 1.40958 1.83041 1.02180 0.73248 0.99393 0.52317 0.66504 1.99652 1.53276 1.14214 0.80493 1.53250 0.54347 0.77338 1.54797 0.93168
0.75034 1.90555 0.73086 0.80285 0.85957 0.58830 1.09922 0.55511 1.22495 0.77729 0.99836 0.97501 0.51018 0.59970 0.80467 0.63726 1.80919 1.03228 0.63116 1.85949 1.41769 1.72439
1.39469 1.91333 1.77339 1.04603 1.28418 1.54983 1.96482 0.63886 1.83485 0.52391 1.21778 1.32105 1.32039 1.57813 1.01843 1.87446 1.62323 0.54539 1.52666 0.69534 1.09124 1.26373 0.53289
1.32966 1.14832 1.16719 0.84607 1.11706 1.00638 0.53257 0.87546 0.94965 1.45448 1.06915 1.68114 0.81114 1.83671 0.87948 1.75889 1.31775 0.59772 1.41437 0.81176 1.67726 0.57226 1.62478 1.00496
1.50455 1.64498 1.12388 0.81531 1.59818 0.78217 1.10805 0.73153 0.72511 1.99039 1.36028 0.66092 0.71485 1.10634 1.20013 1.08516 1.63626 0.53692 0.89915 1.61673 0.60111 1.58103 1.78079 1.27001 1.26023
1.35374 1.60693 1.64789 0.56414 1.87205 1.11315 0.65115 1.50476 1.21097 1.68365 1.61450 0.88699 1.55990 1.98501 0.61862 1.44150 1.04861 0.83212 0.78842 1.97825 0.90433 0.99268 1.89891 1.81203 1.41524 0.80402
1.26095 0.79288 1.68788 0.96170 0.71613 1.22526 1.34237 0.86952 0.84683 0.83877 0.64264 0.74994 0.90573 1.95145 1.15987 0.93512 1.97558 1.15195 1.64305 0.91509 1.42573 1.56801 0.55136 1.42196 1.60477 1.62143 1.68955
1.98353 1.51308 1.98986 1.35131 1.17703 0.83217 0.75891 0.87674 1.38378 1.61597 0.67708 1.76443 1.29825 0.74485 1.41682 0.92661 1.60566 1.33644 0.68846 1.47739 1.41023 0.90287 1.72388 0.90330 1.50058 1.66554 0.90781 1.10923
1.68562 1.29886 1.10581 1.20148 1.03095 1.59345 1.62872 0.57247 0.52611 1.27366 1.91609 1.42544 1.88619 0.96389 0.60219 1.30201 0.51351 1.06833 0.84602 1.18890 1.65742 1.79406 1.08395 1.07220 1.27703 0.66326 0.98329 1.05743 0.62980
0.95056 1.76638 1.71530 1.30270 1.63742 0.64269 1.07750 0.60959 0.83478 1.77330 0.91502 1.13169 1.65804 1.61591 1.88510 1.98872 0.97317 1.97120 1.54851 1.70483 0.51862 0.59609 1.15820 1.98483 1.67527 0.84266 1.90381 1.89254 0.69791 1.39477
1.94838 1.67161 0.94047 1.12364 1.56109 1.63772 0.55629 1.22665 1.32292 0.82498 0.65417 1.68848 1.02835 1.43156 1.08622 1.82398 0.92742 1.91243 1.93160 1.31614 0.97861 1.16333 1.15816 1.29962 1.77928 0.71000 0.74466 1.31491 1.58297 1.32516 1.23745
1.80556 1.96362 0.87503 1.41755 1.22158 1.51731 1.43134 0.50776 1.30263 0.51256 1.60135 1.10747 1.17040 1.03619 1.24146 0.66686 0.74601 1.64283 1.78157 1.78577 1.19088 1.65056 0.51093 1.28382 1.22255 1.83288 1.11437 1.60349 1.33764 1.08807 1.29443 0.83458
0.68105 1.03195 0.75479 1.34449 0.85495 1.12676 1.24823 1.77437 1.23353 1.94924 1.06958 1.23890 1.85277 1.91547 1.19093 0.73659 1.21744 1.53807 1.75275 1.49893 1.21645 1.16969 1.16841 1.60745 1.95049 0.57119 1.02755 0.75540 1.67234 1.11056 0.79990 1.68019 0.90589
1.10378 1.46361 1.06971 1.92255 1.66115 1.02791 0.97283 1.53732 1.17352 1.36820 1.51994 1.14961 0.95293 0.87179 1.31891 0.73564 0.81480 0.78340 1.19107 1.27094 1.01783 1.30036 1.49111 1.28734 0.98161 0.85589 1.73621 1.24398 0.97345 1.25341 1.85154 1.91402 1.92434 1.45116
0.70611 1.93844 1.11909 1.66710 0.93880 0.97217 1.68236 1.62784 1.48412 1.30325 1.43998 0.75513 0.77184 1.57047 0.90024 1.35364 1.55021 1.67906 0.75688 0.89650 1.39803 1.75055 0.72159 1.53034 1.50895 1.60239 0.56434 0.72336 1.79522 1.26363 1.03679 0.65950 1.02748 1.46157 1.20201
1.25188 1.29444 1.35071 0.97118 0.99463 1.88066 1.62071 1.51071 1.27114 1.01775 1.60478 1.81193 1.33457 0.50275 1.25331 1.16576 1.41834 1.87888 1.48804 0.72883 0.51552 0.61225 1.38846 1.60374 1.84621 0.68983 0.55690 0.69531 1.90415 1.91710 1.76510 1.47474 0.98483 1.64857 1.22831 1.53785
0.72285 0.98924 1.70385 1.32506 1.50973 0.98021 0.52675 1.31392 1.24341 0.54738 1.55168 1.57673 1.20431 1.15007 1.26603 1.32412 1.93440 1.02523 0.61149 0.75979 1.10038 1.36454 1.99951 1.65706 1.19898 1.76398 0.67949 0.90749 0.78585 0.87184 0.54602 0.83618 1.73122 1.36947 1.51244 1.45499 1.30581
0.94840 1.66648 1.48859 0.97837 1.03179 1.21867 1.24697 1.72227 1.32205 0.63494 1.78634 1.47332 0.53401 1.69602 1.71330 0.59994 1.25659 1.25163 0.73635 1.52606 1.54232 1.69296 0.85504 1.66231 1.17016 1.58841 0.57343 1.06163 1.67170 0.97795 0.77133 0.71662 1.42030 1.60603 1.41246 1.46520 1.63345 1.34088
1.66860 0.78725 1.85230 0.59340 0.58559 1.25886 1.10291 1.32815 1.60433 1.19765 0.68231 1.42522 1.88924 0.88293 1.70671 0.60434 0.68043 1.15030 1.97910 1.04500 0.65704 1.87729 0.69526 1.11133 1.53964 0.83431 1.07694 0.77321 1.89225 0.57020 0.50112 1.76279 1.48321 1.75107 1.09676 1.89461 1.14028 1.02542 0.77547
1.95332 0.55038 1.14584 1.12453 1.86924 1.12059 0.96014 1.23298 1.60371 0.86935 1.81324 1.88866 1.99884 1.16263 1.57419 0.89795 1.57656 1.94518 0.98646 0.68519 1.08465 1.50293 1.22556 1.27831 0.76203 1.57681 1.85129 1.81731 1.11411 0.58273 1.07600 0.67191 1.60020 0.81878 1.70291 1.22539 0.86138 1.23874 1.01962 1.37121
0.91930 1.58082 0.60419 1.73300 1.10819 1.07052 1.40196 0.88877 1.96484 1.86463 0.54150 1.75000 1.93865 0.79251 1.80676 0.57559 1.81633 0.55824 0.62507 1.38768 1.49009 0.94466 1.78557 1.25954 0.92778 0.66145 0.97363 1.20184 1.69543 1.42940 1.12275 1.53955 1.74360 1.76687 0.80617 1.59703 1.90129 0.98360 1.61518 1.21939 0.61350
1.03070 0.77602 1.38566 1.21751 0.65686 1.35333 1.70055 0.52511 0.68949 1.31446 1.57820 1.74845 1.93395 1.94668 1.22998 1.70103 1.56903 0.73792 0.78938 0.95667 1.35299 1.12343 0.76335 1.76675 1.51470 0.62470 0.74135 0.65840 1.69277 1.88420 1.75336 1.87403 1.13252 0.72958 0.60978 1.35724 1.94898 1.09983 0.70260 1.42477 1.79023 1.28201
1.17832 1.83974 1.99030 1.47956 1.22599 1.77355 1.74789 1.85177 1.18844 1.19943 1.04664 0.99025 1.57724 1.82541 0.67051 0.87196 1.15668 0.69796 0.51529 1.85808 0.69567 0.84639 0.55084 0.87011 1.28450 0.60333 1.19877 1.90252 1.21116 1.50574 0.85279 0.52896 1.72921 0.99632 0.71711 1.53801 1.49461 1.17447 1.66579 0.91886 0.69204 0.59037 1.25236
1.33880 1.61822 1.39176 1.99203 1.44497 0.96508 1.03417 1.07057 0.58001 1.98447 0.66752 1.15924 1.47639 1.45141 1.61251 1.93867 0.63626 1.23442 1.38942 1.40125 1.91752 0.58394 1.66223 1.51851 0.76680 1.81334 1.04994 0.93100 1.61378 0.58659 0.60915 1.81065 1.17738 1.30833 0.64177 1.49673 1.35075 0.72775 1.65842 1.60323 1.85274 1.57683 1.34620 0.94319
0.66753 0.63619 1.85443 1.29298 1.02096 1.30543 1.07584 0.57732 0.84035 1.27615 1.48093 1.83149 1.03876 1.29886 1.14123 0.79844 1.12388 0.70514 1.63382 0.77314 1.56118 1.56973 1.33429 1.33807 1.70707 0.50816 1.97305 1.42891 1.31349 1.53869 1.30710 0.66629 0.98229 1.97591 1.97995 1.54134 1.08533 1.51800 1.89712 1.62424 1.05403 1.90912 0.80833 0.51799 1.81650
1.97249 1.52679 0.85571 1.42259 1.02939 0.61802 1.25694 1.73998 0.92638 1.21772 0.85231 1.38388 1.20400 1.30721 0.75697 1.78014 1.02824 1.46624 1.88138 1.12330 0.57298 1.22731 1.36396 0.71300 0.94861 0.56661 1.23131 1.02015 1.51207 0.88201 1.63570 1.79037 1.47959 1.49706 1.81101 1.61248 1.49074 1.76753 0.77215 1.27220 0.64397 1.90580 1.89677 0.98595 1.23992 1.45578
1.92731 0.50968 1.34126 0.89304 1.64529 0.80779 1.74989 1.87854 1.33415 0.72296 0.57359 0.76948 1.80795 1.44475 0.88299 1.67014 1.85017 1.36345 0.91669 1.51451 1.48167 1.70655 1.03029 1.84298 1.36841 1.38444 1.08317 1.13804 1.98427 1.88801 1.58600 1.69046 0.70279 0.58893 0.99624 1.05457 1.50031 0.55276 1.06607 1.24939 1.81407 1.36277 1.11842 0.57343 0.73140 0.74625 1.02952
0.96492 0.83952 1.24930 1.85963 1.55110 0.93080 1.15577 1.44393 0.87077 0.81120 1.11691 1.93117 1.48452 1.06622 0.59791 1.94233 1.67706 1.87056 1.60068 0.69077 1.91291 0.78937 1.56386 1.25378 1.81035 1.98313 1.65366 1.19636 0.94988 0.60457 1.50533 1.47351 1.49402 1.83824 0.78266 1.63414 1.08275 1.01660 0.63096 0.70314 1.25024 1.21939 0.71899 1.13267 0.79807 1.36368 1.98185 1.68811
0.78627 0.76870 0.54508 1.57725 0.74550 0.75459 1.50035 1.68342 1.00964 1.70795 1.35568 1.86910 1.28899 0.89716 0.88411 0.89664 0.68812 1.99458 1.04016 1.16148 0.99090 1.08171 1.81552 1.15690 0.55699 1.44318 1.50121 1.13177 0.55218 0.95485 0.92574 1.13989 1.52807 0.53258 1.43166 1.50457 0.55960 0.55428 0.88862 1.58123 1.25004 1.72210 1.84409 1.94333 0.92123 0.62437 1.76129 1.59841 0.64345
0.70971 0.57314 1.62523 1.25970 1.02527 0.67519 1.52756 1.29355 1.59331 1.47452 1.14713 0.66203 1.26975 1.03185 0.66340 1.05727 1.07740 1.33948 0.94510 0.98320 1.86763 1.45087 1.47879 1.96215 1.89507 0.70865 0.81397 1.42037 1.56067 1.06156 1.84576 0.56129 1.45484 1.09285 1.64857 0.82041 1.58323 0.63549 0.72235 0.96128 0.59288 0.66909 1.48928 0.59517 1.53829 0.79110 0.55653 1.03293 0.79736 0.64591
1.25847 0.66432 0.82629 1.65316 1.44783 1.12535 0.88480 1.07848 0.72312 1.63327 1.28705 1.36214 1.86329 1.02881 0.79078 0.94447 1.49348 1.45267 0.79790 0.87128 1.79502 0.64420 0.94929 1.08757 0.78852 1.03181 1.94851 0.53129 0.67679 1.97014 0.54700 1.83003 1.75954 1.38875 1.66730 1.96989 1.60708 1.96657 0.83557 1.00082 0.94701 1.42844 0.78053 1.49377 0.71633 0.55570 0.70486 1.26370 1.53567 1.69933 0.95130
1.52103 1.91636 0.71010 0.84946 0.72964 1.37529 1.06084 1.71999 0.70088 1.93607 0.69509 1.26765 1.49289 1.01652 1.90738 1.70652 1.78351 0.63327 0.74706 1.70697 0.55781 1.31305 0.92867 1.50570 1.56951 1.41763 0.81107 1.00170 1.37333 1.08089 1.40856 0.70982 0.58736 1.86532 0.87387 1.54531 1.57293 0.50341 0.73743 1.79169 1.25873 0.59241 1.26345 0.99549 0.75858 1.90428 1.06930 0.60513 1.61756 1.69715 1.68362 1.01721
1.97124 1.16210 1.79251 1.76035 0.98875 0.94558 1.70199 1.71390 1.97171 0.61893 0.95782 0.65010 0.71070 1.26043 1.59913 1.53546 0.93327 1.23949 1.57626 1.49419 1.76382 1.19613 1.97603 1.95284 1.39720 1.16748 0.97692 1.94970 1.14933 1.25890 1.74067 1.27732 1.54655 1.27273 1.72181 1.88651 1.94171 1.34255 1.74777 0.85630 1.51150 1.48072 1.54065 1.83574 0.52790 0.80078 1.54292 0.58725 1.61263 1.74353 0.72863 1.99497 0.56840
0.85740 0.58003 1.14575 0.80709 1.01189 1.78403 1.87332 1.50948 1.84988 1.28446 1.06597 1.05390 1.84872 0.66377 1.99091 1.61950 0.69917 1.86139 0.78292 1.43208 1.73557 0.80598 0.87271 0.58473 0.55795 1.93797 1.55946 0.90601 1.62443 1.72049 0.67799 1.36650 0.61290 1.89015 0.92878 0.67453 1.43077 1.43669 1.61991 1.44622 1.64765 1.12497 0.74276 1.20460 0.91881 1.43507 1.62597 0.65670 1.49342 1.59121 0.84058 1.33794 0.78957 0.91223
0.91565 0.95962 0.61464 1.60513 0.85697 0.83326 1.21628 1.23050 1.04391 1.97079 1.56408 0.87657 0.78064 0.79257 1.99919 0.89551 1.84923 0.75971 1.52043 1.92936 0.88293 1.17661 1.43135 1.65422 1.11756 0.50237 1.22498 0.86871 0.78457 1.94937 1.41649 0.96938 1.00357 0.90769 1.26222 1.57470 1.22033 0.55108 1.17264 1.70287 0.59900 0.51618 0.55604 1.59840 0.91465 1.31445 0.56835 1.26888 1.14792 0.56050 0.61482 1.60759 1.01277 1.47305 1.48854
1.83781 0.57689 1.40967 1.04081 1.95849 1.37344 1.22603 0.98146 0.53432 0.87679 0.98662 0.66414 0.95748 1.22626 1.42259 0.70240 0.50078 1.72512 1.98867 1.02574 1.47138 0.96913 0.71905 1.40110 0.77362 1.68268 1.03157 1.51453 1.40562 1.88307 1.72330 0.62375 0.90256 1.21066 1.00210 1.64445 0.61956 1.77113 1.13233 0.81898 1.86294 1.76952 0.98312 0.59295 0.85158 1.20836 1.89955 0.97232 1.07943 1.40148 1.88307 1.05978 0.96616 0.93861 1.64061 1.50462
1.79371 1.87746 1.91272 1.60634 0.53880 1.15812 1.83254 1.03990 1.70088 1.62027 1.37484 0.82940 1.17042 1.44188 1.98898 1.35168 1.11032 1.49342 1.89210 1.18715 0.72209 1.59204 1.50117 0.73661 1.12424 0.77348 1.51356 1.64466 1.50827 1.64370 1.86793 1.16579 0.60202 1.82624 1.47100 0.56851 1.14254 1.29014 1.51529 1.23981 0.54119 1.00149 1.82149 1.92802 1.82831 1.13863 1.78891 0.56973 1.12351 1.02601 1.58204 1.81911 1.82671 0.98183 1.64507 0.66897 1.52364
1.27392 1.06163 0.72980 1.89748 1.15800 0.81102 1.50411 1.39224 0.98131 1.45270 1.29508 0.91453 0.96600 0.56704 0.99408 0.67863 0.55817 1.37073 1.12904 0.60681 1.31031 1.38736 1.85560 0.55816 1.36176 0.67321 1.86647 1.06799 0.74180 1.12793 1.56600 0.93324 0.69631 1.09263 1.57165 1.11547 1.01198 1.48908 0.59154 1.97687 0.99019 0.74487 1.62795 1.55837 1.47114 0.89253 1.79843 0.78095 1.66864 0.64543 0.66642 1.49773 1.64135 0.97227 1.45950 0.65752 1.08329 0.86983
1.68035 0.68548 1.33011 0.87143 1.31446 0.92718 1.84050 1.75784 1.74069 1.13448 1.91642 1.48836 1.29097 0.92392 1.79911 1.98654 0.63108 1.32380 1.16004 1.53433 1.07377 1.01992 0.81861 0.85843 0.66574 0.79675 1.88100 1.16092 1.89121 0.83297 0.60690 1.32516 1.06561 1.84404 0.93668 1.28094 1.57544 1.29761 1.99062 0.86078 1.21222 0.97796 1.40480 1.03475 1.70436 1.35418 1.57208 0.76714 1.93658 0.87015 1.04811 0.80836 1.27449 1.40605 1.07694 0.96218 1.71939 0.80687 1.29020
1.12896 0.74460 0.96971 1.77502 1.93869 0.58871 1.14696 1.64204 1.99600 0.61299 1.27503 1.87036 0.67523 0.68882 1.47297 1.09078 1.88864 1.95607 0.56460 0.95381 0.71245 1.72632 0.95490 0.51579 1.35329 1.27056 0.83478 1.31669 1.69553 1.36727 1.31702 1.41993 1.83038 1.81392 1.29998 1.98458 1.17081 1.89570 1.08227 0.96322 1.31314 1.21881 1.08572 1.38941 1.98702 0.59116 1.36785 0.95997 0.94150 1.69767 0.62500 1.01246 1.13289 0.61121 1.61943 0.57311 1.77978 1.23912 1.18383 1.17639
0.70689 0.99353 1.78538 1.91606 0.84436 1.81275 1.26884 1.54749 1.39920 0.63536 1.95840 0.84232 1.23191 1.55913 0.84586 0.50546 1.54158 0.74041 1.22040 1.28164 0.64064 1.97488 1.66797 1.34763 1.73964 1.57083 1.29488 0.77296 1.96352 1.80241 1.52795 0.73112 1.14383 1.45957 1.40875 1.42576 1.72072 0.88569 1.29005 1.56989 1.01770 1.13278 1.88762 1.02994 1.53841 1.75709 1.27288 1.79998 1.49903 0.78717 1.66981 0.63546 0.92996 1.48928 0.88004 1.64474 0.71384 1.38617 1.12381 1.11924 1.99767
0.96814 1.58590 0.74192 1.36716 1.40593 1.93664 0.89746 1.14724 1.27258 0.97851 1.02988 1.45306 1.43150 1.23327 0.87516 0.96363 1.21683 0.61555 1.89249 0.84668 0.96728 1.57300 1.14138 0.58434 0.81947 0.88886 0.72353 0.93856 1.72890 1.95525 0.76365 1.29171 0.68739 1.76447 0.58645 1.74002 1.92210 1.44382 0.99430 0.70854 0.54450 1.15010 0.76580 0.66425 1.86350 0.92730 1.26763 1.73731 1.88437 1.42839 1.80933 0.59621 1.17601 1.11550 1.22121 1.67984 1.81116 0.94853 0.62850 0.66084 0.57852 1.97018
0.96165 1.08201 1.31953 1.30179 1.34585 1.43819 1.97828 1.16905 1.97620 0.57281 1.95154 1.78008 0.62411 1.96139 1.22958 1.88067 1.05408 1.06640 0.80625 1.94959 1.39211 1.83755 1.81302 0.69392 1.22942 1.07362 1.04214 0.84123 0.67963 1.95797 0.53934 0.60474 1.92434 0.53245 1.35185 1.57573 0.90970 1.66829 0.76233 1.97377 1.56934 1.71849 1.93071 1.76546 1.77675 0.94863 1.51852 1.02878 0.98603 1.71063 1.62241 1.27512 0.95040 1.60432 1.78447 1.54516 1.19967 0.83798 1.99172 1.23988 0.76021 1.13072 0.65596
0.51169 0.79665 0.58816 0.63139 1.03065 1.04122 1.80111 1.64420 1.23526 0.96220 1.36321 0.94726 1.95454 1.28487 1.63135 1.23539 0.56644 1.09195 0.97695 0.91724 0.98154 1.94971 1.03851 1.33012 0.79852 1.51134 1.96602 1.95884 1.99611 1.59469 1.93202 0.97026 1.77888 0.65371 1.77158 0.61084 0.93522 1.64523 1.19581 1.92953 1.79371 1.47993 1.79585 0.64625 1.32922 1.76078 0.53369 1.30213 0.75729 0.82855 0.99517 0.61273 1.45248 1.04326 0.90206 0.60409 1.81522 1.89289 1.68810 1.10706 0.67246 0.82812 0.91113 1.38064
1.99082 1.12206 1.05103 1.05655 0.86734 1.43101 1.65327 1.04615 1.81295 1.80092 1.24112 1.79179 1.19784 0.71247 1.12415 1.41907 0.96778 1.15113 0.72810 1.62485 1.68639 1.62140 1.16557 1.53388 1.48066 0.51375 1.32275 1.59392 1.73847 0.50266 1.94828 1.37168 1.38790 0.87649 0.68570 1.22954 0.86859 1.44313 0.59995 0.50019 1.32519 1.02146 1.47835 0.60346 1.79607 1.60890 0.80868 1.73828 1.56460 1.25117 0.50463 0.60221 1.29771 1.51235 1.98424 1.42942 1.67540 1.73592 1.19762 1.51183 1.27672 1.79234 1.92047 1.56670 1.76342
0.76045 1.37392 1.39716 1.07523 1.07459 1.35697 0.83941 1.20417 0.64128 0.55083 1.33075 1.07652 1.47158 1.23265 1.61063 0.63860 0.67843 1.79066 0.64766 1.15445 1.59260 0.85185 1.01090 0.72272 1.61064 1.95855 0.93536 1.56789 1.75120 0.81330 0.89593 1.27459 1.53788 0.69074 1.37729 1.04656 0.97168 0.88046 1.54125 0.51968 1.52654 1.35391 1.53991 1.93995 1.55896 1.49430 1.80581 0.77855 1.95165 0.54381 1.02006 0.95047 0.99235 1.75053 1.88473 1.00363 1.66672 1.77361 1.34993 1.90606 1.79628 0.60013 0.96510 1.32161 0.98463 1.70432
1.48910 1.99865 1.56096 0.63843 1.78471 1.02871 1.23426 1.47856 1.23980 0.77280 1.48355 0.88525 1.27176 1.26842 0.63297 0.79153 0.84184 1.38567 0.78365 1.58583 1.01330 1.35157 1.68001 1.61158 0.70973 1.86679 0.89499 1.25648 1.84913 1.75205 0.64279 0.75051 1.73497 0.97571 1.81717 1.05144 1.18229 0.94450 1.29192 0.73659 1.34362 1.61984 0.65138 0.88614 1.83801 0.65548 1.59850 1.70246 1.01904 1.04835 1.73483 1.29103 1.30494 0.85115 0.67023 1.70267 0.76491 1.30636 1.22758 1.45199 0.89551 1.12398 0.55478 1.98133 1.15451 0.94643 1.48334
0.72179 1.71580 0.71127 0.92861 1.83170 1.55366 0.93013 0.61079 1.71800 0.64610 1.07866 1.93012 0.92803 0.60537 1.35729 1.05424 1.30985 0.53234 1.89433 1.99051 0.85311 1.66581 1.70309 1.51183 0.78450 1.47572 1.08453 0.61690 0.60160 0.84604 1.45608 1.29874 1.91257 0.72305 1.53168 1.21110 1.99464 1.90851 1.25127 1.47522 1.76057 1.49962 1.36756 1.15336 1.93852 1.51813 0.87541 1.17711 1.81495 1.05024 0.74926 1.39038 1.72202 1.30306 1.80204 0.77825 1.49820 1.92573 1.10557 0.53277 1.28034 0.52421 1.57194 0.59225 1.34485 0.51027 1.00569 1.52327
1.23283 1.36816 1.47801 1.42703 1.15027 0.61754 1.76627 1.33132 1.37034 1.55536 1.03807 0.96739 1.25922 0.92124 0.88091 1.12247 0.86130 0.77699 1.93717 0.83455 1.68058 1.56317 0.92563 1.38775 1.00142 1.42214 0.50657 0.81248 1.30718 0.90973 1.18240 0.99739 1.50959 1.29718 0.84740 1.77775 1.81158 0.83637 0.76529 1.02260 1.21502 1.58585 1.48119 1.14917 1.83029 1.35764 1.26569 1.41254 1.68124 0.72056 1.38736 1.23213 0.97501 1.89621 1.34369 0.81495 1.12849 1.69989 0.64578 1.45827 1.85293 0.96968 1.66362 1.56999 0.85648 1.23040 1.38781 0.61600 1.42156
1.45691 1.58202 1.67445 1.26103 1.47811 1.38162 1.48108 1.16999 1.41874 1.28163 1.46801 1.46662 1.93083 1.66269 0.72778 0.98338 1.39214 1.89232 1.10713 0.58056 1.13513 1.48831 1.02129 0.74330 1.49323 1.98546 1.45442 1.28284 1.99613 1.59685 1.45643 1.58716 1.93363 1.04060 1.19254 0.89066 1.51172 0.95763 0.53437 1.94976 0.93993 0.82360 1.16268 0.86303 1.23903 0.62780 0.89213 1.15394 0.71766 1.95332 1.71561 1.53849 1.64543 0.98789 0.50686 0.62362 1.67071 0.51028 1.65759 1.64145 0.77152 0.63331 1.59226 1.28936 1.76286 1.22732 1.23402 0.69550 0.76203 0.63163
1.59572 1.88377 0.60862 1.24642 0.67835 0.63403 0.59412 1.84405 1.82933 1.62071 0.67153 1.96998 1.40506 1.12365 1.73926 1.14448 1.16870 0.82046 1.24779 0.76622 0.71880 1.41716 0.51319 1.24357 0.54683 1.48600 1.23726 0.95433 1.89240 0.97166 1.37890 1.65013 1.70657 0.78344 0.77124 1.87693 1.91063 1.53017 1.16661 0.84826 1.04854 1.91635 1.59943 1.11115 1.68326 0.94536 1.68871 1.05920 0.60217 0.85909 0.70867 0.98526 0.88506 0.75537 1.06062 0.93101 1.73134 1.63899 0.99244 1.13245 1.76926 1.32441 1.32351 1.15489 1.06713 0.52218 1.27442 1.22488 0.86270 0.56235 1.58003
0.65520 1.91825 0.71343 1.49366 0.66457 1.27449 1.12388 0.85390 1.58062 0.94065 1.91273 1.04635 1.82244 1.85621 1.30987 1.37247 0.81312 0.97255 1.43017 1.40988 1.07600 1.70637 1.29632 0.88185 1.26737 1.12873 1.53787 0.54587 0.93559 1.01720 1.96292 1.95194 1.97943 1.70669 1.26636 1.52485 1.21117 1.36266 1.07079 1.32455 1.55119 1.99085 1.30256 0.54888 1.53422 0.76925 0.81667 1.14946 1.10004 1.30686 0.78489 1.46817 1.44087 1.60063 1.76024 0.75405 1.56721 1.63438 0.59712 0.57319 0.98633 1.60886 1.39188 1.28326 1.50775 1.67076 1.06361 0.72543 0.76127 0.92034 0.60768 1.21468
0.72859 1.44591 1.75724 1.16534 0.61922 1.32997 1.17793 1.53866 1.44208 1.04947 0.50647 1.89953 1.35001 1.14684 0.84699 0.85042 1.57323 1.85999 1.28014 1.31578 0.60612 0.93907 1.35808 1.99961 1.16981 1.51678 1.54970 0.65580 0.69133 1.06521 0.95517 1.83774 0.76919 1.95510 1.77396 1.23448 1.35614 0.90679 1.02643 1.16305 0.95348 1.35785 0.83369 1.17997 1.75580 1.94325 1.93728 1.01033 1.09763 0.97154 0.83446 1.93063 0.77363 0.50147 1.83597 0.84679 0.97899 1.72269 0.82199 1.76636 1.36277 1.43218 0.88175 0.55388 0.99670 1.54295 0.79344 0.64812 0.64754 0.73440 1.22615 1.62474 0.83619
1.69652 1.66263 1.26658 1.98969 0.98164 0.88334 1.88929 0.80247 1.33017 1.58528 1.22142 1.03270 1.88049 1.93054 0.63853 1.08339 1.04471 0.53577 0.77593 1.60299 0.61312 1.67233 1.34592 1.73405 1.26629 1.00900 1.31237 1.12478 1.13372 1.04652 0.62216 1.89612 1.62656 1.19220 1.09031 1.54717 1.79571 1.06362 1.34378 1.53813 0.51242 1.52854 0.60413 0.98331 1.01833 1.39869 0.68728 0.79451 0.63883 1.55282 1.10234 1.67540 1.11378 0.53510 1.81469 1.54994 1.47074 0.53011 0.58991 1.79319 0.99980 0.59554 0.88586 1.30280 1.76314 1.09870 0.77051 0.81479 1.04710 1.35117 0.64439 1.07243 1.49236 1.75191
1.96025 1.81796 1.00342 0.74660 1.67275 0.65008 1.65685 1.77032 1.37625 0.96506 1.02491 1.49871 1.88164 1.70638 1.32423 1.30233 1.55771 1.40196 1.73588 1.67474 1.80512 1.81742 0.98627 1.56946 0.82844 1.47034 1.90214 1.57122 1.35504 1.95222 1.37408 1.28927 0.98679 0.50467 1.01494 1.87024 1.15115 1.62659 0.62250 1.29322 0.60587 0.56229 0.54120 0.80879 1.05262 1.20413 0.58172 1.04379 1.41465 1.54591 1.21543 1.21087 1.93102 1.34830 1.43008 1.38124 1.55870 1.31869 1.87422 1.39990 1.36369 1.01315 1.55361 1.15099 1.58899 1.25401 0.70690 1.02970 1.34737 1.86706 1.02728 1.76911 1.98957 0.94965 1.83376
1.07878 1.75984 1.81410 1.87274 1.53111 1.46540 0.57752 1.52095 1.19633 1.58523 1.01196 1.26954 1.48881 1.47302 1.42290 0.91031 1.88036 1.75579 1.65317 0.88020 1.59492 1.63096 1.16071 1.18993 1.91803 1.45512 0.67881 0.54864 1.15627 0.69986 0.68355 1.92620 1.06228 1.23815 1.67997 0.50194 0.76407 0.52915 0.85665 1.69606 1.98489 0.93589 1.89490 1.16994 1.80271 1.95253 1.07373 1.48825 1.70430 0.92016 1.81141 1.67949 0.76301 1.34828 0.73526 0.59724 1.11551 1.97475 1.66021 0.61737 0.52461 1.88202 0.87619 1.73462 1.58066 0.84497 1.75047 0.60493 1.28249 0.80366 0.57828 1.17561 1.96142 0.60466 1.75994 0.70959
0.92998 0.73938 1.18704 1.25756 1.20505 1.74731 1.29532 0.82271 1.91554 1.41230 0.66243 1.73086 1.94939 1.24715 1.77454 1.73577 1.58718 1.63866 1.92381 1.14725 1.07242 1.18584 1.84740 1.14388 0.55009 1.32734 0.68569 1.79347 1.91994 0.51215 0.66892 1.78741 1.52384 1.44781 1.00866 0.66372 0.99127 0.69785 1.46019 1.00447 1.45677 0.92237 1.63025 0.62830 1.29615 0.74004 1.90595 1.39562 1.17108 1.99625 1.86091 0.97682 1.57640 1.97344 1.86043 1.32871 1.14678 1.29298 1.43613 1.00957 1.94700 1.24368 0.68261 0.94893 1.83178 1.73687 1.17867 1.49659 1.01411 1.89473 0.73967 1.78165 1.90222 0.83172 0.63422 0.59853 0.92830
1.55005 0.86176 1.19156 1.27522 0.80951 1.97993 1.25464 0.83573 0.97506 0.97524 1.24442 1.48053 1.35217 0.84069 1.34802 1.95341 1.42446 1.88149 0.69491 1.47257 0.56839 1.28386 1.16938 0.77190 1.47231 1.72545 1.33414 1.05209 1.71438 0.85403 1.93808 1.81006 1.49900 1.24988 0.86371 0.92403 1.81974 1.98167 1.47588 0.57738 0.96804 1.56761 0.55834 0.85060 0.81831 1.35745 0.68745 1.89339 0.80643 1.12485 1.90315 1.74504 1.58066 1.87416 1.35497 1.27093 1.34793 1.22451 1.39895 1.24884 1.60208 1.46715 1.42348 1.77396 1.04790 0.99569 1.59906 0.53020 1.39318 1.66284 1.36665 1.72959 0.75902 1.47783 1.65997 1.90465 1.81055 1.43208
0.96999 1.00378 1.59543 1.11051 1.16737 1.20228 0.77950 1.07633 0.55689 1.54762 1.90956 1.20200 0.74795 0.70570 1.95867 1.26996 1.45104 1.00461 1.07433 1.28839 0.85137 1.77779 0.54642 0.62845 0.56752 1.00412 0.51979 1.94633 0.89400 1.96744 1.97422 1.09662 0.95407 1.99511 1.00356 1.17550 0.98142 0.92361 1.70694 1.66425 1.30864 1.30683 1.91784 1.90032 0.88685 1.11221 1.20998 1.55352 0.55578 0.87805 1.78079 1.42969 1.09256 1.11012 1.81487 0.92429 1.42740 0.96357 1.81364 1.20988 1.17401 1.94233 0.60896 1.73915 1.14993 1.42795 0.85102 0.93554 0.98290 1.72927 1.96929 1.54987 1.13462 0.69868 0.52935 1.34961 1.30280 1.98827 0.55218
0.63537 0.88114 0.90003 1.18944 1.00452 1.43124 1.01655 1.48508 1.71846 0.78710 1.81381 1.92551 1.78133 1.92505 0.86367 1.32078 1.39840 1.81295 1.55748 1.26280 1.70673 1.27281 0.92142 1.22553 0.71906 1.84950 1.60190 1.59018 0.99176 1.61303 1.16214 0.99911 1.46627 0.97607 0.52888 1.16982 0.70023 0.57752 0.90381 1.38100 1.68060 1.00560 0.69709 0.63838 1.35073 1.49216 0.81889 1.45190 1.62090 0.64406 1.89644 1.01201 0.89394 1.71602 0.87943 1.65303 1.51564 1.67098 1.27535 1.32454 1.12287 0.82204 1.08494 1.81840 1.35224 0.71626 0.70914 0.57325 1.72154 1.78050 0.58922 1.58702 0.91503 1.17174 0.70155 1.12699 0.66525 0.55597 0.71665 1.68152
0.61676 0.85239 1.17744 1.40072 1.77009 1.83017 0.91921 0.58546 0.69212 1.70722 1.64434 1.94941 1.77426 1.96209 0.79820 0.93400 1.96698 1.90422 1.89792 1.86075 1.53571 1.46685 0.56829 1.90540 1.67263 0.56616 1.76063 1.34256 1.25211 1.63615 0.76594 1.04300 1.89200 0.50837 1.06224 1.73491 1.28796 1.11638 1.75119 1.77926 0.53041 1.84614 1.34542 1.67680 0.97824 1.42892 0.55710 0.68053 0.68397 1.18475 1.09441 1.27652 1.15253 1.78816 1.20646 0.51803 1.74405 1.66444 1.24426 1.02851 1.05143 1.97576 1.19994 0.93083 1.35664 1.33969 0.50083 1.21765 1.15821 1.05734 1.51061 1.46642 1.62485 1.19851 0.53976 0.62952 0.59171 1.46676 1.87923 1.18516 0.89023
0.78642 1.91633 0.86211 0.82377 0.71301 1.12372 1.29708 1.11067 1.21538 1.79129 1.68171 1.77744 0.93981 1.58134 0.67944 1.10356 0.72985 0.55041 1.77950 1.63678 1.35685 0.92533 1.83364 1.91080 1.61070 0.58989 0.57353 1.19862 0.69062 1.38470 0.73804 1.37884 1.87297 1.05901 0.80363 1.27017 1.76310 1.73326 0.69420 1.84943 1.05861 1.23792 0.69137 1.50575 0.64284 1.78930 1.12073 1.55943 0.94720 1.84448 0.93573 1.04286 1.86021 0.73219 1.40277 1.58139 0.56058 1.39188 0.91072 0.82763 1.65832 1.19235 1.34996 1.25724 1.09182 1.86531 1.16272 1.48297 1.51524 0.81837 0.90167 1.76655 1.68243 1.38854 0.77117 0.83539 0.50873 0.55967 1.15081 1.81130 0.83621 1.17048
0.52728 1.19861 1.45503 1.93796 1.90387 0.77944 0.65766 1.64611 1.89345 1.35665 0.53723 1.99175 1.21614 1.29547 1.45671 0.79388 1.71610 0.71176 1.95758 0.82549 1.12771 1.04375 1.35731 0.62145 1.64818 1.67062 1.41377 1.37122 0.79296 1.61373 1.65207 0.61137 0.72241 1.12952 1.48501 0.62089 1.45491 0.52318 1.71831 0.84625 0.78611 0.58439 1.13801 0.82112 1.37922 1.85141 0.90747 1.31227 1.40402 1.13619 0.76086 0.56275 0.68895 1.58904 0.99388 1.47993 1.97004 0.93224 0.85387 1.39125 1.67467 1.14495 0.80237 1.00065 0.69403 0.81910 1.01402 0.79494 0.68628 0.78243 0.56163 1.23384 0.97521 1.63925 0.64361 1.77421 0.62829 0.56217 0.62150 0.55446 0.75899 1.20998 1.90669
0.80371 0.90797 1.73645 1.34137 0.80262 0.54717 1.30740 1.65990 1.08413 1.00249 1.79658 1.17416 1.48384 0.55769 1.36308 1.64694 1.64385 0.95346 0.70419 0.55857 1.73533 1.14399 1.45631 1.61797 0.68527 1.75864 1.42981 1.87196 1.58040 1.47133 1.85606 1.14104 0.62002 0.81385 1.27381 1.11857 0.61758 1.00450 1.39377 1.91598 1.49365 1.40822 1.31557 1.84988 1.06634 1.89545 1.00307 1.67669 1.81580 1.08588 1.94658 1.36564 1.68162 0.91992 1.75284 1.98598 1.04981 1.93157 1.05069 1.15036 0.91051 1.81894 1.58106 0.94534 1.85434 1.89118 1.79206 1.46011 0.98924 1.26704 1.51913 1.47589 0.95053 0.80308 0.68317 1.69948 0.71317 1.26858 1.47558 0.58583 1.94467 0.58161 1.99974 1.07102
1.10732 1.91198 1.03815 1.42256 1.15139 1.45331 1.76344 1.55397 0.68699 1.03038 1.60349 1.10432 1.56721 0.88353 1.28875 1.51327 0.89880 1.23181 1.38636 1.47311 1.10881 1.64983 1.69102 1.66430 0.84255 0.70059 1.69151 1.91809 1.72213 0.82165 1.75311 1.51545 1.29716 1.67604 1.91593 0.65632 0.65099 1.23753 1.76061 1.75874 1.76032 1.23406 1.54112 0.90297 0.96240 1.63724 1.29405 0.95361 0.83136 0.92375 1.13237 0.70260 1.18067 0.54428 0.78901 1.38529 1.51767 1.04853 1.11647 1.41737 0.64676 0.67189 1.33958 0.87089 0.58480 0.62532 1.33609 1.69745 1.74512 1.25163 1.19569 0.74699 0.69664 1.47747 1.12559 1.49629 0.57867 0.89129 1.46388 1.42167 0.66671 0.89967 1.15039 1.32280 0.91567
0.83346 0.53864 1.94505 1.47283 1.91041 1.80948 1.71256 0.55489 1.42148 0.79516 1.64056 0.52915 1.57668 1.81446 0.69254 0.70669 0.75888 1.59797 0.60096 1.39595 0.63455 1.58056 1.65934 1.84345 1.20477 1.79231 1.73740 0.70431 1.43938 1.45240 1.28228 1.51792 0.90141 1.29857 1.59542 1.07522 1.20042 1.89284 1.44318 0.83621 0.97948 0.62857 0.79128 1.08543 1.13793 1.14753 1.75900 1.55389 0.55835 1.10556 1.74297 1.21284 1.63198 1.39832 0.88240 0.72538 1.81029 0.96920 1.67838 1.25421 1.59001 1.28994 0.92565 1.82066 1.22807 0.94591 1.51686 1.36571 1.80183 0.65908 0.79604 1.37178 1.59395 0.72233 0.85752 1.49203 1.08829 1.95603 1.13195 1.80582 0.71413 0.60385 0.92956 1.99479 1.88058 1.66212
1.61768 1.47939 1.07725 0.75141 1.02986 0.63565 0.52011 1.37158 1.09802 0.63511 1.37602 1.71210 1.88263 1.01176 1.53049 1.34437 1.31239 0.64923 1.81060 0.70755 1.73086 1.07159 1.82921 0.67864 0.88256 1.64502 1.60978 1.88306 0.63879 1.58585 1.75426 1.91212 1.91150 1.26031 1.66609 0.78033 0.53789 1.02471 0.75293 0.55938 1.93002 0.84331 1.01098 1.84189 1.54052 1.90625 0.60585 1.70963 1.52242 1.69113 0.65250 1.67531 1.22095 1.59856 0.64707 1.76205 0.69541 1.67940 1.65082 1.69846 0.97756 1.46726 1.46931 1.99703 1.16498 1.42343 0.51022 0.83718 1.26734 1.09198 1.49644 1.80365 1.95510 0.55641 0.98400 0.86358 1.67243 0.96425 0.92251 0.92099 1.13186 1.21581 1.64564 0.50886 0.51420 0.67711 1.06979
1.89210 0.75684 0.52898 1.70587 0.97889 1.90521 0.68737 1.80142 0.92188 1.03846 1.38384 1.04648 1.23504 0.93384 1.20855 0.66208 0.57167 1.48108 1.57267 0.67434 1.23512 1.07111 1.89159 0.69520 0.98377 1.21436 1.50638 1.69525 0.95485 1.53893 1.91261 1.05259 1.82112 1.93831 1.99464 0.61677 1.82685 1.21875 1.71963 1.28142 1.78434 1.00695 1.65984 1.80338 0.73262 1.19197 0.81616 1.39568 1.14744 0.81392 1.83490 1.89575 0.77078 0.78738 0.96060 1.80957 1.55110 0.94887 0.98583 0.86685 0.92051 1.14345 1.47247 1.75973 1.80196 1.91901 1.07800 1.66180 0.92504 0.55397 1.99437 0.55567 1.81025 1.69257 1.92131 0.84938 1.81641 1.77353 1.73619 1.02465 1.01755 1.51397 1.52116 1.60153 1.45622 0.76901 1.00499 1.64780
1.32457 1.32646 1.35720 0.78508 1.44331 0.89198 1.01810 1.66209 1.35285 0.65250 0.79895 1.93700 1.05377 1.33518 1.46134 1.74891 0.64276 0.96960 1.37386 1.60313 1.28416 0.66994 1.06772 1.50870 0.72328 0.62244 1.30314 0.83041 1.17841 0.87376 0.63624 0.53724 0.58335 1.39123 1.76657 0.96214 1.12567 0.58026 1.02710 1.89749 1.75800 0.56073 1.66902 0.81995 1.49620 1.97111 0.88391 1.49989 1.32351 1.79311 1.56033 1.74469 1.60196 1.14948 0.75177 1.51360 0.99668 1.94952 1.05824 1.36798 0.76008 1.43744 0.90499 0.84860 0.68916 0.78894 0.88425 1.47350 1.59599 1.95063 0.75389 1.91915 0.65847 0.75322 1.90110 1.48264 0.76637 1.92934 1.01940 1.24287 1.87192 0.88504 0.62331 0.95783 1.05294 0.73644 0.98371 1.79816 1.99953
1.29482 1.02327 1.22546 1.34573 1.80038 1.24176 0.77352 0.86694 1.99230 0.56320 1.95886 1.11729 1.34020 1.24338 1.61329 1.76025 1.32519 1.09809 1.21305 0.90009 1.18708 0.64703 1.64780 0.93752 1.67449 1.03644 0.61268 1.39165 1.43983 1.12686 1.09952 0.65050 1.00219 1.94234 0.55458 0.82905 1.22200 1.18961 1.68500 1.08446 1.94268 1.56933 1.95778 1.29254 1.27902 0.95702 1.27867 1.60294 0.66827 1.32674 0.56755 1.03594 0.59594 1.88939 0.73300 0.93978 1.33988 0.85835 0.59956 0.53346 1.67230 1.54225 1.15246 1.98573 0.58478 1.46439 1.74999 0.72417 1.54507 1.99376 0.71726 1.75331 0.78959 1.33701 1.71643 1.16927 0.75694 1.04728 1.35090 0.61695 1.65056 1.70590 1.40360 1.70897 1.86937 0.95934 1.90631 1.45573 1.96655 1.49108
1.18450 0.76139 1.82891 1.18223 1.24890 1.63792 0.86505 0.73304 1.43524 1.91347 0.52046 1.64747 0.94640 1.56704 1.47168 0.82617 1.59094 0.89782 1.47258 1.39016 1.85002 0.95967 1.45025 1.60890 0.85443 0.72176 1.16047 0.62771 0.51871 1.29885 1.68653 1.83565 0.86944 1.95488 0.82839 0.74141 0.92037 1.77814 0.80663 0.99040 1.57449 1.69569 1.51195 0.77768 0.55537 1.11651 0.77870 0.62362 0.62611 1.33470 1.31515 1.57317 0.64289 1.62905 0.62394 1.65479 1.22500 1.44345 0.65689 1.01444 1.67876 1.93162 1.96967 1.22612 1.35152 1.63248 1.94759 1.49785 0.80952 1.00185 0.90685 0.73795 0.88349 1.37873 1.01227 0.79226 0.56103 1.35677 1.80334 1.03431 1.29354 1.36863 1.89899 0.87125 1.23091 0.58660 1.59935 1.14518 0.89012 1.12164 0.61780
1.41947 1.39195 1.56590 0.97089 1.19944 1.86141 1.36622 1.40941 1.75305 1.13556 0.95469 1.43315 1.02175 0.86392 1.63083 1.60756 1.58380 1.97558 1.77610 0.58315 1.50625 1.65020 1.49215 0.90913 1.10319 1.26072 0.89853 1.62312 1.07698 1.05612 1.94243 1.79642 0.86296 1.89130 1.15524 1.50136 1.13259 1.20760 1.19233 1.90734 1.02967 1.95630 1.51775 0.58901 0.50329 0.66865 1.84706 0.90936 0.83387 0.86181 1.68458 1.87687 1.50881 0.63770 0.85908 1.78010 1.88252 0.56172 1.10794 1.51530 1.10170 0.77596 0.63729 1.87249 1.17398 0.52047 0.63213 1.24533 0.91895 0.72602 0.53644 0.56837 1.45566 1.22144 1.00776 1.85434 1.92815 1.66048 0.72125 1.89180 1.58122 1.70754 0.53875 1.69033 1.38566 1.26031 1.98908 1.77988 1.95906 1.27107 0.70042 1.57175
1.71218 1.84281 1.44176 1.52906 1.57524 1.63903 1.80310 0.65812 1.27584 0.53670 1.60431 0.79422 0.53164 0.61746 1.75602 1.14693 1.17786 1.95134 1.49526 0.52239 1.94470 1.68539 0.93592 1.21909 0.60120 1.42693 1.42724 1.08787 0.96934 0.74166 0.60696 1.82069 0.80226 0.95939 1.07223 1.39702 0.76375 1.16984 1.52121 1.28170 1.22129 1.38890 1.86276 0.70312 1.36236 0.83110 1.01432 1.21722 1.13604 1.52731 1.99798 0.99494 1.71134 1.24051 0.97523 1.10213 1.89977 1.62161 1.36104 1.65586 1.67588 1.63119 1.48417 1.29787 0.69252 1.14641 1.67873 1.44453 0.77612 1.48360 1.26121 1.75643 1.39991 0.85624 1.93791 1.20166 1.79908 0.67648 1.40067 1.13846 1.31435 0.65988 0.88871 0.60789 0.73471 1.99336 1.66801 0.94362 0.96309 0.93965 1.55063 1.02967 1.78365
0.73084 1.46067 1.79257 0.73742 1.17576 1.02077 0.91146 1.32408 1.97332 1.49831 1.51649 1.95089 1.61970 1.63746 1.73079 1.28829 1.35926 1.46175 0.79202 1.72103 0.62301 0.82018 1.95135 0.96000 0.56268 0.57935 0.57152 1.62991 1.39779 0.94930 1.10225 1.14698 1.90075 1.46411 1.09472 0.51037 0.61507 0.59658 1.31403 1.78484 1.22780 0.91897 1.72647 1.06075 0.85856 1.66702 1.61159 0.60704 1.87487 0.69686 1.34089 1.36971 0.65348 1.34928 0.51622 1.12482 0.85069 1.36013 1.70317 1.94896 0.70299 0.65288 1.60972 0.96751 0.69708 0.70307 1.31385 1.37513 0.65759 1.48899 1.36621 1.99872 1.15634 0.57754 1.37741 1.18345 1.97187 0.77541 1.10657 1.94832 1.45180 0.51871 1.64157 0.68197 1.49372 1.78569 0.83836 0.71725 1.78744 0.74760 1.23068 0.52784 0.53460 0.82694
0.91180 1.89004 0.71237 1.48684 1.46016 1.02973 1.14237 1.77576 0.75824 1.51663 1.87605 0.72831 1.23097 1.04494 1.35067 0.71236 0.70709 1.21780 0.92058 1.09996 1.51211 1.85175 1.11322 1.26360 0.65255 1.74305 0.96483 1.19715 1.85840 1.24769 1.09269 1.96668 1.02473 1.74593 1.53947 0.72220 1.50613 1.22128 1.61311 1.93826 0.88197 0.76293 0.65349 1.59585 1.22857 0.69173 1.74771 1.00291 1.74792 1.85237 1.46567 0.87398 0.81395 0.70092 0.66567 1.69984 1.68326 1.12571 1.22564 1.85043 1.83157 1.29568 1.21904 0.86472 1.18149 0.69194 0.73296 0.52077 0.66236 1.15438 1.62215 0.52692 1.57716 1.41792 0.72855 1.86005 1.32281 1.10726 1.42618 1.22199 1.08044 0.81048 1.48165 1.89441 0.75816 1.53947 0.70019 0.72983 0.61597 1.68764 1.91480 1.33514 1.61447 1.86077 0.68789
1.10501 0.59613 0.50455 1.91595 0.94091 0.74128 1.08343 0.76338 1.55414 1.59227 1.65239 0.54388 1.13670 1.73132 1.40325 1.46006 0.60873 1.43758 1.90404 0.94350 1.90999 0.80709 0.90647 1.93172 0.68887 0.56924 1.17417 1.34663 0.79528 0.91165 1.85161 1.09724 0.56889 1.48474 0.74009 1.32690 1.02478 0.62187 1.12590 0.57600 1.88543 0.76984 1.50405 0.95987 1.02480 0.66952 0.67236 0.75384 0.58604 0.71847 1.02899 1.26273 1.73832 0.60156 1.63874 1.41137 1.93285 1.32665 0.62821 1.44817 0.50135 1.58211 1.11637 1.97966 1.95222 1.84149 1.45005 1.23284 0.87469 1.34656 1.47274 1.37017 0.65110 1.12335 1.99343 1.95805 1.58664 1.42465 1.17298 0.72174 1.05040 0.67964 1.69347 1.03218 0.90290 0.99109 1.00568 1.07168 0.83031 1.13987 0.89926 0.76098 0.86741 1.49710 1.20798 1.13259
1.81884 1.71382 0.63024 0.98709 0.56247 1.43500 1.35561 1.53338 0.51326 1.87377 0.50197 1.34832 1.10239 0.54730 1.52558 1.46935 1.33800 1.86157 1.51641 0.91976 1.92983 0.53010 1.88513 0.61850 1.78280 1.52298 0.65258 1.23845 0.56879 1.75172 1.41327 1.85037 0.91829 0.99500 1.49926 0.69321 1.81643 1.10495 1.67497 1.76054 1.96377 1.66562 1.70331 1.09777 0.98253 0.84675 1.60716 1.33401 1.53222 0.78414 0.67722 1.91836 0.88208 1.83227 1.23719 0.68218 1.46356 0.83273 1.77723 1.34150 0.85218 0.63825 1.78204 1.52149 1.17248 0.73125 1.07038 1.92477 1.82205 1.02679 1.69662 1.16993 1.04389 0.80864 1.14128 1.88058 1.13917 0.61929 1.74572 1.89555 0.89228 1.00137 1.60644 0.74253 1.49242 1.73759 1.08444 1.48514 1.38333 1.52672 1.42889 1.09976 0.65872 0.54883 0.73347 1.05849 1.56268
1.81370 1.32812 1.89126 0.58352 1.78538 1.04937 1.99820 1.68371 1.03826 0.66067 0.68846 1.85870 1.00151 0.60199 0.95526 1.19409 1.85560 0.88033 1.14889 0.94645 0.88152 1.52403 1.11918 1.56036 1.00702 1.81433 1.77559 0.57937 1.00652 1.83121 1.38472 1.14016 0.86057 1.80350 0.93722 0.62022 0.82225 1.41376 0.67936 0.90849 1.52510 1.02146 0.84481 0.94708 0.87944 0.52993 0.53265 0.83141 1.15862 1.70022 1.01070 0.91871 1.96274 1.86056 1.50143 1.46538 1.17949 1.55015 1.92485 1.44561 0.60022 0.73165 1.46856 0.93497 1.20171 0.98336 0.88291 1.80949 0.83449 1.23122 1.68722 1.92377 1.42459 1.57054 0.89348 1.05760 1.13952 1.06707 0.71062 1.14620 1.96085 1.64271 1.88735 1.14970 1.62659 1.44503 0.68000 1.68510 1.13929 1.57852 0.97162 1.07627 0.82505 0.78802 1.33558 1.32533 0.84482 0.51860
1.48934 1.97971 1.17538 1.14304 1.76487 1.07926 0.53442 0.91419 1.42077 1.23137 1.89153 1.62588 0.64680 1.22222 1.45895 1.70781 0.91778 1.07157 0.80344 1.63352 1.94525 0.89436 0.57183 0.91054 1.88548 1.64225 1.08826 0.93332 1.45394 0.90057 1.59896 0.74276 0.83783 1.53443 1.85455 1.30990 1.89155 1.46076 1.04132 1.65851 1.95894 1.25250 1.97597 1.15852 0.69248 0.50537 1.30846 1.13770 1.53522 1.10043 1.11065 1.06611 0.79512 0.94345 1.62805 1.18164 1.46372 0.59218 1.81059 1.69934 1.06373 0.92038 1.75272 0.59031 1.23213 1.40637 0.78115 1.33899 1.25197 0.54605 1.23215 0.54820 1.39994 0.53115 1.57859 1.17981 1.64328 1.62131 1.87971 1.62356 1.77267 0.86025 1.88727 1.54209 1.82454 0.62731 0.67243 0.87922 1.07966 1.23392 0.76084 1.46548 1.95694 1.85375 1.91761 0.89404 0.73241 0.94589 1.34675
1.10057 0.57505 0.75297 1.82008 0.74814 0.72060 0.63230 1.45192 1.88726 1.89439 1.90136 1.22450 1.51986 1.42411 0.68054 1.42175 1.21842 1.40014 1.54892 1.49006 1.48943 1.33022 1.68499 1.24434 1.02799 0.50366 1.27761 1.94140 1.66757 1.47920 1.56438 0.91101 1.60447 0.94780 0.62452 1.30052 1.20767 0.80798 1.87604 1.16928 1.41037 1.20476 0.56696 1.48924 1.64451 0.99957 1.33232 1.76015 0.78392 1.87586 1.66307 1.68531 1.66613 1.06640 1.73616 0.97580 1.57708 1.61281 1.68023 0.81336 0.93605 1.84065 0.90724 1.15089 1.65010 1.02096 1.21029 1.96917 0.81275 0.54086 1.94292 1.51642 0.67622 1.96205 1.37416 0.58991 1.15077 0.73493 1.78348 0.99080 1.12098 1.89678 1.06671 1.43740 1.95663 1.88415 1.31754 1.22082 1.17353 1.53522 0.58182 1.10138 1.61777 1.24517 1.82642 1.66367 1.69313 0.59283 0.80779 1.47350

Best known: 1940.61
