151 151 2021
0 0.0 0.0
1066 -1.0 -4.0
841 3.0 0.0
74 -1.0 6.0
687 3.0 0.0
175 6.0 -3.0
183 -5.0 -1.0
124 -2.0 0.0
4 0.0 -2.0
81 4.0 1.0
56 3.0 -4.0
29 -1.0 -4.0
23 4.0 -4.0
4 -3.0 1.0
9 -1.0 3.0
7 6.0 2.0
181 -19.0 109.0
54 -14.0 115.0
884 -21.0 111.0
822 -19.0 107.0
637 -28.0 114.0
59 -26.0 108.0
140 -27.0 107.0
531 -17.0 109.0
58 -13.0 114.0
15 -25.0 116.0
11 -13.0 111.0
185 -24.0 108.0
159 -13.0 117.0
285 -28.0 115.0
4 -27.0 105.0
10 -15.0 115.0
3 -24.0 104.0
4 -26.0 104.0
11 -13.0 114.0
45 -15.0 117.0
4 -14.0 5.0
225 -30.0 18.0
286 -20.0 23.0
262 -19.0 15.0
4 -13.0 13.0
391 -11.0 17.0
54 -27.0 17.0
518 -33.0 10.0
815 -29.0 13.0
25 -13.0 25.0
29 -16.0 19.0
18 -18.0 26.0
588 -24.0 8.0
68 -31.0 20.0
480 -27.0 9.0
5 -20.0 14.0
16 -17.0 16.0
34 -32.0 4.0
5 -31.0 22.0
9 2.0 -108.0
22 1.0 -122.0
120 -10.0 -125.0
152 -1.0 -132.0
21 -13.0 -111.0
44 -16.0 -126.0
676 2.0 -127.0
17 -14.0 -122.0
764 -11.0 -113.0
13 -84.0 -43.0
6 -97.0 -27.0
718 -102.0 -58.0
52 -88.0 -43.0
11 0.0 -14.0
93 10.0 -16.0
398 -1.0 -13.0
48 4.0 -4.0
37 10.0 -5.0
3 3.0 -15.0
8 4.0 -8.0
406 13.0 -7.0
1086 10.0 -3.0
3 9.0 -4.0
52 -88.0 50.0
88 -105.0 53.0
28 -98.0 51.0
686 -102.0 61.0
25 -93.0 56.0
101 -97.0 51.0
4 -107.0 57.0
15 -30.0 3.0
445 -27.0 5.0
4 -25.0 -1.0
593 -31.0 2.0
327 -25.0 4.0
92 -30.0 4.0
21 -21.0 1.0
12 -22.0 3.0
44 -26.0 3.0
773 -27.0 6.0
4 -22.0 5.0
14 -30.0 9.0
783 -29.0 0.0
3 -29.0 0.0
500 19.0 1.0
390 8.0 6.0
64 15.0 0.0
90 19.0 1.0
8 12.0 -1.0
931 12.0 6.0
496 14.0 0.0
19 11.0 6.0
325 7.0 7.0
56 14.0 -2.0
20 11.0 7.0
338 14.0 4.0
5 19.0 7.0
17 30.0 34.0
222 29.0 28.0
6 35.0 26.0
4 24.0 24.0
8 105.0 19.0
164 109.0 35.0
96 125.0 22.0
6 115.0 9.0
630 129.0 14.0
4 121.0 11.0
115 115.0 14.0
645 126.0 15.0
187 134.0 18.0
260 120.0 25.0
5 14.0 62.0
9 24.0 77.0
9 22.0 69.0
4 26.0 76.0
17 28.0 59.0
167 12.0 67.0
1026 24.0 60.0
25 21.0 77.0
104 20.0 66.0
7 10.0 73.0
48 9.0 65.0
153 4.0 57.0
30 1.0 61.0
161 2.0 67.0
3 0.0 68.0
12 -8.0 63.0
4 -7.0 57.0
55 4.0 59.0
11 -29.0 -39.0
3 -23.0 -43.0
14 -19.0 -47.0
408 -26.0 -46.0
49 -22.0 -48.0
4 -21.0 -37.0
5 -29.0 -46.0

0.96137
1.24574 1.60037
1.98988 1.29989 1.89685
1.84885 0.89881 1.68365 1.59897
0.66326 0.70987 1.41463 1.11014 1.19381
1.01044 1.15634 1.76398 1.51588 1.03969 0.64749
1.42269 1.02101 1.52652 1.29203 1.40604 1.31997 1.92254
1.50539 1.69433 1.19402 1.79564 0.66949 1.72279 1.18179 1.93150
0.61506 1.07501 1.43273 0.55157 1.09336 1.72847 0.78003 1.80486 1.67743
0.64385 1.55471 0.71231 0.70128 1.98423 0.59631 1.88649 1.13640 0.52904 1.57363
1.00270 0.50660 1.94540 0.78685 1.62017 0.64716 1.38623 1.97393 1.32069 0.99161 1.26481
0.80189 1.38436 1.90734 0.50933 1.28494 1.95874 1.21606 1.53649 1.92261 1.18162 1.54707 1.63941
0.51891 0.54550 0.86844 1.30715 0.64488 0.61014 0.59277 1.00584 1.46423 1.84168 0.87847 1.29054 0.61858
1.95780 1.34086 1.69243 1.55007 0.81448 1.31491 0.67063 1.47135 1.80444 0.82528 1.88734 1.57194 1.62588 0.81348
1.88394 0.80433 1.34014 0.64956 0.72401 0.95419 0.77080 1.07112 0.91444 1.70953 1.21201 0.89055 1.06993 1.80044 0.77095
1.82419 0.58903 1.65502 1.76077 1.00806 1.45705 1.90296 1.27764 0.66133 1.99435 1.50748 1.98928 1.88563 1.78888 0.79760 1.31897
1.91497 0.88955 0.69507 1.10239 1.39352 1.08398 0.94918 1.71451 1.09171 1.65299 1.66776 1.95846 0.72700 1.67689 1.16057 0.55919 1.46423
1.08016 1.86884 1.16887 1.40258 1.70130 1.27918 0.98374 1.91962 1.91338 0.75784 1.29221 1.81398 1.98156 1.53689 1.83000 0.57248 0.89206 1.99782
1.59593 1.43572 0.62681 0.59360 1.21070 0.65803 1.05666 0.76209 1.45712 0.64059 1.50503 1.38847 1.41647 1.33495 1.70326 0.79412 1.94979 1.83542 1.08786
0.60751 0.65034 0.55893 0.92962 1.22055 1.77885 1.73780 1.73120 0.74740 1.12553 1.33518 1.41833 1.57106 1.56285 0.93993 1.26401 1.01065 1.27189 1.32894 0.54034
1.73120 1.29220 0.98102 0.94518 0.90734 1.98167 1.40166 0.82836 1.90849 0.74059 0.57023 0.91701 1.23184 0.67678 0.65295 0.61856 1.85839 1.83417 0.67201 1.19783 1.86971
0.98566 1.40496 1.37824 1.45885 0.96673 1.09981 1.16544 1.61007 0.97493 1.29593 1.88460 0.67068 1.50580 1.74342 0.69185 1.35759 1.11052 1.64723 1.21213 1.19432 1.92642 1.12979
0.51913 1.18731 1.09543 1.33819 1.01259 0.89308 0.87360 1.87663 0.84387 1.19436 1.39220 0.85605 1.82325 1.86454 0.71752 1.25913 0.61698 0.51953 0.76404 0.88229 1.71956 0.64364 1.84643
1.45496 1.76843 1.73595 1.70277 0.85378 1.41511 0.85413 1.52655 1.41194 1.44366 1.02351 0.75773 0.81005 1.63146 1.98733 1.68412 1.86004 1.01430 1.12213 1.18652 1.65330 1.39125 0.65483 1.17667
1.19665 1.97717 1.89993 1.73983 1.16103 1.00006 0.87784 0.55562 1.76842 1.79041 0.97247 1.00801 1.80394 1.30924 0.88415 0.83569 0.93304 0.68526 1.60904 1.02172 1.06706 1.32077 1.93412 0.73985 0.87478
1.59417 1.30178 0.88355 1.15691 1.85665 0.55315 1.40781 1.72417 1.25498 1.81017 1.13090 0.67163 0.97446 0.54259 1.67537 0.64084 1.06305 1.11929 1.71168 1.06704 1.85321 1.39366 1.30950 1.59391 1.74139 1.73411
1.97224 1.95363 1.87492 1.59609 1.69983 1.03500 0.72486 1.98399 0.61782 1.00089 0.96497 1.36069 0.84281 0.99284 0.69761 1.08917 1.64116 0.75028 1.84075 1.87656 1.49827 1.54127 1.93939 0.82564 1.22402 1.43885 1.02382
1.45816 1.47024 1.12573 1.98147 0.85203 0.71924 1.41534 1.60227 0.98934 0.77247 1.53546 1.91093 1.50678 1.83259 1.48899 1.68255 1.63358 1.18377 1.99652 1.28361 0.79694 1.56937 1.60365 1.50283 1.63541 1.50116 1.93703 1.10856
0.86492 1.70553 1.71523 1.10137 0.71689 0.84038 1.11631 1.84048 1.92608 1.04550 1.23854 0.56246 1.01727 1.67482 1.75792 0.87477 1.88080 1.07699 0.65603 0.72224 1.35716 1.56975 1.17935 1.34443 1.54410 0.63825 1.54996 0.51016 1.12712
1.96727 1.99029 1.68504 1.50142 1.93814 1.70970 1.34964 1.88052 1.62509 1.42346 0.98924 0.84282 0.63654 1.59140 1.55880 1.16634 1.27459 1.96257 0.93456 1.84591 1.59242 1.95680 2.00000 1.01194 1.62448 1.69425 0.53933 1.00633 0.56205 1.61291
0.97254 0.72643 1.84599 0.65883 0.67262 0.64902 1.02384 1.24591 1.55693 1.57052 0.56476 1.88613 1.41467 1.12996 1.65245 1.41351 1.53319 1.55572 1.66679 1.65620 1.53378 0.51471 0.90514 1.78678 1.78516 1.15647 1.82990 1.27372 1.93277 1.43477 1.84066
0.73456 1.90239 1.10633 1.75857 1.60909 1.68499 1.64261 0.97260 1.06145 0.78234 1.01032 0.67104 0.65582 1.06028 1.79631 1.64669 0.70378 0.71754 0.65127 1.31639 0.87002 1.83322 0.90709 1.71060 0.58942 0.61528 0.89184 1.70169 1.24113 1.01748 1.19940 0.93538
1.56914 1.28856 0.51899 0.87691 1.12516 1.09785 0.85110 1.63465 1.53432 1.25164 0.74226 1.87471 1.72755 1.40031 1.42091 0.68109 1.29968 1.27387 1.63767 1.54749 0.86987 0.52105 1.24567 1.46610 1.64755 0.88109 0.84018 1.15963 0.86279 1.11941 1.03421 0.87127 1.20884
1.39827 1.03096 0.84118 0.57559 0.86775 0.68206 0.61586 0.56984 0.92561 0.54118 1.59889 1.38055 0.97541 1.66894 1.21801 1.26335 1.37267 1.48165 0.88335 1.57682 0.91619 1.69942 1.38035 1.24978 0.70804 0.69445 1.06404 0.87130 0.93118 0.97345 1.91928 0.59687 1.34803 1.21221
1.41542 0.62914 1.73971 1.99113 1.72853 1.38960 1.42497 0.63477 0.99988 1.17592 1.08045 0.92676 1.77998 1.56252 1.97201 0.87004 1.92526 0.57333 1.28665 1.13363 0.82721 1.62311 1.27135 1.19380 1.61776 1.80523 0.58393 1.38934 1.17885 1.42791 0.93448 1.01552 1.25898 1.02132 1.79880
1.59040 0.77753 1.69964 0.93593 1.10099 1.59939 0.80022 0.55588 1.28687 1.29805 0.76553 0.83410 1.46850 1.21348 1.79135 1.97742 1.33608 0.87883 1.67965 1.86323 0.69043 0.65146 0.77368 1.92647 1.47630 1.94921 1.65642 1.10646 1.45902 0.56532 1.83541 1.02163 1.71810 0.93947 0.70812 1.59100
1.36421 0.60708 1.42122 0.75889 0.99342 1.72020 1.47872 1.75069 1.90827 0.76422 1.01266 1.93641 0.77716 1.88774 1.01450 0.93785 0.80215 1.65628 1.60514 1.87517 1.55890 1.89819 1.91197 1.05773 1.90540 0.61303 1.85445 1.18996 0.74133 1.36912 1.14253 1.99537 1.65214 1.59760 1.04546 0.62597 1.49186
1.36259 0.81446 1.03721 0.52151 1.49335 1.38964 1.64319 1.77593 0.94052 1.39554 1.01371 1.17878 1.85293 1.20529 1.04801 1.96814 1.75402 0.52819 1.42256 1.66705 0.81873 1.49937 1.83698 0.68455 0.73102 1.17367 1.96369 1.07373 0.61389 1.89235 1.27165 0.85774 1.73607 1.41606 1.96539 1.04679 1.43202 1.23121
0.77293 0.95924 0.58460 1.17190 0.76518 1.17125 0.80581 1.84746 0.87648 0.67792 1.18947 1.34018 0.75469 1.24988 1.77877 0.70493 0.70896 1.15505 1.58717 1.61537 1.96695 0.82919 1.32890 1.75533 0.52215 1.96554 0.99267 1.00287 0.82648 1.16002 0.82199 1.62646 1.06183 1.36807 1.41709 1.70317 1.56011 1.85177 0.71151
1.50042 1.47257 0.68538 1.27156 1.50650 1.79179 1.23508 0.81249 1.68701 1.40175 0.78405 1.18841 0.79921 1.06196 1.66224 0.87543 1.98038 1.25237 1.43595 1.58762 1.79312 1.13566 1.12764 1.77873 1.09031 1.74612 0.69573 1.32088 1.23282 1.86474 0.79689 0.59249 1.60629 1.19320 1.03515 1.99456 0.65964 0.83703 0.63316 1.97353
0.89669 1.30824 1.45359 1.14084 1.18261 1.87362 0.56010 1.49688 1.79840 1.92480 1.62616 0.58304 1.81291 1.45169 1.99408 1.64899 1.84924 1.35238 0.93713 1.36540 0.84522 1.63916 1.32821 1.32276 0.94747 0.93659 1.29375 0.89690 1.23808 1.06900 0.63260 0.72788 1.46556 1.10074 1.34380 0.94455 1.78395 0.73206 1.26206 1.91708 0.58785
1.42765 0.76076 0.83357 1.42115 1.52221 0.62660 1.06494 1.44803 1.64354 1.06925 0.76524 0.91824 1.49046 0.78545 1.52179 1.63818 1.93842 0.84666 1.89811 1.21943 1.49330 1.21745 0.62261 1.01090 0.80016 0.53046 1.89546 0.79667 0.86004 1.42029 1.65165 1.94816 1.64889 0.72901 0.75462 1.84537 0.79655 1.60515 1.70224 1.92937 0.61934 0.54427
1.54250 1.73079 1.67323 1.98763 1.34688 0.91941 0.58605 1.37914 1.08589 0.85124 0.65789 1.14723 0.87965 0.86347 1.70443 1.29917 0.61238 1.71343 1.00638 1.56862 1.86276 1.51090 0.63881 1.40069 1.78571 0.53586 1.54714 0.75880 1.85013 1.63513 1.74973 1.67856 1.97839 1.71389 1.69541 0.99301 1.82728 1.27205 1.03363 1.44361 1.80300 1.63866 1.81971
1.33659 1.89016 0.79293 1.50610 0.93723 1.52953 0.94402 0.50535 0.98669 1.51960 1.17136 1.53876 1.54120 0.66128 0.82265 1.65790 1.94210 1.29558 0.71457 1.68533 1.22918 1.70977 1.63596 0.87067 1.95385 0.66276 1.39976 0.74602 1.44512 1.97655 1.01484 1.31469 1.22775 0.63898 1.48144 1.63225 1.65078 1.91268 1.41550 1.92526 1.89861 1.01988 1.33507 1.25324
0.99223 1.72983 1.07777 0.50649 0.90726 0.87505 1.66107 1.96278 1.79030 1.83686 1.30822 1.14114 1.21539 1.69774 1.23044 0.72786 1.19374 1.96243 1.62727 1.22970 1.42088 1.66841 1.51247 0.67948 0.77530 1.37499 1.91116 0.84236 1.81259 1.37028 0.65701 1.39544 1.55621 1.19162 1.44333 0.71783 0.59866 1.04816 1.34172 1.07034 1.07653 1.15841 1.05757 0.89010 1.49060
0.51663 0.68971 1.97540 1.83863 1.90299 1.24702 1.94965 0.62901 0.62159 1.17393 1.41964 1.25708 0.68556 1.48131 1.97451 0.82783 1.91878 1.02957 1.63612 1.74257 1.31083 1.17760 0.74451 1.08748 0.91164 1.37178 0.93100 1.41326 1.05875 1.13455 1.27921 1.88014 0.55962 0.81209 1.87139 0.80832 1.16704 1.32739 1.87670 1.34257 1.98976 1.51667 1.97619 0.96993 1.58358 1.55805
1.58089 0.89517 0.98189 1.72651 1.21239 0.58147 1.57663 0.64708 0.76213 0.83890 1.11350 1.08386 0.88642 1.21036 1.79946 1.32276 1.76165 0.86418 1.58547 1.88299 0.96874 1.33972 1.97885 1.27351 1.77727 0.70103 0.89978 0.65730 1.11446 0.79911 1.57223 0.95655 0.68228 1.99484 0.87418 1.84170 0.84048 1.51029 1.43629 1.80653 0.83690 1.37254 1.22281 1.73475 1.48940 0.83800 1.52562
1.72628 0.71688 0.65667 0.89421 1.12663 1.55079 1.35426 1.28300 1.69455 0.95230 1.11185 0.81489 0.86789 1.27935 0.80054 0.97527 1.20408 1.17494 0.71908 0.79189 1.85811 1.19475 1.46639 0.75621 1.37216 0.70513 1.91325 1.86355 1.57601 0.91181 1.19511 0.87725 1.14711 0.51267 1.27301 1.26956 1.26085 1.29631 1.69528 0.92819 1.21469 0.93132 1.36880 1.54186 1.77306 1.46681 1.23166 1.79126
1.85655 1.75808 1.38673 0.75620 1.40383 0.63628 1.21156 1.03378 1.36287 1.24197 1.30562 1.26675 0.70386 1.79133 1.41888 1.06380 1.70341 0.62104 1.63204 0.85548 1.23044 1.71642 0.87668 0.69103 0.97046 1.70727 1.60372 1.46841 0.87620 0.72593 1.57426 1.38771 0.69661 1.34959 1.77638 1.47704 1.68533 1.87393 0.75520 1.15352 0.76141 0.62575 1.99849 1.17819 1.52546 0.79649 1.63996 0.62984 1.16642
1.29799 1.11131 0.84934 0.81820 0.73247 1.91567 1.37838 1.68301 1.53413 1.89389 1.35405 0.99284 1.33257 1.80379 0.51539 0.74421 0.61273 1.01360 1.65263 1.45561 0.70073 0.98758 1.90440 1.94028 1.63745 1.89427 0.55730 0.77505 1.24022 1.28888 0.51943 1.51908 0.64365 1.99528 1.60128 0.53335 1.30213 1.18595 0.69913 0.80202 0.82317 1.09752 0.53015 0.67157 0.73846 1.51416 1.29645 1.45257 1.68697 0.81972
0.90585 1.41330 1.51348 1.84735 1.42316 1.32482 1.15991 1.04659 1.62357 1.52959 1.82819 1.53874 1.61993 1.04701 0.69944 0.94363 1.03130 0.93414 1.24521 0.90487 0.75871 1.37876 1.06476 1.32219 1.63708 1.16618 1.35564 1.03464 1.06759 1.37661 0.96362 1.29989 0.61363 0.75883 1.99981 1.01677 1.77336 0.57526 1.08817 1.57913 1.14338 0.67171 0.93592 1.25963 0.92569 1.11417 1.69132 0.59203 1.63806 1.73839 1.84063
0.56386 1.09866 1.08450 1.18901 0.52590 1.84848 0.55767 0.51847 1.00087 1.65219 1.71489 1.05841 1.97401 1.76204 0.73488 1.44409 0.66957 1.28497 0.98881 1.05746 1.12384 1.98548 0.76462 1.99618 1.03395 1.79123 0.75582 1.25328 1.22378 0.56261 0.90391 0.57043 1.10873 1.31201 1.18650 0.64914 1.00267 1.75745 1.59572 1.68015 1.40629 1.69669 1.27310 0.69775 1.90724 1.76968 1.63448 1.26249 1.14365 1.75548 1.21832 1.57415
1.20953 1.42634 0.60963 1.53639 0.75434 1.33379 0.85086 1.59892 1.90853 1.50601 1.95517 0.98771 1.63669 0.54986 0.78766 0.85312 1.04733 1.94752 1.21239 1.75637 0.76846 1.43709 0.75739 0.62155 1.41164 0.67748 0.63716 1.29919 1.53963 1.80950 1.25388 0.52980 0.64885 0.65659 0.72607 0.65757 1.40956 1.08713 1.73186 1.67073 0.81540 1.17457 1.72694 1.74332 1.59537 0.99110 1.12290 1.83422 1.43680 0.93880 1.03208 1.27124 1.02485
0.65435 0.55281 1.57011 0.95616 1.52931 0.97790 0.81649 0.84687 0.67456 0.71136 1.11555 1.73006 1.10731 1.57557 0.50946 1.40885 1.79776 1.55040 1.55778 0.72330 0.93321 1.04647 1.50455 0.55620 1.66641 1.93670 1.38722 1.75177 0.66988 1.02236 1.48610 1.67752 0.58561 0.50003 1.29311 0.85139 1.61697 0.70255 1.12840 0.82357 1.81027 1.90286 1.99866 0.74147 1.31989 1.92796 1.69290 1.31596 0.75768 1.71014 1.03580 1.03373 0.58213 1.53537
1.06597 1.57719 0.72750 1.86497 1.53768 0.58052 1.01121 1.79312 0.59774 0.78633 1.77176 0.69987 0.58309 0.99258 0.70197 0.58012 1.02411 0.84221 1.41489 1.14549 0.92239 1.42078 1.25416 0.75304 1.25698 1.73805 1.58189 0.55209 0.51274 0.75945 1.09222 1.72465 0.91600 0.94205 0.63035 1.50267 0.58690 1.32479 1.98003 1.33838 0.72588 1.66373 0.59265 1.67541 0.66147 1.40543 0.80742 1.78090 0.90700 1.63499 0.74507 1.74825 0.83651 1.52435 1.21716
1.40884 0.53483 1.47905 1.05770 0.83196 1.79152 0.88324 1.21875 1.33346 1.90101 1.39607 1.98251 1.66741 0.71104 1.19478 1.08817 1.63064 0.65812 1.96266 1.40061 1.33763 0.95147 1.02520 0.88485 0.97002 1.55540 1.61738 1.87246 1.18415 1.16609 0.65873 1.35835 1.59708 1.81002 1.85808 1.62618 1.78810 0.50438 1.84082 1.88046 1.70632 0.50097 1.02009 1.56538 0.71972 0.56597 1.18292 1.78259 0.99664 1.28572 0.82295 0.55937 0.65070 1.09121 1.34266 1.50636
0.77286 0.66074 0.93076 0.58232 1.28517 1.03860 1.28004 1.32258 1.59742 1.49742 1.83732 1.09157 1.95471 1.97347 1.03197 1.71234 1.57073 1.08310 1.52884 1.82547 0.55804 1.50230 1.14254 0.55889 0.58929 1.49265 1.80743 1.19221 0.59940 0.91205 1.86398 0.85511 0.88115 1.15765 1.60126 1.33687 1.22193 1.73666 1.52519 1.46805 1.07035 0.77520 0.82851 1.70602 1.62891 1.31898 1.74510 1.84663 1.68641 1.84267 0.87013 1.62573 1.44558 0.61430 1.80465 1.28931 1.08092
0.69500 0.67336 1.57275 1.68068 0.80661 0.71488 1.54462 1.92734 1.60672 0.76586 0.93527 1.65834 1.41475 1.65983 1.39247 0.63892 1.75557 0.97046 0.63796 1.52605 0.53933 1.82828 0.95546 0.69125 1.15904 1.51170 1.87231 1.33429 1.21427 0.50875 0.91379 1.07646 1.67665 0.89847 1.99328 0.66573 0.80584 1.68930 1.32066 1.81772 1.95239 1.59274 1.51226 0.68795 1.41789 1.53918 0.67939 1.96321 1.16652 1.77802 0.96842 1.32479 1.32425 1.74079 0.88946 1.04228 0.91117 1.90650
0.80534 1.69292 0.84323 1.41401 1.75668 1.45936 1.56542 1.92148 1.18510 1.15596 0.72882 1.94320 1.39783 1.52058 0.66430 1.78950 0.59504 0.81968 1.09772 1.68227 1.41361 1.66570 1.42358 1.39566 1.60253 1.75874 0.76604 1.92252 1.26346 1.88807 1.76600 1.03350 1.14953 1.12401 1.27887 1.66836 1.99992 1.39030 0.59060 1.16196 1.05956 0.64462 1.81971 1.72896 0.89033 1.54090 1.90407 1.81670 1.52310 1.41712 1.26715 0.96011 1.17746 1.67089 1.16853 0.64457 1.52760 0.95382 0.54484
1.96622 1.02734 0.65297 0.64303 1.52454 1.95603 1.48290 1.16451 1.08091 1.50608 1.58739 1.38058 1.08894 0.67063 0.97110 1.31520 1.95104 1.06652 1.52558 1.11242 0.83174 0.80250 0.79944 0.88041 1.05251 1.99541 1.34735 1.39870 1.51403 0.81484 1.02336 1.02148 1.39793 1.04749 0.72255 1.34350 1.13641 0.72834 1.64894 0.56472 0.68027 1.40054 0.89011 1.19388 1.23358 0.60547 0.53072 1.31684 1.36828 0.53861 1.85510 1.18943 0.52665 0.62699 1.75079 0.83014 1.85878 1.74234 0.79534 1.08224
1.53534 1.41981 1.92165 1.01470 1.08388 1.85491 1.41727 1.03011 1.73501 0.51779 0.50028 1.23026 1.04832 1.55264 0.65135 0.94550 1.55826 0.50439 1.28116 1.97355 0.94534 1.33323 0.77750 1.41599 0.90150 1.29060 1.26573 0.77418 1.41832 1.87840 0.71917 1.63560 0.93240 1.04620 1.02870 0.83691 1.60790 1.12403 1.76917 0.91653 1.08160 1.08881 0.64639 1.19322 1.46662 1.61283 0.72042 1.40756 1.92359 1.87719 1.36456 1.43099 1.10499 0.59190 1.63377 1.00023 0.50503 1.30482 1.77354 0.65482 1.82541
0.81118 1.19487 0.60058 1.87835 1.05050 0.75467 1.64975 0.61599 0.98195 1.02942 1.64710 1.44805 0.53326 1.56353 1.96514 0.52557 1.12158 0.68978 0.57453 1.64505 0.62311 0.90912 1.21627 1.45952 1.48620 1.60507 0.93325 1.82134 1.22212 1.84195 0.57590 1.25491 0.85425 1.46439 1.66815 1.76530 1.55640 1.32508 1.05662 0.92758 1.28082 0.86227 0.69350 1.79294 1.68365 0.80073 1.71373 1.54972 1.73801 1.33492 1.84648 1.63524 1.13194 0.95557 1.45546 1.08406 1.82453 0.98160 1.19068 1.52279 0.71773 0.84394
1.14504 1.91071 1.68061 0.79609 0.73761 0.89832 0.59496 0.60408 1.38769 0.70499 1.59858 1.31135 0.76409 0.99171 1.18163 1.45910 1.86945 0.92712 0.81114 0.69764 1.49974 0.52876 1.40356 0.75168 1.61540 1.61026 1.26530 1.55006 1.41447 1.26459 0.94023 0.55516 1.76792 1.30830 0.61226 1.41379 1.73925 1.83956 1.18913 0.73248 1.74749 1.60767 0.95831 1.36524 1.57995 1.51791 1.04007 0.88399 1.11452 0.53076 0.96236 1.62134 1.27256 1.85353 1.68143 1.07124 1.51243 1.50732 0.82287 1.61549 1.84183 0.86307 0.66089
1.11781 1.68767 1.89269 1.81227 1.42766 1.02932 1.64350 1.22286 1.01173 1.45775 1.83001 1.43918 1.62244 1.85552 0.78711 1.48361 1.15375 0.91627 0.83473 1.15785 1.83227 0.56671 1.44245 1.78277 1.84640 1.10624 1.15495 1.72295 0.58003 1.62006 0.77906 0.51235 1.11306 1.41917 1.68842 0.69016 0.51996 1.48654 1.15299 1.87984 1.24767 1.17290 1.21371 1.83107 1.49375 0.70779 1.54194 1.50895 1.22437 1.55430 1.60173 1.62624 1.84584 1.55277 1.84354 0.87693 1.37849 1.58678 1.91917 0.55933 1.08002 0.82575 1.41677 1.39040
1.63328 1.41103 0.93994 1.90230 1.15022 1.89497 1.46200 1.66998 1.16170 1.99780 0.59030 1.90118 1.29933 1.48182 1.87566 0.54150 1.91531 1.73694 1.84612 1.15967 1.70690 1.99585 0.63204 1.50514 1.64975 0.65329 0.67726 1.48043 1.19758 1.69101 0.64619 1.04334 1.19373 1.42163 1.92187 1.67911 0.59949 0.89929 1.61494 0.55622 1.51566 1.21090 1.61203 1.61292 0.52563 1.74731 0.73321 1.76798 1.60586 1.38480 1.32228 0.63463 0.73897 0.74424 1.34107 1.84723 1.45657 1.89691 0.76678 1.39294 1.45101 1.86707 1.92136 1.70137 1.86212
1.75407 1.37157 1.21761 1.30132 1.85692 0.98271 1.83294 0.72178 1.14091 1.35370 0.85580 1.13172 1.57684 1.18402 1.64509 1.56118 1.15091 1.07428 0.70855 1.30795 1.73107 0.62458 0.51218 0.91401 0.78762 1.73175 1.30085 1.89861 0.66603 1.10205 1.19793 1.54497 1.57472 0.87299 0.55415 1.35063 0.87548 1.84713 1.16894 0.85552 0.80216 0.63021 1.55355 1.62059 1.78371 1.05158 0.57725 1.78030 1.95364 1.33428 1.06904 1.26711 1.71779 0.57725 0.88143 1.45606 1.17807 1.73919 0.65131 1.95270 0.54357 0.78375 0.89728 1.55768 1.36506 0.64074
0.92925 1.85620 1.57643 0.78200 1.77049 1.83158 0.98247 0.96896 0.92800 1.52455 1.67659 0.63198 1.22479 1.89036 1.75497 0.89907 1.21059 1.38199 1.34813 1.04091 1.85808 1.55628 0.83835 0.59636 0.64204 0.89578 1.72277 1.96453 1.41281 0.70839 1.10173 1.71643 1.98874 0.66285 1.74853 1.21567 0.74316 0.71977 0.98173 1.06515 1.62019 0.57601 0.85267 0.53676 0.64960 0.88790 1.96809 1.49230 1.32620 1.86920 1.16808 0.80429 1.60678 1.48331 1.51379 0.60039 1.69236 0.68575 1.19804 0.50412 0.70092 1.56928 0.84521 0.72913 0.69483 1.76570 1.43432
1.14591 1.22547 0.68171 1.99414 0.78173 1.34863 0.82526 1.60283 1.18294 0.81955 1.99003 1.36192 0.86466 0.74912 1.62032 1.30283 0.57574 1.92999 0.86394 1.86018 1.72943 1.80176 0.70777 1.21454 1.49799 1.73924 1.83238 1.43724 1.86232 1.86559 1.33789 1.62347 1.11898 0.83301 0.86482 1.22791 1.39685 0.73512 1.71916 1.80653 0.86441 1.61617 1.50490 1.14380 1.02528 0.57414 1.04092 1.09971 1.01945 1.67845 0.60237 1.19100 1.83350 0.85041 0.62862 0.80848 1.01901 0.91604 1.25741 1.98742 1.71793 0.66700 1.08543 1.88968 0.73070 1.95676 1.69983 0.54409
1.12458 0.69113 1.28164 1.79054 1.52065 0.62189 0.92984 0.63140 0.54230 1.35282 1.37099 0.60359 1.29749 1.13749 1.90548 0.64644 1.74603 1.48334 1.89606 1.05667 1.54844 1.09365 1.68268 1.40970 1.45894 1.45969 0.95978 0.64626 1.65073 1.73040 1.27006 1.87236 1.23621 1.38996 0.97835 1.48015 1.82691 1.23723 1.76207 0.68046 1.73261 0.98698 1.77889 1.13717 1.81562 1.06121 1.65640 0.55883 1.56546 1.11344 0.97527 0.66377 1.14307 0.69102 0.97507 1.59400 1.72171 1.01682 1.18345 1.01436 1.61326 1.77581 0.64314 0.71744 1.99581 1.08963 1.41387 1.44644 1.30594
1.59005 1.21174 0.83035 0.89187 1.61869 1.12746 1.75851 0.94380 0.61896 0.64856 0.59511 1.50643 1.91861 1.76533 1.15031 1.52839 1.47505 0.81585 1.59684 0.89429 1.53287 1.21868 1.77780 1.89758 1.00963 1.15768 0.90668 1.07569 1.36037 1.08407 1.33848 0.52193 0.60432 1.85587 1.00748 1.50761 1.04843 0.69232 0.70238 1.98553 1.83056 0.75570 0.71723 0.98679 1.61752 1.32445 1.83145 0.58696 1.20245 1.39525 0.94937 1.46829 1.44090 1.77237 0.95636 0.54905 1.41852 1.99679 0.81256 1.46479 0.63170 0.76536 1.54654 1.68594 0.54481 1.15356 0.52296 1.17247 1.66850 1.67639
1.21453 1.76795 1.56408 1.40975 0.75066 1.74531 0.67965 1.89178 1.43121 1.62439 1.24118 0.74492 0.78497 1.08221 0.98071 1.69392 1.09770 1.73698 0.89378 1.22363 1.83060 0.71392 0.64890 0.92351 1.58624 1.03868 0.51057 1.99232 0.59591 0.63537 1.97497 1.82706 1.27121 1.04157 0.86872 1.65327 0.88086 1.20453 1.15089 0.79571 1.50317 0.67593 1.22629 1.49910 1.43573 1.69154 1.27120 1.99904 1.08436 0.57183 0.51647 1.84382 1.79040 1.51152 0.55484 1.29195 1.14407 1.55476 1.07056 1.95729 1.20448 1.93822 1.43597 0.54650 1.43328 1.15621 1.05777 0.94044 1.71252 0.80629 0.96058
1.21567 1.93904 0.58887 1.98449 1.93793 1.65849 0.83170 1.75471 1.23770 1.52065 1.65097 1.34213 1.33766 1.02928 0.89836 1.37517 0.51137 1.90578 1.72770 1.29655 1.59935 0.51972 1.67841 1.20911 1.07329 1.24503 1.81788 0.71915 1.08467 1.21203 1.95730 1.21470 1.10485 1.42477 1.93219 1.13906 1.70824 0.76348 1.72918 1.39244 1.99233 0.66462 1.39761 1.35521 1.63078 1.68898 1.48329 1.96560 0.90757 1.73030 1.98897 1.30684 1.77115 0.77333 1.47786 1.28605 0.95219 0.87126 1.03888 1.29474 1.77555 1.73617 1.72942 1.81876 1.86811 0.61515 0.55165 1.02326 1.51327 1.05855 1.56026 0.70821
1.33992 0.67291 1.54619 1.96666 0.71280 1.93250 0.52238 0.81796 1.33339 0.99738 0.86002 0.65984 1.28688 1.70090 1.59386 1.13863 0.98040 1.76774 0.78798 1.18655 1.86535 1.19633 1.29536 0.81239 1.92608 0.77156 1.40285 1.57250 1.81334 1.76697 1.63073 0.68815 1.74008 0.99793 1.30835 1.59390 0.98043 1.30924 1.69563 1.22906 1.62766 1.53245 0.58750 1.68077 0.88917 0.94930 0.77338 1.93144 0.80999 1.81448 1.79140 1.48486 1.11242 1.80347 0.90825 1.62467 0.80855 1.85601 1.51311 0.55950 1.16680 1.42026 1.58466 1.90604 1.45918 1.21958 1.23704 0.53798 1.26130 1.70645 1.14981 0.99428 0.54882
1.68038 1.39063 1.46215 0.93100 1.63638 1.79349 0.79527 0.70848 0.75710 0.88756 1.57475 1.16982 0.63403 0.97321 0.91229 1.77506 0.61416 1.45639 1.89875 1.86409 1.28322 0.88212 0.70695 0.73685 1.09235 0.90760 0.99553 0.54492 0.84217 1.98310 1.15908 1.19188 1.82442 0.61050 1.53147 0.58875 1.10578 0.59054 1.26123 0.71093 1.13612 0.63038 1.62580 1.16095 1.81717 1.72346 1.47382 1.91834 0.63682 0.79090 0.66033 1.24111 1.31743 0.66393 0.91972 1.75162 0.71263 1.79096 0.59428 0.93275 0.59691 1.86938 1.41965 1.07687 1.38855 0.73554 0.90254 0.75735 1.13112 1.13448 1.30385 1.77908 0.77548 0.75158
0.53800 1.57475 1.51275 0.88295 1.63178 1.79838 1.78640 1.88560 1.15853 0.92231 1.61088 1.61578 0.50897 1.88379 1.88423 1.34070 1.15442 1.46284 1.72117 1.42278 1.08442 1.75269 1.70827 1.97844 1.59755 1.91667 1.39365 1.02015 1.89054 0.66790 0.99865 1.34836 0.85561 1.41453 1.59772 1.68164 1.88070 0.62882 0.68505 1.01832 1.34019 1.93960 1.18264 0.55731 1.37240 1.57171 0.85224 1.04812 1.56037 0.59712 1.93045 1.45695 1.53732 1.77977 1.16004 1.10609 1.89104 1.97962 1.06995 1.45955 1.29518 1.35572 1.77222 1.97558 0.51639 0.91774 1.22038 0.65126 1.62374 0.68171 0.97533 1.31486 0.83329 0.52345 0.59616
0.69652 1.90039 1.71061 0.85899 1.27601 1.09901 1.15944 1.10133 0.56164 0.88232 1.23392 1.06994 1.22842 0.91812 1.47994 1.47723 1.56960 1.11218 0.91391 0.65159 0.77426 1.74174 1.61606 0.58892 1.25647 1.43801 1.39341 1.91405 1.76410 0.91458 0.57495 1.39360 0.79247 1.64761 1.43199 1.01374 1.88497 1.63221 1.56653 0.89771 1.56658 0.93802 1.88729 0.77049 1.72411 1.81928 1.53030 0.84025 1.29124 1.44725 0.87074 0.52304 0.73277 0.54476 0.82863 1.19453 1.80565 1.91810 1.67633 1.58866 1.23389 1.06437 0.59381 1.28018 0.76194 1.18381 0.61855 1.61235 1.35396 0.78647 1.67548 1.85717 1.16338 1.09678 1.17850 1.97702
0.91307 1.28113 0.89210 0.95685 1.76748 1.42880 0.78660 1.78006 1.71656 0.63409 0.62891 1.46421 1.49613 1.49935 0.54527 0.61349 0.62977 0.83574 1.05043 1.50660 1.51559 1.43809 0.66408 1.12498 0.69183 0.81409 0.63055 0.83173 0.52290 0.59612 0.58170 1.56527 0.81783 0.73674 1.56466 1.86254 1.71696 0.58047 1.30576 1.80318 0.72265 1.59795 1.82789 1.77252 1.43866 1.81338 0.92256 1.71291 1.77326 0.72975 1.10564 1.19824 1.65744 0.89771 1.95845 1.78464 0.96398 0.90023 1.47130 1.94536 0.67207 0.53042 0.64020 1.17880 1.99563 1.97528 1.92694 1.53343 0.76115 1.03940 1.18556 0.57049 0.84680 0.94923 1.64499 0.54495 0.51136
1.91164 1.75721 1.82646 1.65768 1.26645 1.26894 1.27647 1.07792 1.76050 1.12795 1.68796 0.60989 1.55887 0.93916 0.54448 1.10364 1.29445 1.11275 1.45575 1.71580 1.15466 1.23486 1.64271 1.98282 1.74850 1.24855 0.63998 1.32012 0.61389 1.98677 1.51075 1.53690 1.40376 1.31185 1.24597 1.99542 1.96531 1.18008 1.85282 1.50038 0.56997 0.52129 0.93581 0.76788 1.36439 0.99225 1.81343 1.26480 0.90647 1.30650 1.36227 1.55589 1.88930 0.91796 0.64525 1.42494 1.48929 1.87237 1.23494 1.30588 1.77018 0.71457 1.84013 1.23299 0.87765 0.84767 1.56359 1.07023 1.39022 1.85910 0.71006 1.05968 1.96152 1.72358 1.14771 1.07231 1.62360 1.67766
0.70618 1.30328 0.80921 0.90131 1.26753 1.19306 1.87629 0.89583 1.25650 1.33616 0.75371 1.36431 0.74877 1.75855 1.74784 1.34180 0.71928 1.95791 1.16416 1.76211 0.69537 1.45278 1.52467 1.13797 1.97213 1.28591 0.65171 1.27719 0.99164 0.62475 1.41784 1.57992 1.71722 1.38735 0.90415 1.18517 1.84074 0.91098 0.93200 1.52370 1.02318 1.12913 1.89663 0.52611 0.56936 1.66323 0.90871 0.53721 1.10594 1.98874 0.92533 1.44617 1.50673 0.74280 0.86445 1.43638 0.69672 1.26206 1.27853 1.96464 1.35582 1.07575 1.27319 1.79125 1.76063 1.69318 1.94266 1.20644 0.99642 1.66927 0.70926 1.60152 0.98231 0.55665 0.94907 0.65472 1.78670 1.27102 0.87019
1.15938 1.59754 1.70447 1.22994 1.67407 0.89705 1.15538 0.66670 1.81471 0.89987 1.47184 1.49879 1.39585 1.95089 1.79956 1.58994 0.99624 1.68183 0.84878 0.94624 1.24934 1.32441 0.86783 1.27996 1.22703 1.37020 1.49926 0.51253 1.96626 1.10159 1.50773 0.52994 1.27238 0.87460 0.56311 1.22777 1.09990 0.66857 1.19977 1.50817 1.73842 1.57823 1.49461 0.98343 1.12487 1.42436 1.81189 1.04052 1.22515 1.18718 1.00756 0.81333 1.89010 1.07415 0.79040 0.87475 1.18340 1.63282 1.26212 0.65633 1.56771 1.31123 1.86530 1.36876 1.27752 1.46016 0.61069 1.53277 0.70686 1.61736 1.63704 1.37857 1.05683 1.61527 1.82969 1.42319 0.77780 1.73888 1.21322 1.97589
0.92699 1.98211 0.83616 1.23333 1.44762 1.16737 1.09179 1.06963 0.63019 1.86835 0.72458 0.67076 0.90665 1.37868 1.43598 1.75035 1.70643 1.32743 1.31705 1.09653 1.46078 1.09795 1.33565 1.20017 0.54097 1.52721 0.72307 1.93028 1.40810 1.35811 1.98556 1.18171 1.24528 0.75682 1.86189 0.52772 1.93242 1.89379 0.75898 1.04409 1.77274 0.79279 0.60833 1.88292 0.83568 1.03725 0.97062 1.37164 1.67785 1.34108 1.73342 1.75213 1.97861 0.98300 1.40462 0.92824 0.54495 0.81864 1.69993 1.43357 0.66690 1.66233 1.60292 1.73950 1.24660 1.63609 1.96688 1.95756 1.21755 0.79736 0.96888 0.70452 1.65259 0.93392 1.86727 1.79945 0.71684 1.02227 0.99341 1.44439 1.17326
1.52561 1.56611 0.81992 1.03447 0.81500 1.26768 1.35845 1.42612 1.24641 0.57982 1.60734 0.59875 0.99536 0.62828 1.00823 0.57029 0.97328 1.42018 1.77331 0.97034 1.87252 1.71285 1.12041 1.74780 1.55187 1.31972 1.55610 1.51793 0.55842 0.93845 1.82900 1.20296 1.61056 1.35969 0.57958 1.55318 0.73626 1.08438 1.48185 1.80975 1.66236 1.79123 1.93492 0.63418 1.06167 1.14907 1.70142 0.66865 1.79826 1.23872 0.55292 1.79981 1.59836 0.54225 1.21778 1.53701 0.50741 0.98529 0.79669 1.76134 1.38098 0.55739 1.99441 0.93281 1.67407 1.64023 1.59729 1.60732 1.88902 1.28327 0.89283 1.01338 0.76470 0.52729 0.85425 0.53908 0.57448 1.48642 1.41893 0.70584 1.93303 0.73659
1.06732 0.61680 1.98606 0.71788 0.65479 0.71019 1.73929 0.92414 1.18179 1.02681 1.91569 1.93977 1.40470 1.46560 1.43906 0.58340 1.72085 1.86671 1.37778 1.29170 1.45056 1.04948 0.91413 1.47052 1.99781 1.37650 1.20898 1.22598 0.67537 1.67072 1.93028 1.50876 1.32407 0.55052 1.75299 1.24226 1.71231 0.80629 0.50988 1.25394 1.68090 1.73807 1.93885 1.45535 1.04153 1.64517 1.03301 0.71598 0.63957 1.27592 1.18313 0.60243 0.57404 0.55442 1.04527 1.33083 0.68254 0.96483 0.57931 1.47612 0.61684 1.80475 1.42474 0.66110 1.90806 1.44870 1.44078 1.53283 1.67566 1.49733 1.93367 1.11929 1.14243 1.91015 1.02382 0.67708 0.90337 0.93636 1.48103 1.00497 0.88324 1.14893 1.18824
1.93571 0.70018 0.74119 1.01716 0.52127 0.51163 1.59213 1.11797 0.53949 1.98556 1.14851 1.82274 1.43767 1.79319 0.93824 0.75005 1.07850 0.93246 1.95508 1.50781 1.00625 1.57407 1.20462 1.93930 1.95235 1.81160 0.86239 0.74141 0.86822 0.78723 1.22286 1.42793 1.66998 1.37231 1.63952 1.85414 0.78854 1.12190 1.10884 1.87323 0.59218 1.90120 1.03732 1.43209 0.53059 1.11827 0.62000 0.53997 1.88121 1.67042 0.54528 0.58724 0.81402 0.82922 1.22919 1.66564 1.51555 1.22192 1.64575 1.72989 1.47763 1.05538 0.63583 1.39157 1.26941 1.48311 1.13861 1.95426 1.07894 0.55177 1.60166 1.65163 1.21922 1.02307 0.66056 0.80021 1.46643 1.16736 1.14133 1.40268 1.18852 1.65587 1.64023 1.29797
1.05645 0.83791 1.90831 1.81768 0.60348 1.67760 1.58934 1.18272 1.08129 0.94917 1.86664 1.90037 0.94563 0.80423 1.52637 0.95356 1.41123 0.78999 0.61311 1.34305 1.32943 1.48132 1.74400 1.37334 0.89350 0.76619 0.83667 1.54401 1.20123 1.94039 1.33428 1.11840 1.65780 1.67322 0.85815 0.70646 1.93511 1.66727 0.66309 1.21646 1.57202 0.70817 0.77135 1.79492 1.44297 0.71092 1.40942 0.54785 1.97714 0.66823 1.44914 0.67432 0.65142 1.50256 0.81869 1.68798 1.42467 0.62681 1.14139 0.50727 1.83859 0.85576 1.16305 1.91849 0.93817 0.66016 1.90713 1.86102 1.46841 1.75598 1.24879 1.26109 1.53704 0.57119 1.53675 1.00472 1.59987 1.92239 1.32980 1.68837 1.41774 0.74677 1.98740 1.66969 1.47245
1.79561 1.82034 1.68617 1.82334 1.80730 1.68703 1.07574 1.00257 1.45636 0.73639 0.74226 0.53553 1.93352 0.55238 1.24057 0.61550 1.77506 1.21763 1.21090 1.75088 1.49204 1.57687 1.61313 0.65348 0.55326 1.68822 1.21809 1.73344 1.46907 0.91921 1.65500 0.55516 1.48124 1.44738 0.52078 0.80681 1.30400 1.51613 0.80228 1.64065 0.86406 1.67570 0.50458 0.94896 1.21531 0.90430 0.76814 0.94500 0.89778 0.60403 1.54113 1.34271 1.39639 0.66842 1.33957 0.79949 0.96943 0.81101 1.57617 1.49106 0.65559 1.77936 1.93212 1.64836 0.99632 0.78064 1.95197 1.24701 1.96586 0.93036 1.35584 1.73775 0.81953 0.66016 1.44165 1.72521 1.07586 1.57657 1.08557 0.87034 0.79591 1.45804 0.55436 0.69719 1.23319 1.94415
0.86609 0.75176 0.68409 1.23002 1.56176 0.66089 1.47086 0.66416 1.61875 1.43942 1.72422 0.50497 1.57899 1.19049 0.78485 1.71837 1.13685 1.77337 0.96373 1.90940 1.03593 0.97977 0.89430 1.11545 1.81170 1.43804 1.30184 1.05704 1.73221 1.91280 1.67263 1.32146 0.80511 0.53035 1.06396 1.84975 1.11235 0.76273 1.78743 0.59551 0.79736 0.81272 1.83815 1.43885 1.88549 1.18367 0.80246 0.95369 1.95207 0.90021 1.64891 1.70559 0.84823 1.36984 1.46878 0.99300 1.21396 1.26629 1.66439 1.92857 1.22106 1.61956 0.62104 1.45536 0.54119 0.50800 1.09609 1.45606 1.54899 0.62918 1.87830 1.88191 0.74501 1.43618 0.64121 0.79833 1.59898 1.09778 1.95642 1.67386 0.91575 1.22627 1.90710 0.98901 1.61791 1.17208 1.92049
1.74862 1.70357 0.82947 0.86064 0.76423 1.44351 0.96133 1.17801 1.33269 1.07819 0.83343 0.84419 0.93799 1.48633 1.84596 1.11182 1.99004 1.76393 0.94729 1.44845 0.84787 1.62098 1.48734 1.63006 0.53267 0.99710 1.46124 1.66190 0.95395 1.41756 1.58684 1.10614 0.82787 1.05725 1.86315 1.07145 1.06091 0.93368 1.23529 0.63771 1.15440 1.38799 1.50399 1.09163 0.70643 1.56826 0.74302 1.61445 1.64141 1.49641 1.91657 1.46631 0.91092 1.35096 0.66924 1.15868 1.77325 0.80530 1.29462 1.25603 0.58739 1.71032 1.70836 1.08471 0.94162 0.54188 0.73409 0.52175 1.89420 1.01433 1.84571 1.50589 1.08712 1.83185 0.52244 0.91175 1.45506 1.35855 1.72973 1.11428 1.40703 1.67406 1.30419 1.79485 1.56777 1.14382 0.95076 1.66154
1.67759 0.67074 0.96962 1.29537 0.58027 1.73933 1.11620 1.22020 1.27948 0.53807 1.85665 1.58381 1.12271 1.55739 1.55077 0.53057 0.77545 0.83904 1.51884 0.88456 1.98760 0.91529 1.64550 0.59815 1.72546 1.67994 0.78134 1.34308 0.94264 1.32686 1.07057 0.82777 0.60095 0.93549 0.66846 0.58915 0.70600 1.99498 1.61267 1.66404 0.87556 1.56464 1.95943 1.95411 1.37030 1.05568 0.53809 0.86178 1.66564 0.76138 0.81300 1.43249 1.84440 1.06325 1.79999 1.49180 1.03787 0.67212 1.15639 1.01430 1.50181 1.23546 1.15253 0.51768 0.73644 0.93358 1.12600 1.16761 1.61764 1.23020 1.87095 1.36427 0.87341 0.86930 1.20099 0.95071 0.91052 0.96499 1.44505 1.31855 1.73909 0.97742 1.81570 1.27915 1.94575 0.57539 1.96473 0.59520 1.61783
1.45168 1.54066 1.32020 1.67242 0.53858 1.81672 1.84043 1.49568 1.44636 0.87002 1.66573 0.73856 1.89790 1.92270 1.19629 1.48816 1.49293 1.89166 0.70619 0.88950 1.03109 1.42113 0.85438 1.47959 1.29611 0.59772 1.18152 0.93650 1.55760 1.73793 1.00835 1.96578 1.54343 1.43667 0.61273 1.63592 0.54439 0.77962 1.83278 0.94616 0.79172 0.74600 1.49668 1.54118 0.50656 0.91125 0.86998 0.59910 1.96482 1.09556 0.79338 0.90157 1.59813 1.19053 1.24177 0.93212 1.95680 1.69485 1.58054 0.88045 1.75973 1.05650 1.06068 1.45632 1.67618 0.73766 1.42952 1.44523 1.82909 0.70565 1.89009 0.74692 0.66801 1.74331 1.39432 1.43801 1.65737 1.67983 1.58453 1.67390 1.73985 0.70180 0.78411 1.13767 0.97385 0.68627 1.85550 1.41006 1.72209 1.67892
1.96604 1.96431 0.84234 1.30264 0.95108 0.55297 1.41757 1.41915 1.26182 1.26131 1.12093 1.81068 1.14856 1.13842 1.49746 1.29523 1.49429 1.74140 0.98262 1.91670 0.67356 0.59359 1.81631 0.69744 0.52314 1.95993 1.98431 0.89375 0.53602 0.76597 1.66588 0.93361 1.72548 1.83882 0.80296 1.60706 0.83153 0.52990 0.59698 1.05569 0.88187 1.73537 1.64957 1.13166 1.17608 1.61049 1.28928 1.39524 0.88036 1.11885 0.58149 0.89952 0.66416 1.35745 1.32635 1.59110 0.77732 1.77979 1.91017 0.85988 0.88859 1.07533 1.49534 0.66191 0.87023 1.99983 1.21543 1.89610 1.94291 1.87454 0.82099 0.58018 0.71109 0.55348 0.79937 0.50191 0.78681 1.37625 1.64496 0.93272 0.75383 0.84727 0.81275 0.58493 0.72844 1.92587 1.50324 0.95537 1.71382 1.91170 1.92714
1.96099 1.34499 1.39281 0.93375 1.69351 1.35857 1.33327 1.50405 1.86361 0.54284 1.00157 0.99072 1.07920 1.21752 0.92923 0.64892 0.85706 1.80598 0.84045 0.67129 0.92361 1.87497 0.65295 1.49721 1.42049 1.00551 0.81655 0.80910 0.72019 1.79464 1.37060 0.88242 0.52807 0.67148 1.08152 1.14381 0.74853 1.14752 1.82744 1.35770 1.75947 1.37316 1.68680 0.83573 1.34656 0.87546 1.02247 1.08534 1.55672 1.54194 1.31764 0.70678 1.60903 0.69989 1.76747 1.28596 0.96249 1.51303 1.31348 1.20881 1.07958 1.64927 1.32537 0.80962 0.77325 1.25294 1.28360 1.96213 0.75438 1.55972 1.08175 1.22281 1.33065 1.31909 0.52130 1.66232 1.44588 0.55697 0.65176 1.97600 1.27316 1.98886 1.77592 1.59222 0.50026 1.34486 1.51292 1.75251 1.38318 1.19820 0.87832 0.77527
1.15815 1.44741 1.78312 1.62909 1.70057 0.74870 1.76777 1.24501 0.92709 1.88381 0.61533 0.88300 1.51796 1.07794 1.06992 1.12298 1.24262 1.11363 0.62502 1.76096 1.52879 1.12822 1.58949 0.60659 0.82948 1.62767 0.73726 0.53118 1.55195 1.13373 0.83663 1.40591 1.34258 1.79158 1.93458 1.82735 1.88965 1.66203 0.96715 0.58940 1.73787 1.61311 0.70920 1.46328 1.23756 1.47898 1.28086 1.60446 1.63704 1.86380 0.81977 1.00273 1.18997 1.63629 1.49721 1.84251 1.42164 1.11100 1.42301 0.57588 0.59471 1.46508 1.56282 1.96523 1.93209 1.66600 0.88947 1.87742 1.44955 1.33435 1.23444 1.93546 1.69173 0.97525 1.40599 1.71935 1.93175 1.90447 1.71558 1.12089 1.78690 0.83982 1.45013 0.79932 0.83036 0.67998 1.83747 1.20937 1.74096 1.12519 1.04330 1.70140 1.73021
0.73929 1.11708 0.69758 1.37210 1.59059 1.43349 0.96156 1.35156 0.73137 1.19409 0.85386 0.95709 1.91145 1.92345 0.57129 1.81181 1.01316 1.39574 0.95263 1.08835 1.00483 0.52221 1.02651 1.52390 1.08198 1.55324 0.83847 0.65517 1.35733 1.88576 1.37729 1.13539 0.51665 1.72882 0.77133 0.56801 0.61532 0.77256 0.69844 1.45678 1.62099 0.85500 0.64638 1.56411 0.86692 1.34532 1.99464 1.78482 1.17261 0.55290 0.56711 1.16518 1.89444 1.40170 1.77798 1.33275 1.39998 1.66144 0.88468 1.71698 1.18320 0.63249 1.32929 1.90101 1.69699 1.87186 1.27798 1.49211 1.04231 0.92168 0.76358 1.10953 1.48121 1.49867 1.88310 1.56960 0.80880 1.56288 0.59534 1.90933 0.82943 1.58468 0.72998 0.76029 1.41251 0.59533 1.25730 0.63790 1.85635 0.68036 0.74065 1.79931 1.55825 0.53281
1.95275 1.07157 1.70664 0.82319 1.64084 0.68156 1.22394 1.77984 1.01403 1.13266 1.28474 0.50582 1.94169 1.22107 1.08280 0.51664 1.34691 0.79966 1.07412 1.56206 1.40947 0.65596 1.57776 1.31391 0.64822 1.98721 1.46763 1.44750 1.49574 0.91154 1.90635 1.69129 1.92745 0.79160 1.25756 1.24358 1.95441 0.61833 0.66223 0.85128 0.71428 1.08838 0.94443 1.79337 0.52922 1.20600 0.91837 1.77022 0.70197 1.53041 1.15709 1.73119 0.52323 1.82866 1.04949 0.79396 1.52334 0.75276 1.62973 1.01782 1.05433 1.79554 1.38105 1.23126 1.69214 0.82923 0.50617 1.17646 1.06562 1.86253 1.44402 0.94261 0.72890 1.81372 1.08931 0.77796 1.87792 1.60822 1.75714 0.85769 1.86558 1.46511 0.86211 1.21009 1.61619 0.78595 1.63145 1.67582 1.00575 0.91862 0.79241 0.59241 1.02694 0.58542 1.85936
1.13828 1.80302 0.95636 1.40840 0.51920 1.13368 0.86871 1.57999 1.20530 1.21644 1.65596 0.61988 1.54625 0.77069 1.84535 0.64803 0.70444 1.28394 0.91086 0.74386 1.85754 1.68770 0.97819 0.80924 1.05588 1.60988 1.61289 1.93717 1.97047 1.35278 1.16238 0.66729 0.98261 0.69563 1.77310 1.38343 0.89395 1.49523 0.68222 0.95081 1.52465 1.06636 0.61569 0.67456 1.88587 1.52832 0.94890 1.43751 1.01371 1.43596 0.89068 0.90858 1.23296 1.17115 0.92022 0.83746 0.70803 0.56899 0.69562 0.88241 1.42031 1.31388 1.15485 0.88713 1.33497 0.92945 0.70992 1.76278 0.85000 0.57865 1.84888 1.63370 1.40469 0.56480 0.54994 1.45080 1.84354 1.93903 1.93707 0.92658 1.15415 0.76513 1.41561 0.52996 0.56540 1.26703 1.45722 1.00680 1.62345 0.85879 1.24655 1.09484 1.46996 1.68851 1.12115 1.47619
0.78399 1.21319 1.52979 1.59994 0.58856 1.88838 1.96948 0.61488 0.93118 1.44697 1.74300 1.20914 0.80653 1.12475 1.78152 1.16721 0.86550 1.73125 1.17909 1.75994 1.81962 1.02108 1.64588 1.98458 1.46817 1.44879 0.78988 0.66676 1.73446 1.52660 1.53955 1.53614 0.53018 1.32976 0.91150 1.94968 0.85723 0.61410 1.08932 1.38616 0.51340 0.66296 0.75317 1.23942 1.50377 1.70082 0.85128 1.36315 1.17342 1.95439 1.11874 0.87068 1.28607 0.96689 1.53936 1.62782 0.75625 1.80496 1.93833 1.62237 0.66505 0.74606 0.74344 0.65198 0.89104 1.88964 1.76219 0.71412 1.66216 1.65084 0.85499 1.30127 1.08373 0.87230 1.93127 0.84151 1.69075 1.67066 1.26314 1.86429 0.86406 0.59308 1.73927 1.54589 1.34671 1.97029 0.85137 1.66784 1.07006 0.88185 0.52768 1.72674 0.83431 1.45691 1.74159 1.47309 1.67348
0.93446 1.35189 1.20317 0.74445 0.90236 1.09433 1.69239 1.44045 1.32540 1.47204 1.50107 0.99186 0.78991 1.12706 0.70550 0.85020 0.60950 1.20030 1.24069 0.78053 1.95361 0.52439 0.65871 1.56784 1.59531 1.96205 1.87746 1.57865 1.30441 0.59793 1.57928 1.66043 0.74924 0.63342 1.85674 0.55237 1.77617 0.60266 0.98725 1.14452 1.51746 1.21195 1.60962 1.79659 1.48645 0.77020 1.78857 1.35833 0.72168 0.51847 0.61397 0.67680 1.28805 1.46569 0.95143 1.24198 0.93724 1.37326 1.88840 1.20395 1.13444 1.52598 1.37322 1.31094 0.80525 1.53327 1.24889 1.80358 0.61953 1.99215 1.69827 0.56361 1.08192 1.52786 0.53926 1.03890 1.51882 1.70676 0.57140 1.74776 1.97424 1.89001 0.73359 1.28215 1.18969 0.80092 1.56353 0.61458 1.49714 1.20965 1.27563 1.10585 0.67825 1.76539 1.02312 0.65606 0.92956 1.83356
1.05021 0.54047 1.26899 1.52817 1.73952 1.16432 1.58303 1.05560 1.87040 1.46620 1.77055 1.40532 1.59910 1.02834 0.73373 0.61429 1.50723 0.78828 1.40879 0.65546 1.66348 1.19355 1.29946 0.62350 1.36755 1.00458 0.99985 0.76900 1.99797 1.10957 1.57663 1.18746 1.74632 0.57235 0.62613 0.76201 1.04111 1.77611 1.94864 0.94285 1.97131 1.19014 0.71116 1.36334 1.72174 1.25767 0.68232 1.50608 1.23938 1.71924 0.74401 1.29789 0.50341 1.48827 1.41949 1.18905 0.96926 1.45716 1.03628 0.69534 1.94467 1.94758 1.18030 0.95607 1.89235 0.86923 1.08256 1.73182 1.59104 0.64357 1.78234 0.59557 0.59735 1.99649 1.65568 0.53608 1.14798 1.09941 0.69174 0.94094 1.63347 1.10083 0.88187 0.83640 1.48737 0.80575 1.52112 1.24083 1.45319 1.54626 1.44619 1.03667 1.14507 1.46647 0.66902 1.60306 1.44840 1.94954 1.38575
1.93828 0.71636 1.72316 0.80298 0.82966 1.19732 0.50369 1.86962 1.28838 1.87661 0.86542 1.49464 1.71828 1.36744 1.67138 0.73668 0.57640 0.50086 1.97335 1.08950 1.64865 1.24589 1.69844 0.76831 0.73767 0.98819 0.72971 1.60397 1.65097 0.54771 1.37306 1.93792 1.20437 1.14320 1.41338 0.94258 1.34862 1.96122 1.66206 1.03821 0.72627 1.61769 0.63545 1.69261 1.70629 0.69354 0.87347 1.32888 1.49021 0.93383 1.22922 1.70701 1.30889 1.36004 0.76275 0.79130 0.79638 1.67654 1.46062 0.85767 0.77965 1.13497 0.52470 1.34576 1.23599 1.44505 1.67632 1.40245 0.61914 1.42292 0.80398 1.23336 0.70874 1.01623 1.97508 1.38989 1.69045 1.13439 0.94358 0.96871 0.54663 0.72509 0.58904 1.99357 1.36440 1.54460 1.43058 1.54995 1.33888 0.90413 1.34700 1.70304 1.54435 0.82121 1.63206 1.93215 1.44512 1.85295 1.92547 1.33572
1.66056 1.81094 1.56327 1.93081 0.56347 0.99384 0.81200 1.41126 1.33090 0.98122 1.05796 1.81586 0.96075 1.89114 1.25960 1.33114 1.20288 1.15427 1.61838 1.07632 0.50080 0.61243 1.85319 1.06710 0.78453 1.43521 1.20031 0.89114 1.54495 0.81277 1.71028 1.13772 1.06043 0.77234 1.04641 0.87035 0.64711 1.04612 1.87699 1.84636 0.62548 1.18438 1.51573 1.77221 1.65080 1.07265 0.71479 0.80838 1.89916 1.35808 0.66850 1.14377 1.21119 1.63721 1.42189 1.09204 0.55974 1.79767 1.51977 1.37133 1.81625 1.71340 1.32374 1.35957 1.72741 1.57032 0.84323 1.88350 1.37866 1.36886 1.37663 1.46397 0.51792 0.71429 0.97382 0.82957 0.74024 1.18736 1.19879 1.20963 0.89885 1.45572 1.25924 1.87661 1.33290 1.90052 0.63414 1.06572 1.67174 1.46561 1.13756 1.38909 0.91746 0.94668 1.02306 1.52969 0.52739 1.17959 1.08989 1.86857 1.02591
0.98061 0.65747 0.68460 1.03376 1.49059 1.72175 1.57081 1.98440 0.95835 0.69446 1.78069 1.98152 0.55865 1.48311 1.86520 1.42936 1.23465 1.84491 1.77542 1.91837 1.82210 1.11118 1.25688 0.63312 1.66634 1.56074 1.52032 1.39242 1.28541 1.30641 0.80897 0.64972 1.00799 1.85313 1.77724 1.55048 1.35580 1.02993 1.89565 1.74633 1.22246 1.65161 0.97229 1.56130 0.62655 0.78565 1.73333 1.21344 1.82206 0.75817 1.77472 1.18355 1.41153 0.73586 1.39715 1.60793 1.56366 1.41804 1.79437 1.01500 0.76507 0.64143 1.73927 1.34809 1.39652 0.73904 1.18818 1.51092 0.88297 1.14868 1.60444 1.05337 1.35004 0.63537 1.88621 1.66088 0.62494 0.66852 1.34179 0.55895 1.87764 1.67344 1.91641 1.89094 0.97116 1.12594 1.87883 1.86681 0.98434 1.40612 0.73286 1.65221 1.55536 1.95291 0.99893 1.51016 1.45582 0.83572 0.64458 0.64024 0.81479 0.84965
0.61665 0.93587 1.43923 0.87175 0.53069 1.78912 0.51001 0.71480 1.87650 0.99882 0.64802 0.50222 1.18592 1.13464 1.79398 1.94592 1.02122 0.72408 1.84054 1.02963 1.78769 0.52459 1.98464 0.50561 1.89211 0.70939 1.22333 0.79553 1.46507 1.93008 0.85621 0.74519 0.55337 0.72153 1.86957 1.90606 1.57513 1.62323 1.85951 1.97985 1.46963 1.71427 1.38980 1.76871 0.88578 0.74393 1.02511 1.91393 1.49162 1.77236 0.86571 1.69346 0.61865 1.29128 1.55078 1.95540 1.08311 1.38329 1.71462 1.00124 1.95645 1.18470 1.72254 0.95763 1.41070 1.97569 0.87533 1.31424 1.28040 1.08165 1.51525 1.21111 0.66383 1.54805 1.16020 1.18239 1.62125 1.86588 1.17049 0.57874 1.05187 1.70687 0.84248 1.62545 0.53870 0.77701 0.50828 0.98437 1.70967 1.05713 1.30330 0.96925 0.52909 1.17881 1.51982 1.45397 1.83135 0.83503 1.18279 0.79806 0.52890 1.02181 1.59698
1.42420 1.51399 1.85890 1.33758 1.91886 1.65324 1.18994 1.45952 1.79357 0.80475 1.98069 1.83758 1.50305 1.30731 1.98677 1.72329 1.78488 1.77202 1.86634 1.31198 0.87192 0.64434 1.35162 0.65961 1.64768 1.80696 0.70841 0.62199 1.11659 1.87947 0.58219 1.46652 1.38177 1.89969 1.22625 1.86539 1.10384 0.78688 1.52807 1.80994 0.61368 1.75446 1.62264 0.62542 1.57350 1.87222 1.49333 1.93888 0.79070 1.98641 0.74471 0.80080 1.46693 0.60439 1.77429 1.00705 0.66231 1.15034 0.61662 1.86832 0.57846 1.95658 0.81644 1.58146 1.74452 1.36619 1.74651 0.67694 0.68223 0.82894 0.55101 0.88658 1.61216 0.62514 1.94665 1.61011 0.61595 1.96553 1.77887 1.81256 0.83656 0.50869 1.71619 1.77910 1.12259 1.75860 1.98430 0.60314 0.76093 1.09111 1.51379 1.41079 1.80973 0.63246 1.67176 0.96837 1.37139 1.73528 1.13656 1.34441 1.49211 1.80128 0.51673 1.60894
1.01295 1.85361 1.59378 1.66604 0.52481 0.51042 1.52437 1.29114 1.62990 1.15723 0.72115 1.10495 1.08159 0.81450 0.95246 1.98711 1.21575 0.68336 1.52394 1.93651 1.02769 0.85256 1.94699 1.43705 1.32056 1.95920 1.34700 1.68848 0.81062 1.83747 1.21532 0.76842 1.04600 1.90767 1.85087 1.97076 1.32976 0.63375 1.82294 0.69744 0.68866 0.63187 1.91821 1.07430 0.65188 1.22913 1.37109 1.38491 1.99215 1.37021 0.74114 1.07887 1.01876 0.75310 0.90474 1.76179 1.89446 1.73210 0.55593 1.49245 0.75440 0.71818 0.79111 0.81392 1.77807 1.19471 1.49662 1.42830 1.42131 0.78441 1.87198 1.61545 1.65800 0.92808 1.62278 0.68287 1.84765 1.23979 0.71118 1.21123 1.04208 1.12273 0.78328 1.03018 0.70792 1.67671 0.65012 1.52320 1.90742 1.32661 1.83323 0.69594 1.86626 1.14108 1.60806 1.75561 0.90307 0.52477 1.05229 1.56094 1.86958 1.70863 1.97830 1.26721 1.97041
1.10777 0.74703 1.48598 1.22622 1.14554 0.86407 0.86445 0.58796 0.82178 1.17116 1.84645 1.54757 1.41170 1.29989 0.55158 1.16777 1.27028 0.62949 1.48671 1.92823 0.66839 1.90082 0.68592 1.14504 0.73007 1.34904 1.66602 1.41002 0.97922 1.31539 1.72374 1.20643 0.66559 1.08261 1.52953 1.16779 1.82674 1.95732 0.77022 0.55103 1.86295 1.79013 0.54849 1.48838 1.57791 0.84046 1.48996 1.98031 1.60128 1.85144 1.19863 1.64615 1.45961 1.93949 1.20775 1.55613 0.65778 0.64596 1.60257 1.43630 0.69439 0.82773 0.73707 0.52771 1.41675 0.80083 1.28739 1.14730 1.06158 1.38120 0.99313 1.38954 1.31014 1.08584 1.73709 1.21626 0.81731 1.34262 0.81644 0.53662 1.13087 1.16145 0.89379 1.87489 1.39214 0.70777 1.81359 0.59585 1.38068 0.65375 1.89705 1.69719 1.20798 1.42394 0.52948 1.30070 0.55963 1.75834 1.15924 1.01164 1.54485 1.11284 0.68200 0.82725 1.35089 1.58322
0.89043 0.61891 1.31692 1.20582 1.13408 1.14569 1.70792 1.45698 1.79118 1.40042 1.34575 1.97324 1.80270 1.47838 1.49188 0.63934 1.67811 0.81652 1.59858 1.52617 1.86215 0.84089 1.03877 1.12395 1.47224 0.76830 1.40570 0.90616 1.90758 0.74516 0.61052 0.70522 1.08804 1.35847 1.28792 1.88526 0.73264 0.88044 0.85755 1.79571 1.03814 1.62414 0.96546 1.99281 1.17749 1.02262 1.93731 1.85875 1.16384 0.57803 0.95516 0.73606 0.64275 1.88980 1.95009 1.90679 1.22733 1.39817 1.05705 1.42113 0.70801 0.70029 1.01088 1.65534 0.96319 1.04472 0.70505 0.61856 1.68204 0.81023 0.59106 1.04291 1.03003 1.23992 1.23770 1.94397 0.87430 0.59922 1.54266 1.17486 1.34946 1.78675 0.57001 1.21618 0.76130 1.28138 1.25052 1.03908 0.83980 0.79018 1.01074 1.81835 1.66018 0.78175 1.86208 1.87848 1.98033 1.67309 0.80380 0.50071 1.60361 0.84522 1.13121 1.13361 1.17221 1.17334 0.98720
1.80439 1.69479 1.54900 1.94938 1.51859 1.91053 1.35325 1.80629 1.47980 1.71525 1.02585 1.26295 1.17713 0.74764 1.02312 1.73443 1.74156 1.66060 0.74616 0.96092 0.56584 1.52153 1.82167 1.68044 1.23526 0.92752 1.97144 0.87977 0.75581 0.81889 1.41217 0.85082 0.62782 0.70017 1.59377 1.52147 0.51829 0.67208 1.51268 0.72245 1.68481 1.19303 1.92111 1.84777 1.75180 1.14023 1.65999 1.79442 1.32236 1.17760 1.47080 1.30584 1.19631 0.76784 1.77629 1.05096 1.50536 0.57718 1.89856 1.13547 1.82089 1.74315 1.18970 1.96636 0.54018 0.80271 1.00218 0.66676 1.45136 1.86834 1.95126 0.89688 1.61694 1.93528 1.16870 0.87608 0.99869 1.98643 0.92632 1.61369 1.12252 1.81124 1.89830 1.09740 0.90026 1.60232 0.68449 1.12850 0.91273 1.34314 1.23752 1.45807 0.94707 1.25891 1.29024 1.26792 1.71431 1.17476 0.69969 1.31679 1.02990 1.41298 0.90003 1.79910 1.12256 0.91497 1.27182 0.78263
1.87025 1.23033 0.88526 0.78751 0.85508 1.57594 0.81769 0.77429 1.47046 1.37868 1.98037 1.38502 1.86527 0.76941 1.24632 1.19800 0.85840 1.21072 1.58903 1.79191 0.87367 1.24413 1.58650 0.73094 1.04453 1.12098 0.96043 0.56469 1.13440 1.88440 1.24369 1.46815 1.48917 1.55896 0.88826 1.10611 1.95819 0.87807 0.68252 0.62207 1.66775 1.59921 1.48069 0.73370 1.92188 1.33070 1.67960 0.73963 1.08712 1.98870 1.12526 1.45368 1.95676 0.92236 1.96249 1.98149 0.94270 1.73802 1.97656 1.50718 0.68473 1.81198 0.95337 1.43285 1.01940 1.86764 1.72128 1.50750 0.60583 1.84879 0.65590 1.13634 0.56382 1.48921 1.17230 1.77545 1.63364 1.90863 0.53221 1.66598 1.81432 1.10565 0.78543 1.97723 0.98022 1.73565 0.80419 0.69817 0.51558 0.52608 1.56170 0.61218 0.76660 1.69569 1.35247 0.96221 1.44054 1.18271 0.99185 0.56292 1.63671 0.70801 1.42220 0.84765 1.67807 1.03949 1.18498 1.12097 0.95653
1.71192 1.37222 1.86058 1.46106 0.56199 1.99378 1.32352 0.92041 1.29617 0.97106 0.99631 1.03475 0.64219 1.92777 0.51060 1.53594 0.74252 1.85537 0.75113 1.42177 1.89246 1.84490 0.65957 1.93816 0.83696 1.00259 1.83950 1.25791 1.21771 0.62381 1.26367 1.84535 0.54280 0.85765 1.35965 0.57795 1.13991 1.15882 0.50921 1.57305 0.90792 0.68258 1.56315 1.18393 1.36045 1.92893 1.96894 1.04817 1.66107 1.88537 1.37480 1.28389 1.68338 0.74560 1.74616 1.89845 1.73156 1.02680 1.71607 1.10046 1.69530 1.99744 0.74926 0.67607 1.78566 1.69177 1.05994 0.92628 0.84755 0.72718 1.66431 1.98312 1.61391 0.77437 1.51346 0.77433 1.66204 1.79094 0.97883 1.44086 1.18503 1.50519 1.40655 1.69907 1.38009 0.95311 1.64402 0.50015 0.71657 0.52972 1.80110 1.86400 0.69249 0.89615 0.68331 1.80175 1.87741 1.92561 1.88278 0.66757 0.69831 1.99520 0.64673 1.99071 1.20039 1.24333 1.09536 1.53188 1.76380 1.34923
1.69792 1.55689 1.90223 1.46359 0.60523 0.73749 0.75471 1.16589 1.80534 1.92531 0.88780 0.53664 1.77961 0.95289 1.38380 1.28342 1.04374 1.77122 1.19022 1.93498 1.30115 1.27190 0.92227 1.57745 1.89536 0.72187 1.34018 1.34536 1.17412 0.59577 1.57349 1.00814 1.65122 0.53153 0.95644 0.92220 1.76559 1.63991 1.76292 0.74606 1.35448 1.28599 1.77068 0.71567 1.03908 1.09916 1.13282 1.83111 1.50215 0.66654 1.84226 1.34836 0.91721 1.78919 1.52621 1.86366 1.18731 1.69397 0.75846 0.98603 0.58743 1.23083 1.40248 0.90829 0.91226 1.01960 0.64445 0.67955 1.51707 1.82519 1.47004 1.67339 0.99100 1.02234 0.55836 0.88018 0.90963 0.95545 1.60161 1.49167 1.29755 1.43527 0.94229 1.01492 1.63773 0.77564 0.51195 1.80950 0.73269 0.91629 1.12485 0.90049 1.83257 0.57994 1.27102 1.47458 1.59036 1.08665 1.73490 0.86457 1.48861 1.75374 1.23062 1.94486 1.51229 1.08678 1.50846 1.18757 1.58703 0.77302 1.29384
1.23822 1.22103 0.68918 1.20998 0.55328 1.48866 1.00447 1.92971 1.99121 1.57354 1.05767 1.54992 1.78586 0.65171 0.66547 1.65404 0.86240 1.86810 1.55106 0.96023 1.89630 1.22668 1.63677 1.09458 1.30884 1.83491 1.08008 1.20156 1.40492 0.59319 1.04168 1.34343 1.38503 1.40719 1.68145 1.53092 1.95482 1.57081 0.55845 1.90545 1.42905 1.02837 1.50393 0.74493 0.55210 1.45109 1.01712 1.72462 0.94716 1.91696 1.83847 1.63786 1.00536 0.91541 1.15478 1.38486 1.19244 1.78718 1.39517 1.93093 1.00634 1.37946 1.41433 0.93524 1.73575 1.97103 1.84638 0.64701 0.79370 1.47620 1.81930 1.97524 0.88078 1.35579 1.94219 1.91059 1.45206 0.64902 1.30468 0.83391 1.99241 1.79574 1.50091 1.68465 1.51020 1.88547 1.76844 1.61341 1.62825 0.71460 1.57507 1.51735 1.40011 0.96487 1.35747 0.73651 1.15792 0.80045 1.33831 1.55704 1.36170 0.74674 1.50298 1.65559 0.77896 1.76855 1.61075 1.41814 0.79356 0.74165 1.54122 0.77519
1.07274 1.83157 1.34133 1.43569 0.53142 1.94310 1.28671 1.65755 1.22588 1.39002 1.46010 1.29477 1.72847 1.16489 1.81727 0.66235 1.63882 0.63293 1.54652 0.70441 1.77119 1.68075 0.60016 0.86762 1.55639 0.68106 0.93301 1.34802 0.53491 0.82288 0.92936 1.59547 0.80668 1.50511 0.56824 1.33774 1.95323 0.96550 1.57962 1.62589 0.94741 1.00680 0.51084 1.48996 1.36733 1.12219 1.63993 0.72198 0.98035 1.12938 1.79246 0.55242 1.46151 1.53310 1.93572 1.79583 0.88217 0.62245 1.56768 1.79081 1.85176 1.91083 1.62842 0.57799 1.82815 1.36380 1.47860 1.76558 1.21993 1.66980 0.62847 0.96973 1.00464 1.94876 1.61390 1.85085 1.96284 1.34139 1.71819 1.39191 1.52302 0.69019 0.74254 1.79476 1.67477 0.59304 1.73828 1.91219 0.92068 0.89384 1.77265 1.12269 1.75305 0.88773 0.56283 1.88616 1.99539 1.03538 0.60620 0.83952 1.03312 0.66763 1.03283 1.74086 0.75052 1.80773 1.00003 1.06400 1.11053 1.63834 0.54196 1.49090 1.77654
1.97699 1.24597 1.03995 1.91302 0.56796 1.44118 1.18336 1.44440 0.52253 1.10551 1.03970 1.06877 0.97609 0.66047 0.71633 0.87228 1.75065 1.97832 1.30967 0.96170 0.61391 0.72265 1.38363 1.17386 1.19028 1.98363 0.57354 0.69095 0.89522 1.89807 0.76838 1.33010 1.71829 1.80915 1.10415 0.60120 1.03914 1.73766 0.98389 1.96783 1.88144 1.82598 1.70469 1.64039 1.41446 0.74145 1.25556 1.80127 1.45581 0.66977 0.66199 0.84902 0.51698 0.87788 1.84371 1.63534 1.24543 0.57931 1.58472 1.44324 1.49621 1.28707 0.56509 0.95636 1.87528 0.61108 0.68056 1.93804 1.05672 0.71735 0.83920 0.64854 1.49765 1.51636 1.76771 0.82840 0.54292 1.77225 1.28887 1.16710 1.82780 1.30289 1.52613 0.92056 1.41851 1.30342 0.62044 0.83469 1.28805 0.99619 0.52104 1.95540 1.55009 1.18122 1.92546 0.51184 1.00413 1.09687 1.84520 1.48473 1.17811 0.80742 1.09398 0.85478 0.84406 0.79058 0.57758 1.05657 1.90101 1.49255 1.84569 1.08276 1.58008 1.36364
1.98774 0.96442 0.78004 1.35763 0.68580 1.93396 1.71594 0.53663 0.73003 0.91519 1.44701 0.57315 0.86358 0.77442 1.48108 0.53665 1.44529 1.99824 0.83692 1.45840 1.95880 1.68630 0.74786 0.52980 0.59961 0.76705 1.36936 1.63770 0.62835 0.89817 1.82558 0.90765 1.60397 1.14097 1.90640 0.61182 1.98287 1.67496 1.62240 1.94443 0.72843 1.36534 1.43121 1.56290 1.44396 1.80029 0.68240 1.80559 0.57927 0.74317 0.78185 1.40487 0.50282 1.16058 1.82349 1.61693 1.93767 1.04295 1.42958 1.07691 1.33257 0.73272 0.99418 1.90342 0.83893 1.62686 1.03419 1.95640 1.02163 0.69357 1.00419 1.93065 0.94734 1.31198 1.55031 0.50166 1.05199 0.99086 1.02071 1.40166 0.72987 0.58999 1.64369 0.73290 1.47187 0.83774 1.15941 1.70118 1.75415 1.14200 0.86740 1.42120 1.22460 1.13848 1.12110 0.71930 1.17790 1.17384 0.65191 1.45845 1.23045 1.47576 1.94443 1.75922 1.68970 1.14063 1.23596 0.59125 0.96692 1.47692 1.66027 1.58021 1.62611 0.96041 1.38219
1.63290 1.26959 0.53893 1.10269 1.07363 1.29427 0.66515 1.43747 1.34972 1.72033 0.61184 0.50056 0.84618 1.74844 1.68883 0.93957 1.36150 1.07156 1.33088 0.70177 1.66438 1.61492 1.27756 1.27900 1.07263 0.92937 1.10959 0.56898 0.66834 1.70159 1.62462 1.93905 1.74257 0.69215 1.15207 1.20157 1.88264 1.66949 0.98382 0.54390 0.97089 1.39282 0.67029 1.61082 0.98802 1.36122 0.69213 1.91445 1.94298 0.98328 0.67033 1.67700 1.47434 1.86972 1.67159 0.76876 1.30374 1.86766 0.86769 0.83299 0.92792 0.61891 0.87498 1.30975 1.16911 1.39507 1.00656 0.75193 0.74114 0.81523 1.99668 0.53823 1.88846 1.60915 1.73525 1.44991 1.80008 1.58156 0.87636 1.29671 1.08441 1.43637 1.19022 1.51015 0.57656 1.20646 1.35702 1.92183 1.44125 1.09076 1.45792 0.80038 0.93938 1.78902 0.71640 1.92282 1.56332 0.68219 0.96089 1.74785 0.73835 0.96774 1.55346 0.90593 1.25636 1.52766 0.75505 1.87132 1.31608 1.91414 0.85127 1.46780 1.52218 1.94387 1.74839 1.65632
1.95981 0.69980 1.15120 1.52616 1.46482 1.09251 1.00606 1.12388 0.94201 1.33402 1.91676 1.38014 1.80705 1.87549 0.55791 0.53778 0.67557 0.68144 1.84683 0.99702 1.05315 0.58717 1.20297 1.37600 1.65213 1.12066 0.51892 0.95402 1.30745 0.99945 0.67980 1.12940 1.94273 0.74277 1.67625 0.90677 0.64965 0.61786 1.51500 1.90882 1.27089 1.74241 1.85531 1.32830 1.66250 0.77878 1.19314 1.99696 0.99968 1.48301 1.74995 0.75647 1.31834 1.67538 0.62413 0.55120 1.26959 0.56680 1.61094 1.74194 1.33519 0.78512 1.76520 1.99927 1.51553 1.58528 0.95474 0.74894 1.53568 0.66343 1.13006 0.64234 1.58760 1.61350 0.56890 0.54597 1.91683 0.65158 1.31002 0.94505 0.82760 1.82984 1.61100 1.59502 0.56192 1.35859 0.65014 1.26042 1.19372 1.71605 0.55328 0.66521 1.46056 1.83037 1.32789 1.60061 1.11664 1.70404 1.98714 1.87680 0.92705 1.38924 0.73912 1.76881 0.76889 1.77986 1.80560 0.58655 0.87931 1.38525 1.52659 0.97605 1.72391 0.51322 1.50571 1.75486 1.53363
1.71827 0.97965 1.89556 0.59076 1.42644 1.73938 1.95075 0.54406 0.78678 1.49638 1.43093 1.27763 1.65286 0.98135 1.36276 1.52463 1.98754 1.31380 0.53839 1.55239 1.78149 1.20885 1.58806 1.69695 1.97672 1.91101 1.12322 1.41937 0.76015 1.40748 0.95526 1.70020 1.48307 0.56055 0.75140 1.26579 1.03375 1.83511 1.87919 0.72331 1.83879 1.42784 1.76595 0.98988 0.75880 0.82842 1.94184 1.51130 1.81165 0.54685 0.73685 0.97511 0.80747 0.67874 1.22521 1.63035 1.78338 1.45973 1.76524 1.01174 1.37076 0.74390 1.96628 1.55044 0.64059 1.75564 1.42874 1.53933 1.92719 0.99136 1.45486 0.91205 0.73249 1.50070 0.99580 1.73476 1.35271 1.82136 1.40229 1.36562 1.06820 0.71286 1.44065 0.70424 1.92053 0.83025 0.71367 0.73017 1.73651 1.62291 1.32699 1.01786 0.93805 1.23082 0.67440 1.73410 0.95468 1.04953 1.90981 1.39808 1.47491 1.15777 1.97508 1.40115 0.51553 1.05702 1.57300 0.98733 1.69113 0.70890 0.88638 0.92293 1.36429 0.68240 1.81678 0.77721 1.87149 0.68525
1.43398 0.90434 0.58695 1.82159 1.37052 1.58993 0.65219 1.03474 1.77784 1.49820 0.83662 1.30849 0.83526 1.10198 0.87911 0.94208 0.78047 1.82796 1.20560 0.69706 1.68229 1.37759 0.51164 0.59333 1.74274 1.86582 1.72432 0.60770 1.11838 1.74879 0.61902 1.00599 1.12719 1.47196 0.76883 0.91765 1.15705 0.67437 1.39226 0.79984 0.50293 1.02754 0.75883 0.83435 0.81816 0.62915 1.36978 1.04758 0.57679 1.66123 1.28793 1.35894 1.82883 1.04192 1.86845 1.52278 1.65652 1.60992 1.61944 1.92046 0.62139 0.62357 1.32764 0.80453 1.26735 1.68824 0.52293 1.01154 1.20682 0.79890 0.90134 1.71865 1.55531 1.80222 1.69665 1.41634 1.65363 1.17434 0.71860 1.17635 1.49429 1.48618 1.60609 0.50344 1.28191 0.55385 0.67305 1.47947 1.03865 0.79103 1.39087 1.46426 0.95729 0.79592 1.47065 0.52833 1.83709 1.34214 1.52727 0.93776 1.17494 1.33980 1.40400 0.73786 0.64921 0.51926 1.71374 0.84136 0.75537 1.58779 0.77228 1.43050 0.68046 0.78384 0.60924 0.70312 1.83144 1.87561 1.63628
1.97609 1.23196 1.99469 1.50050 1.44360 1.04708 1.73468 0.77206 0.64550 1.21999 0.52148 1.45998 1.43728 0.75375 1.56244 1.06291 1.08075 1.04612 1.33762 1.48120 1.00488 1.48896 1.78394 1.99342 1.53936 1.33420 1.03861 0.94379 0.92381 1.13706 1.04081 1.72027 1.18139 0.61227 0.94499 1.90848 1.59716 1.77196 1.23495 0.64390 1.94380 1.04130 0.93958 0.68281 1.37732 1.21841 1.06330 1.12086 1.03930 1.91913 1.80659 1.04103 0.58596 0.88235 0.97993 0.97060 0.56558 1.35451 1.39628 1.46015 0.89120 1.22660 1.04828 1.54611 1.65181 0.76378 0.73852 0.96910 1.94360 1.22453 1.35722 1.69518 1.81588 1.64401 1.55096 0.90218 1.71891 1.53896 1.95460 0.57714 1.61125 1.41302 1.84128 0.66763 0.71801 1.70731 1.18358 0.71773 0.96844 0.84227 1.62734 1.98048 1.11600 1.92678 0.79269 0.63863 1.56712 1.58917 0.50332 0.94853 0.99255 0.53017 1.24500 0.82497 0.55072 0.90295 1.69952 0.77262 1.17661 1.51327 1.82800 1.01699 1.46833 1.22586 1.82311 1.90576 0.74609 1.99916 0.79721 1.24311
0.98792 1.83176 1.28603 1.44913 1.89327 1.43826 0.61713 1.54073 1.66172 1.27057 0.72854 1.82897 1.21976 0.84596 1.48579 1.88824 1.45634 1.39669 1.64082 0.74592 1.30701 0.88983 0.55864 1.37806 1.09082 1.45571 1.42372 1.95133 1.34850 0.75701 0.79632 1.96336 1.17325 1.29332 1.15428 0.55243 0.85093 0.97742 1.29535 1.47840 1.89141 0.72656 1.09732 1.24670 1.92110 0.64781 1.06435 1.96250 1.22763 1.42826 0.68916 1.43175 0.75925 1.69695 0.52856 1.21890 1.66803 1.06731 0.66794 1.21520 1.77969 0.90887 0.74285 1.74738 0.69454 0.62364 0.52017 1.92967 0.62072 0.68224 0.80451 1.21359 1.88228 0.56655 1.69773 1.99840 1.12105 1.87613 1.23259 1.20266 1.40128 0.56693 1.73784 0.95706 1.45917 0.54245 0.73201 1.53122 0.82759 1.13404 0.53747 1.85058 1.45711 1.71892 1.57414 1.29198 1.38114 1.37479 0.90076 1.15963 1.28097 1.44419 1.18105 1.35221 1.37196 1.26328 1.65642 1.97518 0.94668 1.05295 0.70827 1.09435 1.76624 1.49583 0.69174 0.77696 1.11047 1.18135 1.37393 0.89795 1.66775
1.65373 0.68924 1.08701 0.66583 0.53458 0.85746 1.56041 1.53936 0.59364 0.53341 1.31202 1.08610 1.23808 0.85061 1.01113 1.95168 1.14970 1.63068 1.22667 1.83709 1.97501 1.26818 1.84657 1.76165 1.02122 0.51492 1.48090 0.94564 1.48795 0.88718 0.72223 1.13507 1.94932 1.06313 1.72081 1.64001 1.11273 1.41985 0.88831 0.62601 1.07969 0.66395 1.95202 1.33869 1.02199 1.64590 0.84294 1.13390 0.57891 1.03081 1.78441 0.83256 0.68903 0.88135 0.50425 1.43257 0.94381 1.56376 1.74548 0.79180 1.97868 0.52250 1.94894 1.66860 1.06731 0.56538 1.35138 0.75794 1.35120 0.56434 0.56280 0.92346 1.16008 0.70651 1.62785 1.06157 1.35346 1.02353 1.11180 0.93295 0.91291 0.68587 0.82824 1.03854 0.86211 0.86408 1.66481 0.71481 1.68688 1.83464 0.83500 1.71229 0.57424 1.97424 1.97235 0.86296 1.38737 1.96743 1.66369 0.98164 0.69329 0.57973 0.62015 0.81530 0.54886 0.83691 1.83255 1.99161 0.77915 1.63484 1.38874 0.51228 1.40484 0.63236 1.18948 1.82229 1.14634 1.63848 0.59912 1.79288 0.51517 1.94389
0.67012 1.88844 0.98510 0.74369 1.47978 0.70722 1.90059 0.85254 1.65435 1.52839 0.88631 1.89458 0.63994 1.16879 0.69237 1.53125 1.67158 1.11638 0.91648 0.97768 0.90434 1.44619 1.29114 1.40976 0.82740 1.62859 1.46800 1.87779 0.71337 1.88879 0.58143 0.64031 0.90092 0.55874 1.18064 1.89234 1.15535 0.67652 1.45153 1.15063 1.68813 0.52027 1.08608 1.20543 1.03155 1.25338 1.24987 0.75489 1.55932 1.21749 1.77011 1.73128 1.73529 0.72155 0.78619 0.61532 1.73334 1.93185 1.64399 1.86881 1.27410 1.35220 0.78420 1.48403 1.81710 1.64175 0.64487 1.55557 0.96040 1.51558 1.48254 0.88028 0.68002 1.40168 1.68048 1.85598 1.92376 1.67263 1.99933 0.91689 1.76107 0.81308 1.51193 1.99881 0.76886 0.88664 1.67827 0.75787 1.95688 1.31726 1.56941 1.54226 1.75190 0.79946 1.34368 1.69182 1.16551 1.49603 1.07245 0.61342 1.73632 1.44724 0.52377 1.81980 1.44010 1.05551 1.12211 0.52705 0.63632 1.46950 1.58172 1.62154 1.37354 1.60794 1.15050 1.46096 1.09156 1.99458 0.88171 1.61201 1.80214 1.15607 0.71019
0.75757 1.38656 1.55670 1.76488 0.74909 1.20710 1.02906 0.62396 0.77830 0.72594 0.64861 0.95877 1.61735 1.00387 0.59756 1.99172 0.50733 1.05879 1.45018 1.37975 0.83882 1.64518 1.73149 1.72720 1.92560 1.98859 1.67886 1.21042 1.00056 1.43102 0.77490 1.94120 1.21701 0.99071 1.68440 1.48778 1.80214 1.99691 1.12669 1.09621 0.51533 1.95949 1.55485 1.00777 1.28006 1.89097 1.71699 1.79134 1.85994 1.05604 1.01415 0.53728 0.63609 1.92817 0.58936 0.89240 1.51376 0.97743 0.73795 0.99374 0.73494 1.73200 0.51328 1.60489 1.74702 1.67797 1.49775 1.65867 1.31707 1.36900 0.69138 1.04035 1.17188 1.32832 0.95069 1.92596 1.47510 1.56832 0.59998 1.76211 1.10955 1.96471 1.51159 0.78722 0.81666 0.77066 1.55286 0.92205 1.26618 1.41170 0.61722 1.21240 0.61814 1.55596 1.22545 1.10081 1.33442 0.83279 0.84259 1.61339 1.91249 0.63329 1.25292 1.29266 1.48143 1.11046 1.15791 0.62425 1.48986 0.64687 1.65575 0.62332 1.62786 1.38733 1.68508 0.63376 1.80992 1.42347 0.72219 1.42790 0.85172 1.69466 1.72951 1.01628
1.36961 0.72649 1.32341 0.66599 1.46865 0.88136 0.83127 1.47876 0.75193 1.17038 0.77807 1.14285 1.73498 1.87444 0.66992 1.39560 0.63686 0.61074 1.23529 1.51517 0.98495 1.07095 0.57138 1.53929 0.52392 1.99888 1.42359 1.80504 0.95928 1.84519 1.12710 1.02360 1.52384 1.68849 1.24467 1.47869 0.78093 1.48918 1.15482 1.55624 1.63203 1.09688 1.31982 0.90472 0.84389 1.01452 1.25914 1.27346 1.61191 1.19138 1.74753 0.80228 1.67304 1.79173 1.93574 0.90460 1.97437 0.90692 1.81339 1.10615 1.44791 1.61611 1.95407 1.64164 1.25358 0.83041 1.73709 1.11335 0.66149 1.90625 0.92228 1.52600 1.18819 0.75122 1.11843 1.90332 1.28324 1.31734 0.71194 1.10299 0.63243 0.92282 1.94779 0.72995 0.62273 1.62328 1.38246 1.61233 1.28770 1.92814 0.69099 1.71506 1.17362 0.58010 0.82557 0.73544 1.13243 1.83809 1.12155 1.95814 0.99853 1.95270 1.68349 1.16383 1.65557 1.26494 0.90095 0.52594 1.31841 1.55988 1.22458 1.70608 1.93921 1.73280 1.44681 1.65277 1.80956 1.42497 1.67681 1.79045 1.55904 0.74776 0.56105 0.70577 0.52462
0.54862 1.98283 0.56614 0.66526 0.63010 1.74729 1.72794 1.47667 0.70940 1.38787 0.60841 0.78292 1.45070 1.71158 1.60446 0.94117 1.60642 0.93181 0.74378 1.61632 0.79497 0.58662 0.64298 1.99238 0.73667 1.37812 0.83021 0.53371 1.20785 0.62939 0.50944 0.99842 1.55065 1.23955 1.84587 1.92688 0.60799 1.39676 0.63970 0.82504 0.93455 1.64514 0.50516 0.89971 1.60577 1.09953 1.80501 0.74634 0.95006 0.58453 1.54354 0.57353 0.63853 1.39656 1.46885 1.67762 0.55621 0.71329 1.37248 1.91670 0.71543 1.12664 0.91760 1.08352 0.50273 1.62466 1.98210 0.98832 1.22360 1.23218 1.90351 1.17822 1.29278 1.32880 1.36685 1.99089 0.97535 1.49715 0.58348 1.52220 0.94653 1.34701 1.05986 1.09576 1.44966 0.71698 1.26494 1.53408 1.09833 1.98592 1.52766 0.65532 1.43717 1.23243 1.95172 1.77226 0.95345 0.66273 1.08365 0.73873 1.68402 1.00465 1.89994 1.05630 1.79958 0.52803 0.88876 0.50889 0.69845 0.54705 1.83810 1.86869 1.78295 1.77274 1.28885 1.16062 0.81410 1.08920 1.98429 1.49498 1.07443 1.73201 1.05465 1.39923 1.67320 1.71633
0.90986 1.18323 1.43887 1.14430 1.41549 1.03656 1.98925 1.76086 1.95701 0.85265 0.89007 1.75618 1.31730 0.55537 1.14445 1.87338 0.84551 1.32996 0.71631 0.72122 1.81851 0.75932 1.13812 0.53516 1.50742 0.57677 1.69134 1.91192 1.07815 1.86746 1.31061 1.09313 0.91006 1.54178 1.49188 1.72259 1.90289 0.93334 1.17499 1.67314 1.31375 1.72154 1.46706 0.90738 0.62641 1.88892 0.95381 0.53891 0.83114 0.59204 1.91310 1.44085 0.98740 1.41030 0.53147 0.69158 1.76311 0.68319 0.66292 1.89380 0.64395 1.13034 0.72567 0.92492 1.21116 1.22189 1.10349 1.24568 1.10044 1.57297 0.64992 1.86672 1.97166 1.08427 1.16585 1.75437 0.80645 1.26395 1.66855 0.80561 0.90697 1.75286 1.79044 1.52307 1.57282 1.46305 0.96592 1.99587 1.05828 1.57600 1.54898 1.22836 0.91447 1.45335 1.45533 0.86073 1.53102 0.71778 1.58879 1.22672 1.78798 1.67481 1.59034 1.64860 0.56440 0.74171 1.46847 0.55080 0.99652 1.36658 1.96138 0.54450 0.65150 0.84336 0.62522 1.97416 1.57845 1.98116 1.67853 1.77818 1.81298 1.77327 1.88751 1.14189 0.64220 1.17731 1.67051
1.01513 1.07459 0.51201 1.06551 1.45007 1.72924 1.37605 1.08658 1.54346 1.75747 1.92543 1.83828 0.62119 1.71562 1.52632 0.54361 1.57107 0.57872 1.70773 0.72421 1.92623 0.79117 1.06140 1.50714 1.73078 0.84410 0.62890 0.80400 1.70806 1.22857 0.61311 1.00989 1.31173 1.76555 1.74137 1.36682 0.65849 1.53420 1.73842 0.56499 0.69618 1.62498 1.65682 1.91944 0.89861 1.67405 1.65119 0.53713 1.93766 1.69440 0.79518 0.71055 1.38014 1.24525 1.60711 1.51747 0.52185 1.45720 1.65197 1.51338 1.21784 1.64780 0.74582 1.04836 1.78420 0.77894 0.62778 1.51193 1.54631 1.27316 0.57720 1.63006 1.32636 0.98112 1.40030 1.92472 1.31066 1.66916 0.90563 1.90898 0.75250 0.90204 0.70519 1.38469 1.90348 1.07093 0.94773 1.09433 0.57260 0.90301 1.63304 1.74873 1.04164 0.51884 0.76015 1.99940 0.99001 1.18589 1.87157 1.44087 1.50064 0.61869 1.58876 1.82571 1.73398 1.19378 1.66229 1.75502 1.82288 1.46923 1.22970 0.52392 0.84516 1.63374 1.40095 1.64791 0.50769 1.89422 1.08972 0.73143 1.08572 1.97492 0.75009 1.16459 0.60950 1.97819 1.47162 1.79071
1.20128 0.77597 0.97384 0.72544 1.11624 1.03185 0.93434 1.07884 1.55286 0.53328 1.20078 0.57795 1.27781 0.66250 1.21029 1.07959 1.73769 0.56134 1.29149 1.30759 1.06412 1.35931 0.86679 1.56588 0.87562 0.58376 1.99935 1.35612 1.25172 1.25072 1.06553 1.41842 1.32930 1.52065 0.83778 1.22768 1.38700 1.48487 1.52243 1.12207 1.96857 1.93584 1.19314 1.53552 0.76664 1.77754 0.90851 0.72744 0.98718 1.55754 0.98797 1.71383 1.61714 1.52517 1.23138 1.90946 0.92915 1.34799 1.54222 1.51044 1.09885 1.13857 1.72993 0.99444 1.73015 1.08318 0.71711 1.87974 1.77471 1.95999 0.89175 1.32058 1.11346 1.44002 1.48880 1.43118 1.93905 0.55977 0.78980 0.61354 1.36860 1.38052 1.16059 1.35301 1.85624 1.97050 0.85207 1.01882 1.81548 0.99421 1.50456 1.66829 1.55551 0.72867 1.90840 1.37060 1.94111 1.52890 0.84157 1.01252 1.92809 1.22690 1.59641 1.49665 1.23018 1.08996 0.89748 1.46510 0.63317 1.87536 0.79765 0.70920 1.44854 1.95941 1.17276 0.97050 1.80547 1.61084 1.18961 1.44491 1.35253 1.58799 1.00073 1.35979 1.87563 0.65866 0.96145 1.59696 1.95628
1.53046 1.85464 0.85914 0.65026 0.96071 1.06690 1.01223 0.87076 1.79589 1.15213 1.72067 0.66728 0.58642 1.22744 1.67538 1.97917 1.53011 1.56592 0.69486 0.57517 1.78766 0.90093 0.75162 1.16870 0.94166 1.01518 1.76220 1.78507 1.64531 1.73238 0.66117 1.70614 0.98387 1.84569 1.19263 0.54250 1.00431 0.61256 0.77398 1.64551 0.55573 0.99480 1.32667 0.72689 1.56716 1.97702 1.28701 0.86212 0.94939 1.12766 0.53201 1.93537 0.86677 1.67122 1.19765 0.80198 1.74565 1.11311 1.33743 0.86579 1.14793 0.97486 1.70511 0.65862 1.76809 1.47767 0.58741 1.07553 0.91403 1.78198 1.69289 1.95300 0.55251 0.74175 1.57359 1.83417 1.37369 1.12367 0.64810 0.72137 1.00767 0.69464 0.93711 1.02880 0.59340 0.51144 0.95640 1.25053 1.16749 1.74684 1.28720 1.10563 0.70839 0.75918 1.98555 0.64162 0.60742 1.18075 0.91223 1.32291 1.02357 1.83853 1.57752 0.54601 1.14023 1.84790 0.80276 1.13716 0.83170 1.40524 1.88294 0.57398 1.76520 1.18142 1.86369 0.95960 0.87072 1.64485 0.66470 1.46483 1.27038 1.47170 0.51143 1.26213 0.74812 0.74674 1.78802 1.35997 1.51844 1.42521
1.50141 1.93231 1.38267 1.07997 1.33048 0.80269 1.51450 1.30711 0.61317 1.52690 1.93348 0.50968 1.31402 1.01412 0.52108 0.63551 1.54925 1.43453 1.04596 1.34961 0.73975 1.40509 1.36056 0.89937 1.52432 0.88222 1.41875 0.83779 1.93515 1.10016 1.80094 0.58407 0.77935 1.79958 1.32237 0.56298 1.66129 1.99756 1.54808 1.22022 1.39951 1.44204 1.10516 1.90016 1.93213 1.59930 0.77295 1.40500 1.00182 0.95499 1.16636 1.82277 0.99734 1.06463 1.06468 0.92791 1.08773 0.77558 1.88748 0.89122 1.47188 0.53747 1.19514 1.30217 0.54237 1.80711 0.56572 0.80698 0.84534 0.97139 1.63889 1.13941 1.37271 0.97504 1.22813 0.59187 1.27146 1.01483 1.78829 1.36496 1.81852 1.91862 1.88937 1.36372 1.25146 1.97324 1.92802 0.76503 0.97899 0.92936 0.63394 1.30398 0.93373 1.74702 1.96459 0.63995 1.83212 0.70145 0.65300 1.00937 1.33031 1.47442 1.41705 0.52382 1.96794 1.64461 0.68322 1.00024 0.67455 1.25397 1.29034 1.44905 0.64042 0.54531 1.62751 0.89100 0.74581 1.24905 1.42829 1.49581 0.74488 1.37372 1.73129 0.62223 1.94866 1.22915 1.93818 1.06283 0.97593 0.52377 1.44529
0.63997 1.62752 1.62514 0.66218 1.05981 1.13670 1.92618 1.04535 1.49230 1.12166 1.87732 1.77976 1.62275 1.58850 1.07539 0.70592 0.74075 1.40687 1.61457 1.86281 1.67823 1.17540 0.97503 1.82378 1.19565 0.86276 0.62667 1.85608 0.64001 0.80013 0.72844 1.72883 1.29449 0.58546 0.80131 1.38020 0.55108 1.84794 0.75707 1.83024 1.14130 1.92228 0.76279 1.89899 0.65744 1.83064 1.51976 1.03516 1.62604 1.54878 0.84576 1.03899 1.16247 1.44813 1.02888 1.78445 1.43043 1.14885 1.08663 0.66474 1.19855 1.95429 1.13415 1.81057 1.61851 1.54793 1.61833 0.86024 1.74346 1.22573 1.53704 1.46528 1.57146 1.73699 1.47041 1.98538 1.29973 0.77064 1.49086 1.17267 0.52187 0.96546 0.97966 1.90187 1.55374 1.78163 1.73777 1.67367 1.10308 1.20084 1.83986 1.91404 1.85499 1.73033 0.97437 0.63419 1.47263 1.26658 0.78170 1.22529 0.75433 0.75795 1.58421 1.39457 0.58863 0.80802 0.79118 0.61075 1.95518 1.84698 1.93170 1.26563 1.13206 1.52404 0.53565 1.76424 1.74821 0.53975 0.69965 1.70806 0.98010 0.72062 0.88945 0.99492 0.55715 1.03787 0.70982 1.16245 1.32968 1.80986 1.13954 1.92829
1.24106 0.51404 1.16003 0.52693 0.78396 1.44805 1.88566 1.71261 1.04823 1.57555 0.98309 1.30486 0.70374 0.69955 1.65747 0.70316 0.66881 1.43175 1.31699 1.85116 0.88851 1.54182 0.51952 0.61324 1.11083 0.97856 1.33531 1.47651 0.51106 0.62624 1.98987 1.30921 1.33369 0.56859 1.99080 1.30337 1.23994 1.74139 1.24257 0.74465 1.36059 1.05065 0.62033 0.88291 1.53507 0.60397 1.25452 0.78786 1.30702 1.99205 0.98819 0.91488 0.57740 0.73864 0.79718 1.80824 1.00723 1.87813 0.62440 1.99232 1.28303 0.54327 0.53614 0.51264 0.51058 1.45153 1.39975 1.14950 0.50237 1.76095 0.93723 1.88780 0.80867 1.96350 1.88706 0.76561 1.01706 1.43125 1.45563 1.75679 1.95351 1.43019 0.95893 1.20232 1.55384 0.88706 1.75109 0.57340 1.65929 1.71354 0.72152 1.68888 1.55416 1.94853 1.62333 1.38083 1.13135 1.24317 0.53682 1.02790 1.46351 1.64693 1.02177 1.88994 1.65128 0.89685 1.15915 1.93066 0.56152 1.63405 1.70040 1.50360 0.75963 1.08082 0.59367 0.70622 1.85759 0.77395 1.84581 1.85619 0.67962 0.69076 1.18635 1.56910 0.51334 1.29665 1.91264 1.59258 1.98945 1.64570 0.62735 1.97619 1.32604
1.08846 0.98484 0.69535 1.88350 1.62655 1.66694 1.79354 0.93282 1.75689 0.70404 1.02175 1.16507 0.84988 1.08521 1.66253 1.06348 0.96997 0.93737 0.91593 1.97477 1.95666 0.73739 1.95939 1.26072 1.06471 0.51391 0.52802 1.19616 1.47386 1.19995 1.43335 1.89818 1.57638 1.78153 0.99674 1.97551 1.94987 1.63105 0.61082 0.71862 1.18622 1.06458 1.21671 1.68426 1.73652 1.99291 1.53444 1.64651 0.81328 0.59091 1.12118 1.90558 0.55005 0.73401 0.70500 0.91587 1.69589 1.69211 1.41906 1.09611 1.21551 0.89781 0.91533 1.64096 1.54179 1.00476 1.23376 0.97280 1.33613 1.74196 1.73555 0.77853 1.83899 1.21588 0.94350 1.56433 0.58666 1.43549 1.45855 1.16189 0.98489 1.63532 0.91589 1.76065 0.58593 0.54102 1.57039 1.41236 0.50076 1.38003 1.89129 1.62550 1.05997 1.97482 1.92979 1.21048 1.46383 1.35327 0.70958 1.90983 1.03143 0.81367 1.02443 0.63334 0.63730 1.85679 1.96126 1.06255 1.87967 0.65740 1.24692 0.73143 0.66089 0.84099 1.22370 1.83874 1.75239 0.75790 1.90590 0.94713 1.39022 0.62397 0.78941 1.93731 0.98621 0.82528 1.04299 1.65141 1.56543 1.48174 1.41249 0.78130 1.19437 0.70574
1.53918 1.84613 0.99965 1.38692 0.86463 0.50640 0.84454 1.29721 1.86484 0.72906 1.37106 1.07645 1.69092 1.25587 1.21037 1.03805 1.08124 1.98271 0.50091 0.57883 1.17217 1.25299 0.96750 1.40028 0.56651 1.57232 1.07636 1.99159 0.72629 0.54926 1.05107 1.73126 1.19323 1.49418 1.35327 0.96573 0.95997 0.90246 1.64921 1.85405 1.55240 1.59599 1.57365 0.89156 1.19080 0.82479 1.92043 1.81202 0.51241 1.58978 1.87597 1.65376 0.89189 1.38810 1.26294 1.99749 1.46984 1.92221 1.64410 1.44219 1.84627 0.88965 0.95923 1.30390 1.20127 0.78282 1.73309 1.74204 0.83628 1.45411 0.77406 1.40509 1.17933 1.09178 0.65806 0.80950 0.59835 0.63067 1.33257 0.52669 0.50436 0.92225 1.50721 0.96308 1.50001 0.85378 0.58595 0.64303 1.63447 1.19818 0.57433 0.70514 1.82206 1.61500 1.33242 1.94113 1.74867 0.92249 0.83129 1.43982 1.25025 0.59151 1.36532 1.69130 1.04903 1.62807 0.66980 1.21849 0.94147 1.27229 1.10639 1.05693 0.90816 0.75216 1.66664 0.87942 1.22439 1.59674 1.24200 1.47634 1.02964 0.90238 1.20274 1.20550 0.63265 1.02702 1.24247 1.49802 0.81070 1.69839 1.65634 1.33809 1.63792 1.25867 1.16383
1.19636 1.18628 1.33882 0.65137 1.28632 0.84920 0.87374 0.99217 1.29411 0.98887 0.53716 1.36333 1.08081 1.48616 1.85265 0.87083 0.59091 1.48814 1.20556 0.98711 1.36763 1.59064 0.77952 1.00103 1.59835 1.99539 0.81268 1.35091 1.78054 0.59904 1.66630 1.46579 1.32778 1.24016 1.47314 0.95518 1.70215 0.81166 1.72604 1.45787 1.32884 0.67033 0.64597 0.79789 1.92162 1.30128 1.44440 0.95412 1.49091 1.69461 1.30167 1.07302 0.68248 1.78788 1.14002 1.17274 1.33122 1.34258 1.45961 0.97585 0.68553 0.82523 0.62347 1.42630 1.72363 0.54061 1.65962 1.13425 1.17616 1.65578 1.86522 0.87172 0.97582 1.96371 1.62271 1.78223 1.39618 1.79773 0.70047 1.41241 0.95677 1.93203 0.99813 1.57370 1.60340 0.76679 1.99792 1.39111 1.50224 0.64337 1.88392 0.93961 1.83071 1.77980 1.87413 1.30899 1.21556 1.58455 1.93145 0.78667 1.60613 1.12737 1.59740 1.40479 1.88253 1.63743 0.50317 1.84973 1.94391 1.80476 0.64374 0.97706 1.53878 1.06198 0.74582 1.80840 1.69606 0.51549 1.33169 0.52463 1.32557 1.65271 1.26380 1.65038 0.83813 1.44255 1.66332 0.65989 1.69009 1.36999 1.64617 0.70365 1.64860 0.81103 1.45148 1.73932
1.96914 1.62049 1.40973 1.29124 1.17965 1.96814 1.94625 1.80792 1.07938 1.01785 0.80941 1.84013 1.77286 1.85307 0.88797 0.95494 0.53036 1.34978 1.65288 0.76606 1.54202 1.86515 0.56939 0.75252 0.64918 1.36752 1.55141 1.83510 0.76274 1.17798 1.56386 1.85646 0.80751 1.49436 1.36377 0.75604 0.69570 0.73258 1.53564 1.55878 0.86925 1.82589 1.61682 1.22627 0.64640 1.66866 1.45282 0.76931 1.22649 0.77682 1.94901 0.76733 1.10524 0.84571 1.06249 1.15199 0.72737 1.44790 0.84809 1.04590 0.68365 1.94784 1.31609 0.87938 1.63985 1.92370 0.93914 1.28789 1.57599 0.78604 1.51528 1.80186 1.72730 1.93983 1.63236 0.94382 0.90063 0.73305 0.51780 0.94648 0.61922 1.43777 1.96254 1.14339 1.92148 1.82721 1.16399 1.04895 1.72751 1.29901 0.50497 1.85680 1.36418 1.89970 0.64372 0.69393 0.60197 0.95323 1.98080 1.85732 1.52412 0.70546 1.67927 1.26936 0.56484 1.23268 0.71101 0.76178 1.98772 0.64407 1.67142 0.91453 1.02000 1.08171 0.58258 1.71745 0.94526 1.39455 1.21192 0.86663 1.31589 0.65338 1.19494 1.50167 1.73901 1.84453 1.43682 0.97645 1.21424 0.53986 0.63898 0.64017 0.55442 1.17425 0.96337 1.05027 1.45128
1.08773 0.98352 0.71234 1.55003 1.07893 1.09103 0.89181 1.62413 0.50251 1.92145 1.76212 0.54692 1.78586 0.61895 1.02679 1.30295 1.06749 0.93256 0.56974 1.03984 1.26168 0.54366 0.57048 1.23988 1.13198 1.08476 1.80923 1.22519 1.41341 0.87177 0.86222 1.99448 1.05848 1.80932 1.56729 1.27579 1.15238 1.06054 1.25507 0.65310 1.08619 1.36540 0.54129 1.78797 0.67590 0.56045 0.95927 0.82202 0.52422 1.45438 0.74654 1.18467 0.83245 1.81550 1.53873 1.17445 1.47534 1.46379 1.95038 0.87966 1.28572 1.09215 0.75462 1.60730 0.93332 0.59719 1.50352 1.78384 0.65866 0.58024 1.88485 1.66966 1.85090 1.94702 1.08237 1.90309 0.93199 1.70732 1.50182 0.89292 1.31925 0.52714 1.25737 0.98719 0.70517 1.14736 1.28772 0.85390 1.80925 0.87398 1.11033 1.40425 0.54875 1.40848 1.39571 0.96457 1.02046 0.83324 1.63986 1.50122 0.62416 1.06424 1.54505 1.82332 1.69117 1.46635 1.93995 0.55186 1.79880 1.04176 1.38569 1.38060 1.38158 1.45726 0.61231 0.82470 1.24971 1.95953 0.63699 0.91666 0.61381 1.37651 1.14273 1.26904 1.82443 1.11889 1.64915 1.72351 1.15432 1.89727 1.51815 1.31323 0.67390 0.70248 1.62359 1.47445 1.34711 1.75843
0.66079 1.90384 1.51312 1.51299 1.25892 1.18166 1.49434 1.55542 1.48492 1.55899 0.73761 1.58723 1.55622 1.96653 0.72501 1.49756 1.54334 1.69246 1.50498 1.85417 1.28679 1.88860 0.52054 0.90773 0.77548 0.95514 0.62673 1.99846 1.01014 1.08437 0.76280 1.35042 1.25624 0.58144 1.79122 1.88003 1.69654 1.37644 0.50760 1.10916 1.71608 0.58287 1.78579 0.91188 1.66195 1.87138 0.69033 1.70291 1.96659 1.70434 1.94110 1.68158 0.88372 0.92518 0.89123 0.90681 1.03863 1.19813 0.81904 1.60325 0.82594 1.57486 1.64493 1.71025 1.89233 1.62841 0.99849 1.09824 0.57253 1.19782 0.92651 0.97879 0.60661 1.28206 1.09718 1.67102 0.60841 0.54629 1.83772 0.96743 1.95005 1.37064 1.60092 1.52704 0.54912 1.04328 1.22818 1.23917 1.51363 0.62536 1.69821 0.53826 0.55807 1.20913 1.77648 0.73827 1.60347 0.69672 0.80732 1.28991 0.95807 1.60865 0.68242 1.97938 1.26712 1.73133 1.95964 0.88740 0.56595 1.07666 1.37978 1.28950 1.77444 0.86744 1.95042 1.89672 1.37242 0.82852 1.63877 1.33159 1.60524 0.55366 0.75740 0.68870 0.59968 1.68778 1.47347 0.67499 1.16471 1.10751 1.59941 1.12082 1.46063 1.35501 1.69858 0.85527 1.85235 1.96804 1.93871
1.63694 1.68029 0.62931 1.44700 1.01298 0.60974 0.95171 0.87513 1.00071 1.14138 1.58002 1.55083 0.69199 1.20316 1.42939 1.59804 1.23570 1.16453 1.13697 0.52156 0.71437 0.79274 0.95428 1.73446 1.77133 1.83242 1.70989 1.65150 1.34815 1.92307 0.95873 1.61872 0.84978 1.62459 0.52672 1.81245 1.50420 0.79393 1.50527 0.77579 1.82842 0.55696 1.37825 1.50067 1.55183 1.16879 1.84140 1.05212 1.28571 1.26822 1.22539 1.40101 1.63816 0.55792 1.77197 1.96645 0.67799 1.41438 0.92103 1.08396 1.46071 0.82735 0.50073 1.85333 1.21374 0.64881 0.62589 1.16362 1.74611 1.85026 1.29747 1.35232 1.36493 0.67544 0.50363 0.75237 0.59158 1.17908 1.23500 0.93463 1.50855 1.84318 0.58002 1.22767 1.33826 1.26022 1.57110 1.73338 1.42895 1.04330 0.91173 1.92906 1.65525 0.54610 1.69025 1.73845 1.75835 0.88336 1.60343 1.48324 1.94446 0.97514 1.78166 1.62414 0.90594 0.84956 1.98964 0.56512 1.26180 1.74672 0.75298 0.74204 0.57833 1.06610 1.01685 0.85508 1.01779 1.10073 1.44931 0.57114 1.79528 1.42199 1.52728 0.89548 1.45065 1.81376 1.70683 1.58375 1.13703 0.96363 1.32302 1.80829 1.44371 0.98919 1.93632 0.62496 0.78828 0.99496 0.78312 1.98276
1.72260 1.53903 0.65306 0.63164 0.58392 0.54278 1.84775 1.01305 1.07076 1.75021 0.96135 1.62246 0.81237 1.75816 1.67743 1.02467 1.78665 0.52864 1.31273 1.65241 1.05533 0.54255 1.41918 1.19235 1.83462 1.81196 1.46611 1.13200 0.54540 0.90369 1.66622 0.52639 0.74440 1.57634 0.56364 1.82365 0.59680 0.99268 1.03662 0.59285 1.17606 0.89638 1.99970 0.83782 1.47352 0.57392 1.78867 1.98787 1.25726 1.51866 1.54775 1.96668 1.96971 1.96607 1.33855 0.99048 1.31242 0.90783 1.66135 1.55081 0.67014 0.55312 1.08170 0.50301 1.19706 1.51875 1.35507 1.68715 0.53852 1.28401 0.70510 1.69974 1.15240 0.89810 0.82413 0.78309 1.88160 1.39372 1.71097 0.78702 0.54553 1.15038 1.42478 1.88440 1.81557 1.50198 1.49949 0.86091 1.04917 1.54840 1.03978 0.68723 0.76996 1.13787 1.81424 0.77873 1.62561 0.57137 1.15009 1.38759 1.16432 0.60177 1.05652 0.99414 0.54151 1.72805 1.56030 0.86972 1.48991 1.41543 1.95624 1.71447 1.12140 1.82736 1.43922 1.47185 1.52439 0.79618 1.70775 1.15692 1.12151 0.67904 1.11973 1.39243 0.64040 1.99650 0.89904 1.49376 1.63677 0.82450 0.60997 0.73150 1.28177 1.17476 1.32427 1.02224 1.89995 0.63000 0.97901 0.85936 1.35518
1.37189 1.64045 1.46080 0.96608 1.38093 1.76594 1.36863 1.01190 1.17421 0.64331 1.71400 1.50473 1.08887 1.65106 1.65107 0.54522 0.65364 1.46583 1.25567 0.52464 0.96013 1.71218 1.94257 0.74615 0.67037 1.56713 0.58834 1.31710 0.77680 1.55451 1.02370 0.74206 1.37316 0.74307 0.77312 1.65274 1.13071 1.36016 0.87946 0.79150 1.52034 0.92117 1.38563 1.87294 1.62126 0.70453 1.48273 1.30053 1.79480 0.99089 0.98607 0.75483 1.21035 1.79275 1.99916 0.90827 0.97551 1.82535 1.73445 1.63147 1.07453 0.84451 1.22640 1.12956 1.54118 1.18075 0.89827 0.77055 1.16862 1.78442 1.61661 0.56090 1.08999 0.79446 1.64162 0.90692 1.58903 1.43050 0.74584 0.71577 1.73211 1.00026 0.71226 1.11853 1.15492 0.53366 1.32024 1.63359 1.70007 1.22203 0.51224 0.83538 1.17132 1.81277 1.43178 0.57741 0.91863 0.97483 0.50472 1.62270 0.83248 0.74218 1.10377 1.08919 1.72633 1.02007 1.68086 1.95595 1.17403 1.61585 1.38720 0.84305 1.66281 0.58623 1.18865 0.91712 1.86753 0.91742 0.63154 1.35262 1.13023 1.76582 0.63898 1.49881 0.75265 0.97565 0.97224 0.79486 0.62424 1.52188 1.87813 1.52255 1.83569 1.89187 1.46819 0.78251 1.51444 0.55716 0.76003 1.47191 0.94855 1.02604
1.85553 1.07089 0.63809 1.77680 0.70780 1.29752 1.40289 1.68244 1.47297 0.78231 1.21789 1.07870 1.09405 1.73551 1.67129 1.23835 1.45678 1.11179 1.67348 1.94055 1.68634 0.99994 1.02568 0.72485 1.49634 1.45204 1.85423 1.48036 1.52471 0.74803 0.67185 1.70829 1.51210 1.18217 0.60042 1.30988 1.41068 1.41839 1.11023 0.86192 1.31355 0.54150 1.09425 0.77423 0.80715 1.51187 1.15177 0.85436 1.22928 1.38021 0.80286 1.11982 1.65856 0.95734 0.97946 0.58352 1.81147 1.63429 1.55436 1.98779 1.88198 0.90531 1.84884 1.78154 0.99769 0.94463 1.27052 0.93262 0.79967 0.52506 1.03362 0.72755 1.26532 1.45993 1.97170 1.75900 0.99859 1.64246 1.92734 1.16161 0.74874 0.87180 1.73995 1.80661 1.05895 1.66805 1.96113 0.51013 1.02934 1.32937 1.02723 1.73945 1.60411 1.74132 1.81572 1.91434 1.31986 1.16319 0.99044 0.95001 1.57861 0.83600 1.89847 1.93085 1.04015 1.51548 1.90332 0.84535 1.24358 1.67782 0.85822 0.88952 1.48918 0.70463 0.84156 0.78823 0.74271 0.55166 1.77677 0.56891 1.57479 1.04044 0.74938 1.14225 0.73044 0.51614 1.04258 0.78524 1.57703 0.70882 0.79342 1.70198 0.85735 1.05431 0.62844 1.40734 0.87332 1.19805 1.94872 1.57417 1.22363 1.73620 1.13754
1.45357 0.77726 1.37324 1.26446 0.92566 1.55464 1.97999 1.47366 1.13829 1.23344 0.80247 1.40470 1.93717 0.82154 1.40566 1.91058 0.74295 1.24007 1.19387 1.88130 1.54517 1.88108 0.61585 1.54387 0.89275 1.38980 1.22674 0.96326 1.33569 1.89530 1.72290 0.64357 1.42274 1.59444 1.70927 1.21007 0.85915 0.63938 1.39788 1.86516 0.79583 0.75351 0.72138 0.78092 0.97012 1.67889 1.54864 0.81006 1.01000 1.99444 1.65042 0.80482 0.83739 1.57747 0.78048 0.92502 0.61196 1.00965 0.66427 0.81627 1.48368 1.82820 0.66365 1.01466 1.35165 0.72646 1.49190 1.40262 1.73938 0.82613 1.31444 1.31539 1.06459 0.86175 0.58176 1.22702 0.55297 1.62035 0.99152 0.69816 1.68961 1.17818 0.57893 0.70714 1.53704 1.39550 1.46030 1.81605 1.50331 1.55829 1.07836 0.81981 0.51495 0.53266 0.79833 1.13170 0.85392 1.79341 0.99979 0.80980 1.55806 1.89002 0.99889 0.91681 1.60511 1.39289 0.59005 1.28698 0.99491 0.78193 1.40748 1.88648 1.36431 0.55267 0.57903 1.73708 0.88582 1.21661 1.16481 1.68191 0.76211 1.85416 1.99202 1.73916 1.98403 0.53995 1.72869 1.20491 1.33836 0.99908 0.50028 1.07876 1.78483 0.67506 1.58747 1.12534 0.82005 1.95115 0.87319 1.76046 0.81698 0.58450 1.91487 1.90101
0.64481 1.36218 1.61407 0.59970 1.85825 0.74248 0.94207 1.98355 1.29957 1.95808 1.06651 1.22417 0.63934 0.81965 1.76465 1.52998 0.79178 0.78688 0.60934 1.76487 1.93151 1.19806 0.69482 0.98486 1.61226 1.16624 0.87863 1.68360 1.08267 1.58796 0.58584 0.67087 1.14996 1.27690 0.83377 1.34516 1.12051 0.84503 1.41180 1.12727 1.75142 0.81484 1.41788 0.50282 1.37592 1.92778 1.73004 1.98993 1.84384 1.80578 1.63438 1.54676 1.97294 0.61224 1.14441 0.53515 1.71830 0.76264 0.51678 0.66691 1.41901 0.81840 1.67938 1.21470 1.14649 1.34641 1.47302 1.88759 1.78029 1.06352 1.60816 1.90511 0.74094 0.50766 1.74523 0.52064 0.79352 1.24515 0.72086 1.33539 1.86247 1.79216 0.60007 0.50783 0.60775 1.28561 1.65509 0.60758 1.30038 1.51049 0.91411 1.95061 0.73587 1.30484 0.81558 0.90502 0.63597 1.88738 0.97729 1.71491 1.45170 1.87465 1.39736 1.50817 0.57928 1.79655 0.55881 1.86060 1.04230 1.86481 1.44947 0.77605 0.63111 0.98306 1.42145 0.81242 0.79510 0.67550 0.63199 1.43095 0.50445 1.99403 1.58803 1.88344 1.77391 1.09297 1.15871 1.70602 1.72064 1.57162 0.83536 0.83073 0.64197 0.79805 1.31462 1.19880 0.92369 0.88805 1.81002 0.92666 1.94756 1.14604 1.30038 1.80419 0.73696
1.84639 1.66456 1.07793 1.41343 0.70256 1.29774 1.38811 1.59328 1.71928 0.65753 1.59964 1.61693 1.17318 1.08161 0.72119 1.42968 1.90823 0.92022 1.72406 1.27834 1.42321 1.39778 0.61888 1.92153 1.90888 0.50887 1.70599 1.35201 0.72286 1.46002 1.52703 0.66504 0.64645 0.52870 1.39433 0.73187 0.63559 1.70381 1.84981 1.70497 1.66917 0.63376 0.93488 0.92509 1.37434 0.88912 0.84070 1.50379 1.85944 1.86770 0.98052 1.96360 0.93871 1.21236 1.70573 1.07633 1.67211 0.66368 1.16011 0.54016 1.45955 1.60560 0.79043 1.33652 1.50218 0.71663 0.98262 1.70756 1.84356 1.16802 1.64693 1.08028 0.72997 1.66978 1.43087 1.46698 1.61614 0.76266 1.72765 1.10932 1.94530 0.70451 1.84877 0.95854 1.92452 1.97591 1.96258 1.69269 1.83119 1.60838 0.61680 1.79113 1.46887 1.14243 1.78400 1.70000 1.08142 1.99201 1.03585 0.59729 1.83339 1.90547 1.51631 1.07973 1.39875 1.00147 1.02453 1.78336 1.62241 1.61884 1.25082 0.78580 1.53109 1.66098 1.79782 1.52247 1.30509 0.99448 0.78704 0.96042 1.60054 1.77646 1.06552 1.06980 1.99576 0.53155 1.38304 0.58008 1.61475 1.21415 1.91787 0.82497 1.44049 1.39384 0.85625 1.52149 1.67743 0.83210 0.81733 1.98720 0.71328 1.50275 0.75948 1.95544 1.56256 1.20037
1.67753 0.58209 0.61043 1.67654 1.16959 0.50782 1.88839 0.89962 1.83081 1.50891 0.98754 1.49107 0.95406 1.26375 1.87021 0.50988 1.65565 1.35262 1.19270 1.78432 0.87486 0.95065 0.92668 1.51932 0.95981 1.63845 1.27916 0.67544 1.48053 0.93504 1.74296 1.22230 0.84560 0.74530 1.47864 1.68979 1.81878 0.59022 1.59344 1.01997 1.04807 0.80200 1.38625 1.94081 1.27983 1.23000 0.66646 1.69444 0.86374 1.90543 1.62209 0.82345 1.09466 1.10830 1.29695 1.74524 1.14854 1.98107 0.55462 1.43014 0.58551 1.30392 1.17746 0.66763 1.60730 1.36218 1.90522 1.02139 1.94715 0.65220 1.18922 1.23538 0.64615 0.96892 0.68262 1.69088 1.97643 1.24762 1.34795 1.07968 1.37267 1.51784 1.01215 0.60535 1.49748 1.08564 1.78687 1.40943 1.35741 1.18578 1.55617 0.76773 1.38530 1.97892 1.47077 0.73524 1.34923 0.71939 0.52405 1.83759 1.74476 1.42803 1.62971 0.95300 1.51492 1.18503 1.83302 0.70774 1.54607 0.95478 1.82042 1.54713 1.63450 0.51652 1.69091 1.73235 0.65299 1.07589 1.77818 1.28038 0.53338 1.00101 0.72755 1.14603 1.51628 1.29132 1.69317 0.59859 1.18273 0.94201 0.98230 0.55140 1.74362 0.97863 1.87838 1.68832 0.70711 0.91613 1.17864 1.76587 1.84351 0.67545 0.84731 1.70859 1.16489 1.67451 1.25149
0.63330 0.72463 1.91294 1.53923 1.34824 0.51366 1.59115 1.35935 1.66144 1.92624 1.88219 1.56267 0.70415 0.93847 1.51749 0.77801 1.54137 1.63082 0.91413 0.87939 0.75577 1.79981 0.66980 1.57346 1.61001 1.54571 1.41313 0.59128 1.28899 1.79806 1.06576 0.81627 1.40943 0.73953 1.83263 1.78209 1.77667 1.55418 1.18223 1.76247 1.11596 0.93771 1.75484 0.77589 1.51127 1.79115 0.90987 0.58089 1.83956 0.70398 1.10813 0.56379 0.90853 1.67439 1.83442 0.90448 1.74792 1.16729 1.27892 1.93156 1.34832 1.97186 1.31925 0.68628 0.91105 1.16325 1.58900 1.17919 0.94038 1.23150 1.13436 1.09754 0.61371 1.08022 1.75680 1.21637 1.50537 1.29425 0.95118 1.57457 1.54644 1.48705 1.21835 0.77970 1.16496 1.63592 1.44296 0.88545 0.79193 0.89353 1.47048 1.75577 1.42872 1.31057 1.82339 1.62991 1.10123 0.82924 1.01857 1.36020 0.73901 1.13122 1.27604 0.94525 1.26394 0.73642 1.86561 1.75211 1.27755 0.75391 1.13013 1.72021 0.95084 1.35887 0.82437 1.43628 0.69737 1.70268 1.94638 0.89423 1.72098 1.04039 1.45496 1.99749 1.58802 1.90968 0.83401 1.39316 1.26520 1.30956 1.99331 1.59789 0.65154 1.30136 1.26658 1.47403 0.52006 0.83894 1.94310 0.53384 1.55215 0.73261 0.61382 1.56499 0.84638 0.75574 1.38772 0.51062
1.11041 0.52213 0.94988 0.92652 0.82048 0.84472 1.24634 1.58663 1.89862 0.83902 1.05729 0.98531 1.42402 1.26886 1.59606 1.62827 1.77185 1.28259 0.77841 1.85594 0.70889 1.48384 1.77187 1.78739 1.24029 0.79283 1.08815 1.97429 1.44773 1.55643 1.43371 1.16128 1.33435 1.78805 0.55904 1.63966 0.83130 1.69603 1.54699 0.68422 0.70086 1.36049 1.58019 1.74634 1.48842 0.57556 1.29850 1.01051 0.79335 1.54598 1.04093 0.79837 1.37257 1.69767 1.05785 0.51594 1.31785 0.82826 1.94009 0.87043 1.89815 1.87180 0.54414 1.25795 1.78134 0.97499 0.83857 1.04713 1.44027 0.66938 0.89546 1.04837 0.74153 1.70715 1.85818 1.61786 1.66764 1.71707 1.55314 1.13465 1.42296 1.68199 1.57857 1.25519 1.98961 1.61482 1.36166 1.91573 1.00954 1.80954 1.31549 1.04267 1.58155 1.22232 1.85399 1.13391 1.61656 1.19756 1.84927 0.74476 1.69031 1.89268 0.91573 1.05824 1.07229 1.92775 0.89912 1.79223 1.84505 1.53847 0.66061 0.69859 0.82125 0.68808 1.59199 1.70106 1.80804 1.93624 0.87990 0.77013 0.71690 0.86255 1.00573 1.45448 0.57963 1.81908 1.73956 1.31318 0.78389 1.72158 0.71572 1.61592 1.65418 1.35737 1.46894 1.86677 0.76639 1.87424 1.20379 1.61681 1.44818 1.92039 1.49182 1.26174 0.96411 0.64557 1.16850 0.79156 1.86700
1.26681 1.76405 1.05634 0.54371 0.86963 1.18960 1.53152 0.65496 0.56690 1.78913 1.69135 1.01940 1.51650 1.93187 1.56238 0.91434 0.90612 1.68297 0.91628 1.43793 0.58417 1.16873 1.97308 1.61411 1.66426 1.75671 1.55672 1.44127 1.23439 0.61317 0.95433 1.49884 1.03243 1.50940 0.55553 1.27168 0.83675 0.98213 0.65764 1.44709 0.95171 1.23323 1.91805 0.73071 1.07647 0.69581 1.31969 1.18629 0.65683 0.80598 1.65377 1.20945 1.85348 0.85365 0.59745 1.79210 1.16816 1.08694 1.51605 1.11903 1.94450 1.96205 1.82765 1.78807 1.21350 0.98245 0.60704 1.81650 1.54783 1.59858 0.74854 0.96619 1.83747 1.23304 1.63100 1.57418 1.35129 1.00498 0.56241 1.13001 1.18347 1.62353 0.59148 0.97262 1.65610 1.70521 1.50880 1.79462 1.11172 0.78070 1.83605 1.81767 1.78483 1.75583 1.32692 0.58203 1.13890 0.86562 1.27536 1.31714 0.69785 1.74925 0.78198 0.55300 1.31697 0.98976 1.38474 1.80280 1.31669 1.06345 1.75630 0.88409 1.44455 1.13459 0.84473 1.39522 1.36944 0.75348 0.57843 0.56120 1.11209 0.75389 1.80602 1.08811 1.88220 0.83115 1.18074 0.57899 1.76846 0.76910 0.83772 1.62767 1.49583 0.75622 1.02592 1.62473 1.36612 0.98373 0.90092 0.55338 1.22053 1.77335 1.23371 0.52676 1.92756 0.54629 1.52414 1.42157 1.52946 1.19522

Best known: 2341.84
