151 151 1874
0 0.0 0.0
94 -9.0 12.0
12 -10.0 11.0
17 -16.0 17.0
619 -6.0 15.0
61 -4.0 7.0
3 -11.0 10.0
4 -3.0 9.0
13 -14.0 12.0
44 -15.0 13.0
12 -15.0 7.0
35 -3.0 5.0
114 -65.0 22.0
29 -72.0 1.0
76 -66.0 14.0
106 -83.0 8.0
157 -84.0 11.0
43 -68.0 26.0
4 -59.0 28.0
38 -85.0 15.0
212 -60.0 22.0
42 -79.0 18.0
10 -60.0 11.0
19 -71.0 14.0
856 -60.0 5.0
13 -71.0 22.0
67 -86.0 4.0
144 -62.0 11.0
310 -67.0 22.0
85 88.0 50.0
1061 91.0 66.0
344 79.0 63.0
22 79.0 64.0
15 9.0 92.0
219 -8.0 90.0
44 -6.0 92.0
370 4.0 64.0
74 8.0 92.0
82 -8.0 70.0
3 -3.0 83.0
39 11.0 87.0
54 -17.0 71.0
22 0.0 89.0
171 -3.0 92.0
65 -6.0 76.0
405 -10.0 65.0
19 -9.0 90.0
7 -11.0 64.0
586 8.0 68.0
15 -13.0 90.0
149 7.0 69.0
141 -6.0 14.0
9 -16.0 27.0
261 -11.0 20.0
4 -10.0 18.0
5 -11.0 14.0
21 -4.0 24.0
25 -4.0 12.0
86 -9.0 24.0
86 2.0 13.0
124 0.0 20.0
123 -9.0 28.0
11 -16.0 18.0
41 -4.0 30.0
279 -11.0 20.0
149 -5.0 22.0
9 -71.0 -68.0
65 -78.0 -67.0
155 -57.0 -54.0
6 -72.0 -56.0
83 -66.0 -46.0
11 -78.0 -62.0
735 22.0 -5.0
4 17.0 -9.0
56 22.0 -13.0
26 17.0 4.0
5 11.0 -6.0
34 25.0 -5.0
13 10.0 -5.0
1017 8.0 -16.0
85 27.0 -2.0
10 22.0 -6.0
7 -36.0 83.0
6 -29.0 85.0
524 -34.0 90.0
16 -29.0 87.0
15 -37.0 88.0
117 -105.0 -16.0
48 -94.0 -24.0
43 -102.0 -11.0
64 -105.0 -22.0
30 -90.0 -17.0
3 -100.0 -19.0
21 -95.0 -11.0
514 44.0 50.0
625 40.0 50.0
7 44.0 55.0
257 48.0 40.0
603 46.0 37.0
4 51.0 45.0
4 88.0 24.0
21 87.0 24.0
54 85.0 22.0
9 85.0 20.0
860 94.0 32.0
9 95.0 23.0
62 95.0 23.0
16 83.0 24.0
197 96.0 29.0
14 -96.0 -2.0
6 -95.0 -2.0
140 -91.0 13.0
334 -101.0 1.0
421 -89.0 1.0
911 -94.0 13.0
789 -93.0 11.0
37 -92.0 12.0
7 -98.0 6.0
131 -88.0 6.0
25 -102.0 10.0
24 -101.0 0.0
3 -94.0 -1.0
1027 -24.0 88.0
114 -35.0 93.0
34 -33.0 91.0
6 -36.0 92.0
530 -27.0 91.0
75 -26.0 96.0
794 -32.0 90.0
241 -26.0 92.0
18 -30.0 92.0
243 -28.0 88.0
31 -30.0 96.0
5 -31.0 93.0
68 35.0 -114.0
30 46.0 -102.0
497 28.0 -121.0
15 36.0 -123.0
583 34.0 25.0
911 33.0 26.0
388 25.0 26.0
36 31.0 23.0
7 32.0 31.0
206 33.0 19.0
1037 35.0 30.0
14 32.0 20.0
22 30.0 19.0
16 33.0 28.0
770 34.0 20.0
148 29.0 19.0
50 29.0 23.0

1.45300
1.05901 1.07533
1.82509 1.40163 1.80639
1.76081 1.59891 0.79976 1.08119
1.20008 1.25924 1.78543 0.94458 1.31582
1.48761 1.82832 1.53494 1.51251 0.79013 0.52019
0.52759 0.50701 0.72064 1.79373 1.26485 0.75774 1.79766
1.57679 0.58521 0.82050 1.38752 1.81578 1.29700 0.92909 1.38761
0.88975 1.02623 0.91535 1.79647 0.52892 1.55970 1.34425 1.42479 1.02765
0.62049 0.98531 1.29067 0.63605 1.67950 1.95650 0.54478 1.32336 0.55836 1.80406
0.55365 1.39407 1.24792 1.94994 1.58604 1.72701 1.46288 0.99893 0.81523 0.80081 1.42807
1.43038 0.73235 1.87693 0.61441 1.93150 0.76663 1.92495 1.31711 1.88423 1.76111 0.95636 0.64904
0.66391 1.36196 0.67020 1.69075 1.31957 0.76010 1.67750 0.65431 0.88813 1.60000 0.76732 1.84786 0.92005
0.75715 1.92645 1.76932 1.98757 1.66026 0.77233 1.67639 1.08057 1.78127 1.60968 1.19320 1.18318 0.98329 0.70497
0.59053 1.29217 1.47354 1.69169 0.56593 1.62103 1.65211 1.28333 1.16914 1.69579 1.64756 0.94949 0.78035 1.92594 1.85928
1.46575 0.83255 1.70670 1.19994 1.10373 1.04115 1.33823 0.95698 1.71832 0.83233 1.60707 0.57110 0.64672 1.11209 1.63752 1.85781
1.48183 0.80209 0.50450 1.59365 1.99769 1.12745 0.57840 1.51607 0.85175 1.22587 1.17799 0.83850 0.56307 1.44767 1.95344 0.77943 0.61562
0.53384 0.86355 0.73796 0.74025 0.62412 0.84312 1.62501 0.89667 1.95443 1.21025 1.69648 1.47913 1.95295 1.94330 1.65462 0.55697 1.94454 0.92460
1.02596 1.62310 1.90309 1.12469 1.86826 1.58358 0.65518 1.16863 1.09732 1.84985 1.52469 0.70318 0.53292 1.44590 0.65801 1.35229 1.38982 0.77883 1.37653
1.66966 1.00960 1.24845 0.64847 1.57112 0.93809 0.97352 1.03582 1.63976 1.01221 0.87213 1.50981 1.60942 1.10975 1.88844 1.30740 1.01082 1.53744 0.82884 1.06117
1.66002 1.08607 0.83011 0.85731 1.07306 0.73585 1.01101 0.72778 1.43567 1.88818 1.09043 0.93608 1.75233 1.61773 0.73065 1.75530 1.09704 1.44913 1.34829 0.95851 0.59479
1.36643 1.99874 0.97132 1.63534 1.27410 0.97398 1.27542 1.76415 0.72473 0.66470 1.53118 1.47682 1.55973 1.05808 1.00862 1.61722 1.52163 1.67816 0.54874 1.45523 1.24520 1.89378
1.13501 1.89485 1.95113 1.51521 0.60935 1.50311 0.97213 1.43817 0.57366 0.82587 1.99038 1.43793 1.13806 1.70768 1.86344 1.07179 1.34327 1.64150 0.99530 1.56637 1.53352 0.50190 0.56550
1.73963 1.31523 1.38313 0.99262 1.22439 0.71018 0.88161 1.88912 1.36164 1.14888 1.19960 1.85653 0.69746 0.92781 0.98982 0.68187 0.53616 1.42873 1.07145 1.53987 1.12134 1.73298 1.65949 1.81686
1.83297 1.97026 1.63153 1.29393 1.59893 0.65633 0.74140 1.30101 1.91024 1.40918 0.99782 1.38278 0.81691 1.65134 1.75354 1.16035 1.31844 1.20918 0.73863 0.87734 0.53760 0.97966 0.62030 1.34810 1.99912
1.88628 1.04853 1.04665 1.19954 1.07029 1.79718 0.56921 1.51367 1.81235 1.23086 1.17030 1.89238 1.01048 1.74140 0.64229 1.23256 1.93247 1.94390 1.89245 1.77123 1.47735 0.79407 0.50184 0.83609 1.10900 1.32379
1.30199 1.81760 1.15334 0.63084 1.87379 0.75806 0.60543 1.97041 1.62652 1.09790 1.40849 1.30880 0.80415 1.99457 1.80129 1.89319 1.51847 1.31133 0.57865 1.67024 1.89854 1.51403 0.74042 0.54771 1.25680 1.85453 0.91997
1.38971 1.94701 1.02002 1.37966 1.42732 0.98681 0.83290 0.73873 1.97217 0.85034 0.87178 0.57062 0.82668 1.47297 0.86227 1.00901 1.16685 1.36052 0.64745 0.86151 0.86081 0.86244 1.85708 0.84464 1.85758 1.71110 1.66997 1.13452
1.28328 0.80198 1.03154 0.67297 1.74060 1.13176 0.59921 1.96589 1.36262 1.88131 0.59218 1.88144 0.67541 1.24861 0.94697 1.91917 1.24431 1.44622 1.50599 1.29375 1.09291 1.26655 0.75661 0.56869 1.23852 1.72998 1.72361 1.32849 1.16460
0.88721 1.03335 0.51364 0.99094 1.05323 0.81614 0.77667 1.39443 0.64237 1.47513 1.04703 0.81559 1.96733 0.76198 1.70397 1.09463 1.30497 0.78850 0.97165 0.51982 1.59509 1.54859 1.14246 1.17667 1.87770 0.61428 0.96601 1.95784 0.99254 1.30858
1.42434 1.90493 1.18956 1.56794 1.22812 1.92269 1.24553 1.53947 1.93652 0.89022 1.33170 1.94366 1.15729 1.28773 0.76410 0.85103 1.34865 1.71598 1.35231 1.18241 1.72898 1.81926 1.82815 1.63654 1.90018 1.99574 0.70399 1.47948 1.85059 1.67861 1.24579
1.35730 0.63927 0.56445 1.77081 1.68853 1.70735 0.59529 1.93508 0.81147 0.59907 0.68069 1.47205 1.07230 1.91772 1.51830 1.76531 1.49673 1.73870 1.29896 1.67109 1.43035 1.72694 0.96500 1.32551 0.63140 0.86729 1.69577 1.87240 1.40058 0.55190 1.50620 1.98599
1.75527 0.93285 1.53912 0.53790 0.74660 1.51035 1.33016 1.43202 1.84023 1.00491 1.21973 1.44881 1.54761 1.90643 0.88034 1.53569 1.08171 1.71909 1.19319 1.65034 0.96998 1.96877 1.89259 1.77031 1.92972 1.97127 0.97735 0.54725 1.56490 1.16996 0.55672 1.32519 1.86274
1.22063 1.40867 1.17963 1.21865 1.91887 1.71793 1.31174 0.99509 1.56360 0.59711 0.83103 0.83489 0.93252 0.74485 0.64735 0.83115 1.73112 0.83431 1.74130 0.57403 0.56676 1.47316 1.82312 1.85713 0.67940 1.57732 0.69500 1.90651 0.69515 1.02145 1.16411 1.86329 1.43686 1.68871
1.68163 1.63790 0.55151 1.34713 0.73510 1.85767 0.86397 0.67731 1.69608 1.83863 1.73064 1.15505 1.89287 0.53171 1.83488 0.74519 0.74738 1.72843 0.96330 1.04261 1.06722 1.15380 0.56804 0.99754 1.65525 1.36717 0.62558 1.01395 1.98007 1.87537 0.81389 0.54600 0.78164 1.63043 1.34240
1.22445 1.72450 1.28010 0.53045 1.86793 1.69502 1.36782 1.53556 1.58765 0.57984 1.56789 1.78213 1.20414 0.71046 1.33971 0.58067 1.63900 1.79128 1.64668 0.75045 1.05615 0.76976 1.59940 1.07813 1.92526 1.36308 0.85507 1.19617 1.63312 1.60097 1.04747 1.73642 1.05005 1.21430 1.67309 0.53387
0.75158 0.99943 1.98076 1.73688 0.53429 1.30918 1.85003 1.87985 0.69833 0.60112 1.90017 1.44334 1.22882 0.57771 1.51487 0.58581 1.10505 0.86218 1.16439 1.93745 1.12883 1.64681 0.61917 1.92134 1.72660 1.25553 0.74769 1.18932 1.13975 0.94993 1.91693 0.69903 1.41093 1.58900 1.30181 0.73537 1.40932
1.63258 1.06274 1.75883 1.35242 1.01489 1.01812 0.71960 1.29817 1.81910 1.05050 0.56119 0.58313 1.24331 1.96973 1.19802 1.24794 1.58715 1.67390 1.14589 0.52762 1.64195 1.46670 1.33896 0.74399 1.88526 1.47162 0.95008 1.19354 1.14966 0.51499 1.11104 1.55276 1.40350 0.68426 1.96123 0.62490 0.55902 1.42893
1.46606 1.60356 0.84032 1.72159 1.97112 1.87089 0.72258 1.96788 1.48703 0.69791 1.46549 1.83437 0.59172 1.37688 1.82172 0.53713 0.52832 1.30120 0.93801 1.53151 0.71005 1.76408 0.86013 1.44908 0.85568 0.79641 0.59025 0.74269 1.94036 0.86411 1.42571 1.25198 0.53799 1.19449 1.91701 1.81506 1.58665 1.95527 1.82419
0.99078 1.60071 0.57950 1.88892 1.90254 1.79612 1.00989 1.21513 1.52835 0.66587 0.62212 0.57283 1.64914 1.49941 1.94419 1.61809 1.29688 1.53879 1.09247 0.79985 1.28380 1.35062 1.29189 1.42475 0.90961 1.31995 0.64665 1.46862 1.44959 0.60075 1.40568 1.66971 1.58674 1.62462 1.48218 0.99868 1.35629 1.01803 0.64752 1.49619
1.40924 1.26629 1.91772 1.53103 1.82224 0.62035 0.77428 1.62260 1.31883 1.44837 0.97193 1.35946 1.96904 1.73698 0.79708 0.58718 1.77703 1.21445 1.17060 1.16612 0.57354 1.87328 1.31032 1.39887 0.69289 1.97799 0.63307 1.16505 0.83743 1.89417 1.24058 1.91951 1.30865 1.35545 1.72653 0.64454 0.87300 1.05392 1.72724 1.54770 1.53271
1.73571 0.80028 1.51399 1.87305 1.42276 1.76778 1.83479 0.86738 1.69162 0.78267 0.61490 1.23320 1.80965 1.03286 1.46322 1.60459 0.70216 1.89132 0.57814 1.27640 0.69429 1.05410 1.48213 1.92572 1.58411 1.76450 1.11720 1.76589 0.53715 1.94689 1.60904 0.81139 1.57583 0.95044 1.00811 1.11414 1.58267 0.99595 1.91100 1.23890 0.99709 0.63281
1.70705 0.67638 1.11262 1.67144 1.39917 0.80105 1.90186 1.21303 1.16496 1.83515 0.65350 1.91549 1.38247 1.64519 1.41886 1.74106 0.67990 1.81928 1.17660 0.51544 0.96478 0.76792 1.21044 1.61952 0.86862 0.80294 1.94703 1.18191 0.72319 1.72951 0.64594 1.67093 1.88338 1.10048 0.66762 1.94411 1.89647 1.13890 0.85803 1.11651 0.98507 0.97488 1.27382
1.04381 0.82653 1.34645 1.84167 1.35407 1.65068 1.61460 0.71950 1.11242 1.94232 1.96525 1.91165 1.64750 1.59940 1.90186 0.65218 0.69877 0.71057 1.43590 1.39941 1.28439 0.62569 1.19676 1.63660 1.23668 0.95378 1.94779 0.62926 1.77826 0.78285 1.16129 0.90539 1.85346 1.81284 0.97732 0.65169 0.88808 1.85825 0.74548 1.25542 1.70161 1.02984 1.89038 1.92489
1.29299 0.64876 1.30548 1.10973 0.56801 0.55851 0.69509 1.60305 0.71473 1.95115 1.42662 1.27197 1.76151 0.66860 1.39991 1.76060 1.19633 0.71011 0.58644 1.62300 0.80712 1.78627 0.52084 0.87284 0.51765 1.94981 1.54266 1.08024 0.77716 1.93089 0.90053 1.00059 1.88871 1.05362 0.57326 1.01905 1.77999 1.44563 0.89602 1.26417 1.14325 1.88640 0.81668 0.76817 0.71749
0.68108 1.99457 0.89998 1.42969 1.40063 1.28079 1.57041 0.90754 0.56574 1.71420 0.71326 0.84635 1.20500 1.87254 0.89930 0.65569 0.66487 0.79545 0.57447 0.59772 1.00354 0.68711 1.27843 0.83074 1.76357 1.46000 1.48526 1.11329 0.77485 1.78089 1.55901 1.81713 0.51049 0.61940 1.16584 0.90367 1.70206 0.65885 1.93426 0.82094 0.91276 0.84541 0.62495 0.69770 1.19756 0.52664
1.98652 1.64627 0.96808 1.37204 1.89643 0.73872 1.00140 0.99089 1.80412 1.39022 1.01045 1.30868 1.30000 0.94930 1.41928 1.20414 1.70151 1.05740 1.13201 1.29756 0.89279 1.56698 0.99394 1.23442 1.42112 0.72710 0.74194 1.02115 0.86049 1.39787 1.82325 0.91695 0.70401 1.16195 0.57832 1.40714 1.53565 0.62750 1.48232 0.80164 1.10485 1.01099 1.71792 1.53758 0.59401 1.38746 1.64970
0.52403 1.93660 0.69054 1.37710 1.81631 1.36035 0.85138 1.01718 1.76468 0.62691 1.19286 1.05237 1.74394 0.62126 0.73282 1.54778 0.50134 0.63920 1.01099 0.93333 1.42466 0.50722 1.04806 1.07647 1.32022 1.91122 1.78720 1.48500 0.78437 1.94171 1.80167 1.85145 0.50856 1.26769 0.91432 0.86683 1.61139 1.65197 1.79284 0.92130 1.32882 1.74561 1.73152 0.82081 1.87237 1.87234 1.49623 1.66992
1.38629 1.54826 1.71279 1.06287 1.51948 1.30161 1.23591 1.75363 0.91066 1.33719 1.39005 1.83898 1.76453 1.35785 1.53318 1.09041 0.50649 1.63420 1.78741 1.66365 0.84219 0.71136 1.13621 1.15933 0.54107 1.31882 1.08685 0.76227 1.78514 1.28087 0.63300 1.87526 1.05985 1.59989 0.92726 1.94539 1.15071 1.94906 1.25084 1.41235 1.84331 1.99130 0.85617 0.77527 1.79441 0.92602 1.55023 1.07907 1.80349
0.51349 0.96647 1.07015 1.54699 1.27455 1.70686 1.64042 0.93227 1.72694 1.08097 1.73461 0.87792 0.97563 1.45145 1.76407 1.83659 1.74096 0.53669 0.64359 1.78445 1.69020 1.96014 0.56058 0.90250 0.61913 1.64606 1.06362 1.28332 0.97425 1.27450 0.99866 1.05421 0.57236 1.86955 1.41332 1.84555 1.28828 1.02099 1.92894 0.94363 1.69881 1.98335 1.19541 1.63850 1.96303 1.07284 1.35988 1.03038 1.77775 1.55010
0.57284 1.98349 0.63673 1.40821 1.20558 1.69476 1.70524 0.84729 1.49629 0.86869 0.59923 1.87334 0.76476 1.55304 1.84505 1.25931 1.11089 1.29016 1.49451 1.33850 1.58401 1.55171 1.86627 1.16910 0.70037 1.61565 0.84792 1.13095 0.92934 0.74775 1.67834 1.32838 1.13530 1.33735 0.67653 1.54286 1.92426 1.46723 1.18558 0.88075 1.19549 1.19559 0.92425 0.61390 1.70769 1.13032 0.53055 1.24698 0.65383 1.30091 0.97823
1.75487 0.59028 1.64204 0.97372 1.63621 0.57012 1.96072 1.08323 0.72290 1.60786 0.94274 0.59367 1.36575 1.31324 1.91310 1.51279 0.62231 0.78419 1.31383 0.70801 1.13767 1.58014 1.71241 1.54033 1.18915 1.58731 1.39247 1.35796 1.36019 0.87621 0.86997 1.84027 1.28292 1.16577 1.95364 1.87075 1.79596 0.67905 1.27234 1.96025 1.33698 0.57677 1.24558 0.99547 1.42250 1.83981 0.66357 1.33618 1.55439 1.49720 1.76888 1.38912
1.49861 1.03361 1.05250 1.55147 1.50393 1.43248 0.74130 1.76248 0.71430 0.64108 1.59133 1.74384 1.27299 0.78020 1.44126 0.92529 1.91951 1.08181 1.82255 0.57185 1.67510 1.64468 0.86715 1.43075 1.04818 1.64416 1.47103 1.34699 1.66465 1.08639 1.58476 1.79240 1.70406 1.44878 1.02316 0.50227 1.46329 1.94356 1.58783 1.48102 1.84665 1.73254 1.29900 1.92587 0.83076 0.79267 1.10570 1.47808 0.65593 0.91245 1.67675 0.81717 1.14433
1.87872 0.52639 1.52191 0.58681 1.56578 0.56976 1.18338 1.22699 0.86554 1.31134 1.82519 0.54246 1.06029 1.86036 1.50408 0.97796 1.46330 1.30706 1.48148 1.92559 1.05074 1.19204 0.87244 1.77115 1.11602 1.18026 1.75020 1.04931 1.76252 1.83796 1.61213 1.44118 1.04721 1.94648 0.79603 0.98757 0.65864 0.71278 0.79259 1.72830 1.36119 1.13107 1.33281 1.49392 0.96370 0.54527 0.98766 0.82569 1.30890 1.26871 1.29124 0.90000 1.62149 0.97767
1.33454 1.87057 0.63174 0.78024 1.60612 0.59079 0.79879 1.86154 0.88966 0.83174 0.73960 1.84068 0.71327 0.56628 0.54402 1.37801 1.58754 0.62783 0.83068 0.71260 1.94408 1.78753 0.52061 1.13148 0.62200 1.62667 1.08050 1.59692 0.62257 0.57172 1.74598 1.70515 1.33719 0.63913 1.68183 1.55445 1.09127 1.26118 1.42474 1.12058 1.78179 0.94193 1.90210 1.83970 0.81118 0.54363 0.90963 1.12713 0.52059 1.87739 1.15702 1.18976 1.90242 0.67872 1.85791
1.64788 0.73688 1.57734 0.82380 0.75402 1.51239 0.79445 0.95353 1.78903 0.51377 1.10015 1.23037 1.37921 1.68665 0.83816 0.96981 1.44231 1.88335 1.66818 0.85708 0.97630 1.49029 1.69561 0.60624 1.39944 0.66940 1.55824 0.61668 1.47074 1.27775 0.72978 1.53330 1.44015 1.62810 1.03139 1.04247 1.61363 1.13702 1.25491 0.53641 0.84800 0.67551 0.61796 1.21844 1.80317 1.22042 0.78534 1.60224 1.50620 1.39731 0.79191 0.56197 1.48852 1.25186 1.10387 1.89778
1.56355 1.82133 0.77861 0.89720 1.35551 0.97276 1.97528 0.71518 0.91667 1.50744 0.60765 1.54899 0.74426 1.45385 1.34083 1.64786 1.60645 1.23633 1.46836 1.83001 1.21288 1.16667 1.90783 1.10716 1.16761 0.77698 1.95058 0.83994 1.49407 1.71991 1.69043 0.77202 0.81644 1.94457 1.34803 1.51082 1.08649 1.07329 1.06298 1.61330 1.88435 0.82753 1.33439 0.95540 0.54765 1.79869 1.13928 1.18460 1.20255 1.40233 0.52824 0.73392 0.51245 1.68574 1.57951 1.87054 1.03369
0.70701 1.19700 1.49718 0.87834 0.89309 1.28268 1.75089 1.30375 1.10590 1.92697 0.74779 1.14703 1.95736 1.21661 1.11302 1.90213 0.61387 1.50375 1.47565 1.68201 1.69909 0.54181 0.89301 0.83145 1.71359 1.28988 0.59013 0.85952 1.73316 1.61922 1.47871 1.42995 0.93368 0.90069 0.63006 0.95090 1.49770 1.51400 1.03995 0.89687 1.87803 0.70443 1.16849 1.01560 0.56161 1.50197 1.58421 0.60326 0.75842 0.50743 0.68963 1.27736 0.55017 0.90555 1.29986 1.48040 1.00016 0.81392
1.08246 1.57428 1.32559 0.53493 0.91116 1.38318 1.79323 0.74480 0.63460 1.40789 0.65429 0.77443 1.24767 0.61888 1.68206 1.13409 0.68779 1.88912 1.98284 1.94450 1.44855 1.06844 1.75180 1.55601 1.95781 1.12318 1.58631 0.58866 1.42780 1.07034 0.94283 1.67554 1.43741 1.73208 0.63683 1.61813 1.60489 1.71183 1.15169 1.73660 1.37063 1.59858 0.57146 0.61780 1.08350 0.74192 1.88647 1.05663 1.64672 0.58258 0.67005 1.60797 1.72941 1.85361 0.53675 1.47999 1.91760 1.36409 1.42899
1.04165 1.12547 0.52239 1.73345 1.17610 1.04463 1.23312 0.52437 0.75532 1.92725 0.88308 1.55940 1.02315 0.98089 1.77414 0.89588 1.07909 1.13435 1.91196 0.50626 1.64777 1.08730 0.76388 1.08051 1.17736 0.99779 1.98799 1.54824 1.56177 0.55739 1.26091 1.02992 1.14102 0.69949 1.15855 0.73933 0.83576 1.21801 1.14806 1.92924 1.65054 1.08950 1.00327 1.46699 1.36253 0.93562 0.96242 0.53003 0.93257 1.90346 0.92543 1.04084 0.59535 1.81925 0.64207 0.67912 0.64742 0.55850 1.22624 0.82508
1.43656 1.63500 1.69875 1.26073 1.26429 0.70000 0.84719 0.84386 0.92231 1.53064 1.01374 1.13066 0.58910 1.40194 1.52000 1.63658 0.63579 1.40410 1.18229 1.55731 1.57749 0.98863 1.74801 1.91786 0.98746 1.24845 1.07442 1.47807 0.75594 0.92111 1.01023 1.75480 1.52278 1.83333 0.81653 1.93992 1.64281 0.72330 1.46431 1.55243 1.33596 1.83453 1.56215 1.31530 1.32938 1.10962 1.09274 0.73308 0.94684 1.81360 1.93399 1.59323 1.25649 1.28038 0.84081 0.69083 1.54553 1.72584 1.42041 1.96414 1.17623
1.18693 0.95793 1.45168 1.41377 1.56024 0.50529 1.31715 0.96716 1.22230 0.51754 1.53275 0.51495 1.13178 0.69488 0.89970 0.96711 1.84084 1.76786 0.78655 0.93313 0.93000 0.79040 0.56342 1.13638 0.96551 1.00697 1.74132 1.60799 0.52350 0.66824 1.02297 1.50338 1.80054 1.51697 1.32894 1.32356 0.59974 0.99001 0.78137 1.23376 1.35801 0.96690 0.96796 1.95806 1.45531 1.94684 1.54427 0.51723 0.70584 1.97230 0.56390 1.14590 1.85382 0.61584 1.17610 1.43552 1.31444 1.42325 1.22862 1.60001 0.62163 1.40354
1.64778 1.30700 0.91373 1.59891 0.63020 1.95017 0.89493 0.86108 0.86277 1.01478 1.70213 1.94953 1.58065 0.67596 1.25037 1.48967 0.76731 0.60097 1.43085 1.59422 1.21866 1.96446 1.84722 1.53712 1.21109 1.65989 0.80888 1.97450 1.96796 0.79084 0.62028 1.82999 1.55563 1.54793 1.33417 1.08176 1.25752 1.52705 0.52120 1.54083 0.59742 1.11256 1.92800 1.38813 0.65487 1.41209 0.70430 1.50967 1.53840 1.03754 0.94374 1.02018 1.46665 1.27168 1.55162 1.54758 0.67047 1.79640 1.21997 1.63283 1.93674 0.95333 1.59935
0.53263 0.66509 0.88617 0.81429 1.67555 0.66212 1.01310 1.61773 1.47365 1.25870 1.20286 1.02645 0.90020 0.91887 0.92032 1.18767 0.99166 1.60401 1.64852 1.60810 0.69151 1.40420 1.60072 0.54392 1.87427 1.53147 1.39119 0.70184 1.84181 0.76104 1.43448 1.50642 1.62187 1.67000 0.83519 1.88332 1.61213 1.94587 1.45187 1.09925 0.79038 0.58628 0.86220 1.77574 1.94149 0.77678 1.43253 0.91364 0.83885 0.73940 0.62368 1.96447 1.24184 0.72137 0.79890 1.11570 1.25374 0.50732 1.25187 1.98895 1.82430 1.33917 1.24212 1.27359
1.64025 1.22885 0.84422 0.51370 1.15744 0.70002 1.23703 1.57692 1.39034 1.79451 1.84123 1.03195 1.41753 1.70106 0.76843 1.40376 1.05449 1.48496 1.76829 1.49866 1.42812 1.23523 1.34723 1.23894 1.95591 1.10334 0.84524 1.92157 1.25678 1.21988 1.80719 1.27863 0.89354 0.78651 0.57748 0.63747 0.88518 1.32206 0.62921 1.95024 1.84073 1.26864 1.39825 1.75543 1.88873 1.85159 0.99230 1.88784 1.48424 0.60339 1.57940 1.73600 0.78067 1.60522 0.77972 1.74619 1.14742 0.62720 1.24514 0.69127 1.31585 1.22043 1.18929 1.39154 1.69146
1.47567 1.06143 0.52039 1.52497 0.61604 1.22892 0.99729 0.55823 1.45941 1.62519 1.62560 1.24559 0.76760 1.27689 0.61807 1.74634 0.88337 1.25642 1.05354 0.94588 1.55200 1.89029 1.92915 0.75983 1.05109 1.84578 1.50465 1.46393 1.05564 1.83801 1.41385 1.04676 1.29294 0.62613 1.89254 0.62782 1.00613 0.79461 1.15744 0.64574 1.71096 1.67064 0.87884 0.97529 1.66760 1.07760 1.79735 1.97531 1.72025 0.79895 0.70103 1.21479 1.46962 0.52130 1.01929 1.51335 1.68536 1.52667 0.93313 1.24390 1.95978 1.86497 1.10922 1.01630 0.83184 0.53511
1.32374 0.93265 1.82739 0.88335 1.10710 0.95844 1.85600 0.79536 1.13882 0.78259 1.56350 0.72845 1.92731 1.01259 0.56515 0.92314 1.93938 1.56425 0.59057 1.91565 0.96256 0.93989 1.89967 1.89050 1.27253 1.86769 0.85078 1.77071 1.99903 0.98421 1.26972 0.98174 0.72575 0.82308 0.51798 0.64749 1.46561 1.59020 0.50201 1.95676 1.57068 0.55321 0.60107 0.51730 1.87190 0.76875 0.73079 1.60949 1.94633 1.43839 1.99252 1.48222 1.73284 1.95428 1.89307 1.28176 1.60078 0.89112 1.94074 1.44582 1.83992 0.57556 1.51449 1.70522 1.72760 1.67360 1.83794
1.73396 1.07844 1.50531 1.87877 1.81282 1.43351 1.45353 1.79360 1.17514 1.64830 1.09836 0.81873 0.90377 1.73043 1.82961 1.83677 0.92691 1.77934 1.76504 1.31561 1.10747 0.76616 1.56556 1.08269 0.75895 1.57430 0.84909 1.80052 1.41937 0.77984 1.36858 1.32097 1.13680 1.61948 1.15816 1.08165 1.71876 1.88958 1.13035 1.49119 0.74946 1.39836 0.61646 0.78714 1.82093 1.74279 0.54922 1.41391 1.72452 1.69390 1.15615 1.70573 0.96493 0.82354 0.53213 1.31436 1.89442 0.57252 0.98706 1.54179 0.78508 0.89063 0.90583 1.62223 1.12278 1.16495 0.54981 1.50585
1.25133 1.83514 1.35708 1.64123 1.08869 0.62779 1.64839 0.61551 1.66149 1.93410 1.04394 1.78702 1.72396 0.88841 1.53068 1.08172 0.81526 0.52251 1.46870 1.21508 1.04044 1.71034 1.70844 1.74857 1.14368 1.07582 0.66631 0.70665 1.56553 1.50845 1.43656 1.76167 0.96848 0.51987 0.99961 1.51727 0.70912 1.36507 1.97526 1.29562 1.66847 1.76145 1.28883 1.69968 0.93450 1.32017 0.80870 1.08886 0.74548 0.63944 0.67435 0.61401 0.82520 0.92954 1.39559 1.36363 0.96006 1.74169 1.78663 0.50604 0.58583 1.70206 1.35478 0.99915 1.48487 1.66595 1.31400 1.68402 1.45049
0.77087 0.75814 1.34353 0.90256 1.32085 1.04577 1.12356 1.36680 0.56202 1.22833 0.80013 1.20055 1.48903 0.51778 1.03907 1.41617 1.03263 0.65863 1.71851 1.40580 1.27819 1.88406 0.68891 1.96087 0.64698 1.83404 1.89011 1.44653 0.91626 0.99809 0.99088 1.58303 0.79498 1.56601 1.62853 1.22005 1.44801 1.35839 0.68768 1.03830 1.02571 1.68406 1.68443 1.53336 0.73050 1.68492 1.57808 1.85899 1.53075 1.02468 0.71258 1.12742 0.73405 1.74990 1.93909 1.83540 1.59234 1.96304 0.94500 1.96598 1.40024 1.11715 0.97833 0.63414 1.87878 1.17041 1.56816 0.62357 1.31337 1.84485
0.84000 1.73888 1.35974 1.28651 1.43729 1.27683 1.94483 1.70601 1.65527 1.27547 1.92378 1.76199 1.62657 1.40412 0.53754 1.81101 0.99365 1.48605 1.72057 1.25005 1.62168 1.53189 1.56023 1.11434 1.76414 1.81029 1.36047 1.15233 1.74470 1.61448 1.22096 1.78135 0.53895 1.25909 1.47808 0.74580 1.28602 1.77022 1.54472 0.52169 1.61835 1.65595 1.09721 0.80603 0.62021 1.97850 1.15306 0.81856 0.64372 1.04210 1.48769 1.74020 0.69951 0.53654 1.82926 1.29822 1.55437 0.68821 1.55055 0.90177 0.97382 1.29278 0.66506 1.28678 1.99802 1.00457 0.94399 1.85941 0.82944 0.56091 0.91764
0.64050 0.96370 1.38112 1.90515 1.18672 1.48032 0.75028 1.79065 1.30559 1.40988 1.66880 1.00555 1.64851 0.58213 1.34488 1.65416 1.72986 0.98793 1.31960 1.78887 1.50915 0.58737 0.98855 0.88482 0.91493 1.94734 1.98135 1.59366 1.91592 0.87597 1.19667 1.31343 0.78258 0.84860 0.89330 1.11434 1.72848 0.81942 0.70154 0.79658 1.57874 1.00901 1.80182 1.70251 1.99566 0.53117 0.52490 1.24647 0.58561 1.18385 0.71108 1.77982 1.28586 0.96113 1.14817 1.25294 1.07891 1.25798 0.52083 1.30877 1.08839 1.50190 1.83342 1.35194 1.70733 1.02019 1.82839 0.59832 0.63732 1.54234 0.68420 1.42924
1.87408 1.83802 1.56127 1.84974 0.94871 1.31526 0.68849 1.56163 1.98440 1.95893 1.48100 0.53481 1.17179 0.96161 1.89762 1.57798 0.55765 1.56683 1.91203 0.86761 1.86026 1.07323 1.99464 1.12131 0.88596 1.05651 0.95744 1.30771 1.53145 0.84349 1.66181 0.85757 0.89127 1.39074 1.56585 1.20703 1.52073 1.31874 1.08784 0.63034 0.62660 0.71827 1.93837 0.83263 1.71360 1.63494 0.66823 1.19257 0.77893 1.50606 1.26739 1.66895 1.36880 1.83281 1.66091 1.37511 1.85533 1.05111 0.72544 0.70359 0.70306 0.63331 1.94802 0.60051 1.41588 1.75661 0.92773 1.81180 1.63868 1.13694 1.52462 1.64111 1.30766
1.40678 1.60754 0.88704 1.33878 1.30368 0.88659 0.90570 0.75869 1.25880 1.84455 0.91692 1.42961 0.70549 1.50283 1.44986 0.51848 1.47486 1.88143 0.98053 1.93825 1.77528 0.97706 1.12179 1.07272 1.61650 1.03633 1.90421 1.13890 1.26119 0.56898 1.25534 1.02266 1.35817 0.74712 1.69747 1.31877 1.76675 1.80250 1.83095 1.01343 0.96190 1.66683 1.13479 0.75841 0.52449 1.17247 1.54140 1.22975 1.58043 1.84590 1.62535 0.58709 0.60082 0.50750 1.41449 1.60459 1.15986 0.83900 1.11122 0.89822 1.21091 0.73546 1.73869 0.70912 0.57074 0.80673 1.41017 1.60726 1.01315 1.01521 1.25108 1.41490 1.54515 1.08792
1.79242 1.92384 1.15072 1.63286 0.60351 1.89468 1.11907 1.60050 1.10493 0.95270 0.68363 1.41377 1.74788 1.32873 1.04957 0.57366 1.71373 1.50581 1.75983 1.41115 1.29099 0.55871 1.71066 0.74917 1.00920 0.53162 0.58207 0.69382 1.74978 0.58593 0.58283 0.87436 0.56626 0.76058 0.75019 0.91935 0.53029 0.96195 0.73523 1.61908 0.73798 1.75702 1.46634 1.71447 1.09022 0.99134 1.69731 0.53141 0.77985 1.55945 0.97248 0.55834 1.56426 1.75131 1.83476 1.17339 1.63029 1.35919 1.37176 0.53702 1.44299 1.74651 1.49090 1.79877 0.80052 1.54012 0.73674 0.77758 1.55891 0.67170 1.89664 1.68878 1.22322 1.47302 0.83201
0.90178 1.18975 0.92052 1.45811 1.55042 1.62079 1.94960 1.04901 1.41222 1.63874 1.62821 0.84102 1.39955 0.86103 1.22258 1.56888 1.21746 1.34781 1.44600 1.01643 1.83026 0.83416 1.72813 1.69866 1.04136 0.64734 0.77042 1.79918 1.14712 1.24335 1.27387 0.50072 1.16335 0.52765 1.58994 1.26520 0.95855 1.20295 1.93206 0.55044 1.02265 0.92528 0.96307 1.07065 1.07143 1.72516 1.80744 1.75309 1.66722 1.52595 0.67333 1.12376 1.83375 1.61988 0.55300 1.61397 1.47927 1.65179 0.74491 1.11020 1.04364 1.65844 1.61020 0.62817 1.94201 1.46800 0.90847 1.06651 0.65667 0.87231 1.89601 0.68174 1.25306 0.73384 1.97083 0.75218
1.64931 0.81913 0.88961 1.87649 1.45625 1.39669 1.45142 1.06422 1.97930 0.57301 0.63972 0.83923 1.05234 1.40590 0.73773 0.96431 1.00814 1.80264 1.70592 0.74233 1.32967 0.84204 1.46878 1.90515 0.97543 1.41622 0.95509 0.69259 0.94736 1.18603 1.33539 1.91082 0.82622 0.53080 1.96973 1.42863 1.32542 1.17542 0.55209 1.95043 1.99218 0.73493 0.76985 1.67150 1.33647 0.67426 0.92886 0.66127 1.82538 0.57185 1.96783 1.51015 1.11336 0.62976 0.70492 1.59634 1.15445 1.95886 1.15796 0.67517 1.43230 0.99148 1.71521 1.04222 1.35854 1.63797 1.00323 1.62411 1.75167 1.04973 1.63263 0.73340 0.69230 1.98536 1.60970 1.42740 1.01782
1.22994 0.68928 1.65216 1.65150 1.88266 1.16842 1.49753 0.89257 1.53783 1.01069 1.90941 1.35591 1.47638 1.14592 0.52482 1.25481 1.06802 1.75427 1.82890 1.05233 1.92350 0.57761 1.80615 1.09197 1.35571 1.79939 0.99579 1.44706 0.68968 1.48818 1.34850 1.53397 0.74805 0.57974 1.13635 0.87858 1.00363 1.04878 0.70303 0.83470 1.72624 1.94185 0.97745 0.65914 1.90995 1.39587 1.03593 0.75925 1.11969 0.56052 1.21402 0.96870 0.84976 1.13410 1.19739 1.98372 1.92967 1.35950 1.88619 1.17889 1.17988 0.54311 0.74944 1.79683 1.97143 0.97601 1.37080 0.71173 0.85441 0.96140 0.68853 0.57815 0.73758 0.62620 1.35970 1.88215 0.94305 0.73573
0.59519 1.53732 0.60500 1.69854 1.06413 1.70320 1.62351 1.50206 0.82472 0.80066 1.02487 0.71283 0.69477 1.07496 1.57879 0.92780 1.46212 1.10948 1.98359 1.48631 1.28935 1.59124 0.75259 0.67976 0.87411 1.83824 1.53937 1.70175 0.65987 0.63607 1.02608 1.19713 0.59414 0.53443 1.60937 1.27128 1.87235 0.80465 0.95557 1.92556 1.71797 1.15214 1.85403 1.53489 0.51762 1.84940 0.59913 1.13234 1.32128 1.05071 1.72770 1.63043 1.21037 0.66344 0.78819 1.12187 1.38922 1.96620 0.97859 1.86697 0.78164 1.96977 1.97337 1.38356 1.96304 1.35706 1.01712 1.33491 1.90591 0.93466 0.95178 1.75067 0.74124 1.50617 1.22206 1.11475 0.70273 1.37973 1.08872
1.77898 1.42275 1.83344 1.61202 1.72481 1.70541 0.51143 1.40578 0.70661 0.50794 1.63174 1.09677 1.97670 0.68753 1.95307 1.79393 0.91357 0.71996 1.38058 1.89616 0.51679 0.77211 1.64717 1.67935 1.93313 1.09952 1.07154 1.00057 0.82700 1.96180 0.86304 1.48267 1.48843 1.59364 0.71711 1.72533 1.32226 1.00085 0.52874 1.14397 1.31752 0.50121 1.77323 1.75658 1.14137 1.22645 1.66506 1.62881 1.53278 0.66067 0.88266 0.68249 1.97709 0.89865 1.55169 0.77629 0.60706 1.93746 1.54155 0.86645 0.54812 1.01380 0.68062 1.88299 1.56629 0.76398 0.55845 1.15273 1.25012 0.78189 0.95227 1.48703 0.50011 1.73307 0.93927 0.89423 0.75258 1.27699 1.66353 0.58441
0.65989 0.93788 1.86937 1.72554 0.95719 1.78463 1.06689 0.71120 1.38021 0.87011 0.93321 1.24789 1.27059 1.15900 1.32771 1.26954 1.48054 1.21707 1.67536 1.63394 1.58264 0.73706 0.56864 1.07990 1.31266 1.24601 0.85719 1.06294 1.60913 0.95003 0.79716 1.88710 1.87890 0.85081 0.70638 1.32258 1.55847 0.86379 0.66065 1.84982 0.67665 0.88752 1.01410 1.37261 0.80617 1.31373 0.55400 1.54254 0.82467 1.54548 1.39562 1.15356 1.72301 1.77884 0.57118 1.01410 1.44028 1.74750 1.92305 0.60896 0.57711 1.13988 1.61783 0.54357 1.63830 1.64467 0.74724 1.50223 1.06816 1.37670 1.86843 1.87476 0.87398 1.26379 1.20962 1.53534 1.54668 0.70912 1.23375 1.52354 1.60004
0.98384 1.51551 1.62991 1.05102 1.41319 0.78739 1.89306 1.48207 1.93210 0.90147 1.07503 1.66096 0.80663 1.45818 0.57156 1.22258 0.98657 1.77707 1.23098 1.35564 1.26675 1.44363 1.52988 0.87123 0.79420 0.93867 0.58748 1.81372 0.91641 0.70297 1.88490 1.80513 0.74009 1.45171 1.72944 0.67021 1.80306 1.90802 1.49812 1.58545 0.75502 0.97159 0.55526 1.30921 1.01208 1.02814 1.84927 1.84179 1.60191 1.61946 0.59503 0.85381 1.75816 0.53266 1.01765 0.70235 1.03410 1.29741 1.25447 1.33683 0.75363 1.94050 0.50342 1.05799 1.73179 1.61792 1.71209 1.25302 1.16833 0.91803 0.87613 1.47953 1.68067 0.84463 1.25838 1.63618 0.85086 1.16046 0.85199 1.32625 1.16271 1.42279
1.28594 1.84444 1.41348 0.84473 1.00141 1.06013 1.38342 0.98743 0.50921 0.55308 1.24031 1.57552 1.33652 1.26195 1.74814 1.43046 1.38144 1.36856 0.98681 1.16796 0.68150 1.21740 1.39969 1.50931 1.55954 0.91346 0.97776 1.69842 0.71809 1.66494 0.74700 1.57017 0.51543 0.82696 1.91911 1.86939 0.70304 1.38692 1.67850 1.21470 1.54737 1.91396 0.65127 0.82865 1.83924 1.72795 0.71850 1.85803 0.75498 1.12977 1.48268 0.59590 1.21181 1.97176 1.31576 1.02111 1.33560 1.21391 1.46413 1.62713 0.83843 0.61010 1.55866 1.49438 0.93973 1.62911 0.79242 1.65179 1.91214 1.78187 1.08196 1.83424 0.92037 0.68858 0.98509 0.89567 1.35950 1.61637 0.61930 1.29152 1.70498 1.60568 1.23602
0.71592 1.42713 0.64035 0.76740 0.99997 1.69757 1.10793 0.74032 1.98740 0.65923 1.58494 1.77527 0.86368 1.92859 1.10582 0.73626 1.07586 1.63390 1.40420 1.27345 0.63382 1.74328 0.71315 1.86265 0.99424 0.82424 1.57366 0.74065 1.56305 1.83842 1.69040 0.71281 0.63389 0.90773 1.28636 0.74984 1.08825 1.65127 0.82496 1.57457 1.68925 1.16931 0.80213 1.93792 1.81700 1.64819 1.39699 1.51192 1.90746 1.57864 1.83197 0.89929 1.83663 1.02716 1.74379 0.98499 1.35861 1.61548 1.99221 1.45311 1.96700 1.16397 0.57731 0.60200 1.69730 1.10249 0.93512 1.98055 1.79174 1.80635 1.26073 1.43318 0.63131 1.99824 1.14419 1.32603 0.60419 1.46080 0.58252 1.57166 0.52249 1.61743 0.91024 0.58127
1.26124 0.77834 1.25012 0.71026 0.62444 1.29072 1.05142 0.94946 1.18960 0.93844 1.69566 1.77033 1.74058 1.90524 1.23336 1.50970 0.95512 1.56371 1.42642 0.99219 1.75025 0.66630 1.21626 1.85128 1.31736 1.98612 1.54503 1.47488 0.81188 0.79326 1.51347 1.43010 1.54183 1.18034 1.85791 1.50652 0.84012 0.71436 1.07260 1.67101 0.89086 0.77303 1.48047 1.88533 1.30019 1.60567 0.89588 0.83262 0.78068 1.66406 1.46481 1.05976 0.56097 1.72722 1.41190 0.52705 0.80155 0.65156 0.76762 1.01985 1.36981 1.30171 0.91989 1.28227 0.51339 1.42057 1.64833 1.27335 1.97427 1.88703 0.68716 0.79674 1.48484 1.52683 1.14172 1.55580 1.25722 1.44602 0.68102 1.66488 1.45683 0.94408 1.77007 0.65808 1.69280
1.96155 1.11201 0.87032 1.05559 1.41141 1.46772 0.72710 0.71763 0.62383 1.42419 0.52114 0.98645 1.79856 0.76255 1.68562 0.77489 0.52119 1.43912 1.39585 1.72256 0.56987 1.55387 1.51340 1.94361 1.34513 1.42848 1.07675 1.46897 0.98187 1.08005 1.69878 1.33155 1.56963 1.64885 1.24586 1.14061 1.35133 1.07286 0.74984 1.85021 0.79864 1.95918 1.70436 0.93613 1.16059 1.49863 1.53947 1.37049 1.69493 1.10596 1.85839 1.80312 1.35985 0.85736 1.92013 1.12170 1.90505 1.19345 1.61525 0.67631 0.79166 1.77138 1.96549 0.94881 1.46774 0.99604 1.27325 1.84327 1.99259 1.86110 1.18105 1.52443 0.75475 1.01560 1.95713 1.00954 1.99976 1.12988 1.16424 1.71709 1.28358 0.79270 0.59514 1.24970 1.56772 1.14607
1.09008 1.99772 0.82672 1.67341 1.51720 1.23232 1.76923 0.51091 1.64539 1.44154 1.18507 1.91314 1.88189 1.57582 1.97890 1.67573 1.22334 1.36136 1.84083 0.81089 0.54042 0.93266 1.88050 1.08050 1.59641 0.51147 1.83823 1.63135 1.57248 1.40325 0.89899 1.03397 0.67498 1.23243 1.84481 0.82839 1.46889 0.67552 0.98373 0.56848 1.10578 1.23199 1.19348 1.73556 1.86185 1.16563 1.36882 1.09050 0.50160 1.12055 0.84590 1.18999 1.88902 0.92487 0.57476 1.99588 0.50550 1.55532 1.10882 1.24281 1.96282 1.76198 0.77804 1.03331 0.78053 1.49585 1.89809 1.84045 0.56004 0.56429 0.91635 1.12210 1.87677 1.10177 1.40901 1.22911 0.76815 0.83431 0.58241 0.74098 1.81694 1.25545 1.80771 1.00247 0.52837 1.60488 1.80522
0.52018 1.48323 1.99509 0.54011 1.40601 0.81767 1.89330 1.01625 1.57356 0.96478 1.47844 1.12276 1.60296 0.79994 1.91615 0.56912 0.70941 1.59019 0.51305 0.82578 0.63772 1.45485 1.26342 1.96581 1.45654 0.85533 1.11118 1.76945 1.08305 1.64252 0.76651 0.94688 0.90319 1.38699 1.53048 1.15054 1.16469 1.43702 1.16980 1.54300 1.10582 1.78027 0.75132 0.98029 0.67791 1.17589 1.38926 1.57574 1.25925 1.48798 1.79939 1.41981 1.11119 1.93588 1.36505 0.90840 1.73547 1.84930 1.58808 0.70660 1.84600 0.90483 0.62437 1.54142 1.37207 0.91654 0.66119 1.48154 1.05983 1.55542 1.65631 0.57795 1.97272 0.76187 0.93335 0.98704 1.30680 1.20504 0.95281 1.69638 1.20026 1.73972 0.89416 1.31509 1.87937 1.99711 1.83212 1.70496
1.39083 1.64207 1.19369 0.60307 1.44451 1.13366 0.52326 1.97590 0.53620 1.64704 1.78701 1.42880 1.21978 1.21848 0.84182 0.94981 1.92232 1.15923 1.25969 1.51823 1.27484 1.85052 0.89629 1.15924 1.53553 1.70735 1.78051 1.26969 0.50591 1.21633 0.58983 1.21101 1.86824 0.59519 0.68329 1.38491 1.69580 0.85128 1.52056 1.06747 0.55174 1.53965 1.06772 0.92272 1.71087 0.57317 1.53505 0.99059 0.61201 1.38077 0.88188 0.63638 0.96555 1.95113 0.53843 1.20508 0.59888 1.32873 0.94934 1.93179 1.98588 0.90226 1.43770 0.56059 0.89367 1.12971 1.18364 0.81130 1.07242 0.56735 0.98701 0.95462 0.73252 0.93869 1.40240 1.38000 0.92489 0.56144 1.98514 0.79039 1.88939 0.92039 0.69160 0.67772 1.30471 1.38983 1.61170 1.15485 1.96691
0.60026 1.73293 1.43453 0.69493 0.78142 1.99949 0.80377 1.81100 0.93740 0.60634 1.80243 0.83293 0.86663 1.76096 1.82969 1.89157 0.61143 1.40130 0.62954 1.81265 1.28194 1.10017 0.93264 1.72884 1.18012 0.84538 1.97461 1.53162 1.35267 1.24688 0.99746 1.15697 1.54129 1.82883 0.56398 0.66406 1.20860 1.13235 1.17742 1.77766 1.18578 1.76836 0.82083 0.73377 1.38175 1.24465 1.94889 1.10465 1.97050 1.44798 0.60951 0.60386 1.17677 0.56389 0.51699 1.47442 0.73581 0.81622 1.83576 0.66618 1.49577 1.68264 1.68380 1.52182 1.18800 1.95748 1.05673 0.62902 0.81647 0.73299 0.72393 0.93348 1.85364 1.94023 1.89612 1.90583 0.52543 1.48749 0.58735 0.79699 1.18210 0.62544 1.76376 0.92191 1.78912 1.99505 0.82282 1.77723 1.98233 1.31180
1.63314 0.63336 1.15630 0.73690 1.08419 1.31671 1.30709 0.66632 1.11568 0.56873 1.47259 0.76933 0.55099 1.07612 1.68100 0.82886 1.40706 0.73287 1.85431 1.93784 1.99616 0.82013 0.92958 1.10687 0.91977 0.78474 1.36091 0.84001 1.28815 0.65466 0.56226 1.87630 0.77241 1.44583 0.77064 1.27238 1.99730 0.56627 1.69400 1.68867 1.80885 1.75538 1.49624 1.09099 0.76898 0.72932 0.83801 1.94276 1.86111 1.63435 0.52626 1.84363 0.79828 1.54031 1.61213 1.48103 1.66814 1.07343 0.75622 1.20062 1.71335 1.60024 0.84212 1.90085 1.46041 1.03310 0.63681 0.90482 1.51105 0.90208 1.23310 0.79349 1.22260 1.74180 1.11866 1.19250 1.33202 0.99800 1.90952 0.78621 1.88166 1.72631 1.12418 0.82333 1.66921 1.67136 1.81596 0.97468 0.89680 1.33784 1.56217
0.75550 1.96426 1.22526 1.00248 0.75161 0.97590 1.05978 1.94966 1.02676 1.18806 0.71644 1.47799 0.67487 1.60799 1.93892 1.58878 0.54925 0.65433 1.28739 1.30995 0.89738 1.38076 0.60080 0.54285 1.41638 0.83786 0.58405 0.93512 1.46249 1.79575 1.11900 0.57066 1.36703 0.71167 0.74111 1.23496 0.74424 1.46293 1.46591 1.99017 1.24272 1.49927 0.89365 1.06044 0.80552 1.42522 1.94564 1.45146 1.07348 1.17524 1.67874 0.52193 1.05279 1.84791 1.47347 1.25281 0.57850 1.00796 0.87419 1.28945 1.61742 1.42724 0.92247 1.89756 1.76544 0.77567 1.65918 0.74673 0.77091 1.91276 1.16469 1.95034 1.81608 1.58842 1.29357 1.87279 1.67784 1.20001 0.68665 1.55025 1.39319 1.91205 1.67525 1.11243 1.89569 0.63694 1.05647 0.92436 0.60945 1.39543 1.17308 0.81281
1.11246 1.48574 0.63094 1.74173 1.92156 0.84980 1.88804 0.55687 0.83612 1.64119 1.93442 1.48912 1.14332 1.35597 1.93558 1.85479 1.28416 0.71347 0.82941 0.66535 0.84236 0.56819 1.53163 1.80601 0.66429 1.23217 1.31687 1.17062 1.09821 1.93129 1.72806 1.84818 1.88126 1.33181 1.05897 0.55722 0.84125 0.85780 0.89417 0.86380 1.14361 0.60753 1.59625 1.54126 1.93025 1.77252 0.90191 1.51225 0.52477 1.91081 1.95166 1.15133 1.44442 1.93091 1.87295 1.88212 1.75368 1.92685 1.10601 0.52853 1.84414 1.72083 1.32397 1.57540 1.37137 1.61690 1.53935 1.00628 1.24643 1.87016 0.75812 0.74167 0.58879 0.75434 1.29935 1.26387 0.89392 1.97073 1.06061 1.73547 1.72600 1.36000 1.24051 0.91058 0.83531 1.45479 1.39498 1.55209 1.17856 1.32364 1.32375 1.76143 0.76895
1.23643 0.98541 1.38054 0.80507 0.69963 1.24322 1.95153 1.39472 1.53392 1.93097 0.99917 0.61636 1.07017 1.32267 1.76423 1.34783 1.23041 1.24751 1.47264 1.61528 1.99300 0.53731 0.75448 1.07601 0.56488 1.73418 0.84523 0.66283 1.47875 0.55160 1.21955 0.86725 1.57597 1.86415 1.27113 1.83119 1.60941 1.22269 0.83038 1.25137 1.87933 1.99558 0.66125 1.83548 0.93765 1.42290 1.44928 1.90072 0.99025 1.15848 0.87035 1.55537 1.00473 1.75069 1.81002 0.89165 0.96396 1.85099 1.84644 1.30151 1.74413 1.79699 1.42160 1.85035 1.04561 1.47833 1.70232 1.14181 0.90470 1.91293 1.50148 1.80025 0.86595 1.45226 1.14257 1.83461 1.10787 1.38619 0.53898 1.50580 1.66744 1.06197 1.82440 1.93260 1.09716 1.06002 1.50525 0.71650 1.42722 0.82236 0.91412 1.76835 0.62747 0.87502
0.76541 1.60082 1.22805 0.81204 1.03773 1.17265 1.51953 0.83676 1.37537 1.39955 0.76166 1.83553 1.74378 1.99212 1.54241 1.02414 1.04938 1.89677 1.74992 1.18190 1.33622 1.23821 1.49491 1.95481 1.25525 1.69149 1.37372 1.02035 1.04736 0.70697 0.81503 0.55176 1.50190 0.66537 1.24616 0.97463 0.98812 0.74150 1.88060 1.38905 0.74042 1.76152 1.31299 1.88959 0.99892 1.05838 0.93420 1.91655 1.55063 0.77268 0.52596 1.08780 1.01815 1.03962 1.05557 1.18278 0.65168 1.71280 0.59311 1.12118 0.89444 1.52136 0.89468 1.50309 0.59432 1.92550 1.85074 1.18254 1.90289 0.76853 0.88247 1.86957 1.03258 0.66825 1.38379 1.67643 1.58548 1.74902 1.72886 0.60392 1.49454 0.99328 1.65887 1.15913 0.51020 1.08356 1.42258 1.08836 1.08776 1.75500 0.59832 1.62803 1.53234 1.42055 1.15170
0.60480 0.89601 1.11094 0.65031 1.73182 0.98203 0.51675 1.74184 0.63097 0.61990 1.93180 0.58504 0.53380 1.08998 0.56191 1.44813 1.62776 1.35857 1.24983 1.62355 0.85596 1.20451 0.81389 1.89556 0.54025 1.61012 1.31067 1.67942 1.07973 0.58546 1.26965 0.64612 1.45860 1.76924 1.97675 1.91455 0.74886 1.38232 1.31369 1.28105 1.82642 0.89865 1.32060 1.60080 1.09435 1.72205 1.83333 1.82580 1.79381 0.68344 1.05425 0.83749 0.84900 1.21209 1.81657 1.74077 1.55532 1.88889 1.04187 1.10146 0.51661 1.59296 0.91990 0.59471 1.36546 0.77077 1.76318 1.15618 1.79431 0.90248 1.39251 1.81066 1.94808 1.16683 1.11900 1.16084 1.71315 0.74320 1.26736 1.17451 1.73567 0.98194 1.15970 1.55041 1.83481 0.81562 0.91558 1.31021 1.03603 1.11137 0.85069 0.63295 1.48255 0.53112 1.86198 1.96624
1.21686 1.07060 0.88202 1.39040 1.33481 1.83463 1.46684 0.59306 0.74126 0.98210 1.75268 1.70384 1.15034 1.76317 1.26310 1.07120 0.82130 1.09239 0.71168 0.99386 1.85564 0.93919 1.21934 1.88752 0.89095 1.15966 1.70543 0.54660 1.96315 1.03895 0.72377 0.68211 1.26803 1.57172 0.70444 0.52616 1.59131 1.04009 1.72015 1.76900 1.45164 1.48968 1.04883 1.00261 1.29931 1.23459 1.39351 1.80398 1.54033 1.44496 1.19025 1.16630 0.69782 1.15271 1.81895 1.94237 1.21903 1.89253 1.96258 1.42389 1.53459 0.63364 1.32720 1.22961 1.53812 1.72904 0.60166 1.37550 0.82772 1.76431 0.95423 1.37334 1.42435 0.80514 1.85059 0.74957 1.69697 0.87017 1.99864 1.06424 1.81821 1.19435 0.63384 1.02448 1.11291 1.02422 1.71637 0.84862 1.91636 0.84948 0.75121 1.27366 1.26009 1.64758 1.43446 0.93404 1.56956
1.78990 1.52227 1.44864 0.54680 1.61463 1.37529 1.80820 1.65680 1.80011 0.68701 0.72746 1.84933 0.59713 0.95107 1.65498 1.58719 0.94690 1.62039 1.70741 0.74920 1.31963 1.81567 0.98726 1.10388 0.77463 0.99662 0.70504 1.62162 0.89307 1.37655 0.88608 1.09057 1.88261 0.69983 1.74957 1.59329 0.84493 0.50521 1.01526 1.65686 1.18005 0.87084 1.59744 1.41029 1.24108 1.11059 1.42194 0.72661 1.21359 1.85847 1.51094 1.81033 1.71773 1.20291 0.52086 1.93244 1.14074 1.32248 1.65801 1.27653 1.26368 1.37220 0.96616 1.57634 1.24208 1.18773 1.12389 0.92567 1.47230 1.13797 0.94105 1.98505 1.54963 1.95673 0.96793 0.91988 0.54606 0.65597 1.37674 1.60096 0.76562 1.93165 0.61709 1.16836 1.33162 1.65949 1.98269 0.53433 0.80977 1.57422 0.65228 0.66963 1.99888 0.62667 1.08847 1.16597 1.41490 0.81554
1.64320 0.77897 0.83247 1.80223 0.58635 0.79079 1.94493 1.48841 0.80260 1.62468 1.70923 0.71651 0.64631 1.37062 1.16933 1.90843 1.46222 1.46198 1.05949 1.81625 0.89627 0.96490 1.06216 0.87827 1.52215 1.33648 1.77464 0.74898 0.73771 1.52710 1.65189 1.05532 1.63602 1.40479 1.50806 0.68456 0.59621 1.93747 1.65516 1.07512 0.83628 0.73207 0.76035 1.55410 0.73625 1.78399 0.95298 1.78769 1.46612 0.97030 0.83425 0.97732 0.58969 1.72243 1.36225 0.77371 0.80796 1.21999 1.41718 1.39076 0.78768 0.86508 0.56276 1.88205 1.83087 1.87350 1.70376 1.99819 0.81985 1.18846 1.35706 0.84631 1.32791 0.99188 1.93833 0.95493 0.87546 0.83503 1.90202 0.52658 1.59277 1.01590 1.60480 1.83485 1.39402 0.81478 1.54597 1.34654 0.57304 1.16539 1.00024 1.81603 1.97335 1.45473 1.61687 0.91645 1.56520 0.96449 0.65396
1.31766 0.58308 1.20700 1.76973 0.64886 1.62681 1.16461 1.06544 1.24783 1.62117 1.44699 1.05735 0.51197 0.83555 0.73674 1.44669 0.50690 1.94346 1.14650 0.65167 1.47100 1.42921 1.26420 1.75986 0.89588 1.40904 1.86895 1.51350 0.65675 1.62674 1.49101 1.83771 0.99895 1.06223 1.43277 1.69101 0.52498 0.77609 1.86860 1.07954 1.90418 0.84549 1.60474 1.52475 1.84266 1.94487 0.99940 0.55522 1.47769 0.75320 0.86177 0.87876 1.31037 1.03553 1.59172 1.16368 1.24118 0.54154 1.86248 1.33806 1.75071 0.97826 0.72756 1.49536 1.53556 1.96892 1.00798 1.46355 1.35084 0.79150 0.55522 0.94899 1.36659 1.66313 0.88004 0.93381 0.54372 1.31970 0.93468 1.26838 1.20875 0.76266 0.65090 1.96277 0.93312 1.39331 1.41231 0.94492 1.60203 0.90235 1.44418 1.01618 1.29315 0.61898 1.06343 1.49299 1.81710 0.53145 1.95006 0.75734
1.50866 0.85772 0.62873 0.59535 1.68419 1.11791 1.51598 1.50786 1.11805 1.15166 1.13621 0.90299 1.97958 0.50532 1.51058 1.84549 1.44561 0.50761 1.51332 1.95517 0.65404 0.68929 0.61352 1.75851 1.38865 1.90314 0.88108 0.84537 0.90735 1.64126 1.75152 1.21809 1.63562 0.74181 1.84734 0.70587 0.80207 1.99402 1.71433 0.65507 1.25199 1.55862 1.91128 1.03579 1.36282 1.91419 1.06403 1.13686 1.51314 0.99511 0.56430 1.23688 0.89168 1.16481 0.96081 1.61875 0.73485 1.83821 0.70771 0.89479 1.62928 1.32963 0.77565 0.94356 1.74367 1.15484 0.68718 1.80154 1.93370 0.76322 1.14882 1.33041 1.04813 1.23489 1.08788 1.32520 1.94775 1.52651 1.90712 0.56909 1.14752 1.23571 1.65887 1.38193 1.82018 1.91973 0.55197 1.72124 1.83300 0.68924 1.28330 0.67413 1.09402 0.55925 0.90679 0.95893 1.44832 1.98439 1.07604 1.18377 1.17601
1.08457 1.41788 1.19307 1.87177 1.26417 0.59744 1.33528 1.87150 0.87274 1.10540 1.57202 1.81334 1.47987 1.70865 1.78496 1.18941 1.03391 0.66765 0.72890 1.74013 1.87234 1.02197 1.58100 1.57320 1.31933 1.91018 0.52476 1.72235 0.89833 1.14094 0.98162 0.99796 1.46615 1.47637 1.66750 1.04633 0.99062 1.62259 1.97948 0.72252 1.40623 0.85819 0.89019 1.19690 0.63991 0.61868 1.60405 1.09001 1.59037 1.07286 1.92841 0.62901 0.68599 1.12933 1.74956 0.79419 1.57796 0.76531 1.69141 1.84726 1.10026 0.86706 1.31067 1.35401 1.19406 1.74240 1.87021 1.98102 1.61766 0.78260 1.06155 0.52174 1.50542 1.86254 0.66211 1.87581 0.57939 1.01359 1.31922 0.54102 0.99023 0.73381 1.66618 1.67320 1.34220 1.87887 0.76360 1.23611 1.69584 1.94711 0.88961 1.78919 0.82798 1.96457 0.91127 1.10351 1.51766 1.24030 0.77978 1.06435 1.87137 1.86480
1.85968 1.05408 0.87588 0.95268 1.34171 1.71805 0.54150 1.50487 0.70783 0.62154 1.41974 1.74351 0.94902 1.03251 0.95581 1.82200 1.06674 1.07531 1.16361 1.22158 1.23466 0.97016 1.69425 1.17500 1.11635 1.61240 1.31422 1.47101 1.85523 0.78865 0.63549 0.68376 1.39429 1.70105 1.43864 1.98875 1.91060 0.95391 0.73544 1.27960 1.94370 1.91792 1.87642 1.36918 1.03967 1.66769 1.36436 0.93181 1.25732 1.07714 1.33021 1.48822 0.64255 0.88678 1.51134 0.72683 1.54141 1.75154 0.55570 0.91723 1.62453 1.04626 1.69025 0.79182 1.47378 0.96058 0.71640 1.47604 0.97175 1.40032 1.35499 1.69127 1.48827 1.14825 1.58112 0.88770 1.69004 0.55470 1.68852 1.53963 0.89980 0.95804 1.14936 1.37131 1.04109 1.38943 1.19592 1.10228 0.70468 1.57929 1.13671 1.30943 0.98226 1.25576 0.77201 1.72024 0.81458 0.70357 1.65336 1.79890 1.41615 1.21374 1.25378
0.59668 0.83514 0.63920 0.88514 1.49351 1.46564 1.26688 0.68021 1.19582 0.53557 1.47467 1.79528 0.67389 1.84380 0.81131 1.33859 1.78873 0.57987 0.57248 0.84440 1.37862 1.42633 1.19415 0.93885 1.73541 1.99966 1.31661 1.70301 1.04151 0.61081 1.39960 1.38189 1.73905 1.62175 1.78862 1.47446 0.50853 1.66933 0.63644 1.18229 1.13967 1.82314 0.84129 1.81129 1.42079 0.57601 0.98161 0.98819 1.83064 1.20709 1.60399 1.30999 1.59770 1.59756 1.99453 1.64895 0.83197 1.66180 1.98402 0.76200 1.95083 1.03364 1.76924 0.83723 0.89587 0.51491 1.49168 0.93894 1.07789 0.94438 1.65560 1.95427 0.52866 0.74102 1.47122 1.92114 1.46222 0.98995 0.90059 0.82731 1.13772 1.87161 1.80770 1.51580 1.25717 1.00092 0.70533 0.68016 1.43679 0.53741 1.40370 1.84720 0.99500 1.48636 1.46853 1.21341 1.99724 1.05012 0.56684 1.15565 1.23705 1.12487 0.74363 1.54345
1.66698 1.02631 1.82314 1.86139 1.99815 1.91293 1.69746 1.49700 1.62180 0.68410 0.55614 1.33353 1.88159 0.77218 1.25855 1.49421 0.60587 1.32128 1.29688 0.90519 0.89000 0.94152 0.74128 1.52149 1.93082 0.80857 1.13977 1.30926 1.83609 0.94457 0.87370 0.54650 1.50272 0.61290 1.87794 1.20561 1.42682 1.93560 0.65766 1.51300 1.86455 1.41830 0.90640 1.08377 0.61067 1.27861 0.84168 1.70079 1.94986 0.50104 1.90144 1.93604 1.55023 0.51736 1.12176 1.24499 1.89055 1.76558 1.17547 1.81170 1.80076 1.11243 1.87179 0.84454 0.89841 0.69853 0.67261 1.18356 0.52773 1.48795 1.71369 1.48025 1.28174 1.89518 0.58864 1.59931 1.85476 1.39620 1.54451 1.53028 0.66432 1.83959 1.90801 0.77123 0.90474 1.22984 1.00638 1.85395 0.68389 1.75519 0.52233 0.79377 1.81496 0.82299 1.06332 1.69603 0.64521 0.89102 1.83762 1.96588 1.05120 1.69548 0.91777 0.88897 0.92402
1.88608 1.58032 1.97811 1.00747 0.70438 0.62629 1.30077 0.86108 1.35741 0.65406 1.47099 1.97014 0.80530 0.66407 0.86517 1.54653 0.92829 0.81030 1.14919 1.54889 1.13711 0.86468 1.60927 0.76369 1.66389 1.05856 0.79187 0.90857 1.53113 1.13890 1.35000 0.63600 1.53964 1.97769 1.53711 1.82953 1.42797 1.55077 0.51200 1.05302 1.80766 1.56918 1.66008 1.03378 1.24842 1.26024 1.69884 1.27856 1.06082 0.95217 0.58557 1.81734 1.44583 1.07258 0.62586 1.70657 1.33944 1.38800 1.39691 1.18173 0.86010 0.58133 1.87913 1.00665 0.94495 1.95089 1.63185 1.22757 1.58254 1.90649 1.10411 1.20785 0.58596 0.74236 1.52495 1.16716 1.26592 0.73272 1.37358 1.65748 1.48075 0.89400 0.70437 1.47004 1.58744 1.62911 0.92545 0.65571 1.18345 0.91860 1.53815 1.07658 0.83149 1.03653 0.72392 1.67589 1.16685 1.87355 1.18985 1.37608 1.79148 1.82883 1.12443 1.90698 0.57274 0.77140
1.18921 1.24151 1.50652 1.36180 1.46509 0.57232 1.53380 0.69209 0.52496 1.62482 1.65504 1.81100 1.17911 0.92638 1.75085 1.77011 1.32402 1.74133 1.83018 1.77846 0.51691 1.79671 1.30769 1.31850 0.87733 0.52782 1.09852 1.52094 0.99500 1.84826 1.32340 1.44694 1.40407 1.94602 1.73483 1.51294 1.57069 1.10271 1.46685 1.12211 1.41120 1.11369 1.70283 1.20614 0.91063 1.85993 0.84163 0.58379 1.52817 1.07855 0.64494 1.70923 1.92570 1.60318 0.95351 1.52387 1.38971 1.54793 1.56449 1.13525 0.71292 0.96197 0.76281 1.10760 0.86910 0.87419 0.67393 0.76638 0.81553 1.15761 1.35902 1.79094 1.16426 1.37058 1.53155 0.93759 0.58085 1.56249 0.54602 1.42482 1.59553 1.13570 1.66307 0.64947 0.65844 0.53761 1.78158 1.83198 1.92400 1.22718 1.93287 1.06037 1.98113 1.96398 0.85983 1.79855 1.23863 1.67703 1.38167 0.93638 1.66415 0.79915 1.23630 0.67920 1.73670 1.74974 1.75151
1.88539 1.27517 0.92429 0.73894 1.84001 0.64394 1.21747 0.62347 1.88194 1.37628 1.39970 1.48042 1.30997 1.36878 0.68069 1.66658 0.88257 1.89631 1.68019 0.80010 0.80873 1.49195 1.45196 1.75602 1.74551 0.60937 1.97388 1.97978 0.52339 1.84057 1.86065 1.43893 0.52335 0.59711 1.05182 1.30203 0.94310 1.47514 0.95525 1.10536 0.84366 1.36697 0.76759 0.86599 1.61457 0.76778 1.96810 0.85517 1.34784 1.27193 1.74673 0.58626 0.93075 1.24553 1.94357 0.64415 0.88460 1.86779 1.42414 1.12864 1.65272 1.45473 1.40051 1.12600 1.87146 0.62673 0.87745 1.48273 0.54568 1.80288 1.42521 0.96313 0.59670 0.92651 0.68219 0.69163 0.74741 1.93852 1.82060 1.22890 0.57526 1.38653 0.70323 0.83427 0.95208 1.84192 0.93171 1.24258 1.91977 0.82527 0.65906 1.66115 0.58624 1.54367 1.11174 1.65285 1.67847 1.73399 0.55498 0.52457 0.56484 0.75603 1.39985 1.41783 1.90933 1.01739 0.83796 1.15165
1.02908 0.78921 1.93214 0.71376 1.54358 1.80159 1.44487 1.24147 1.33138 1.82635 1.37633 1.74238 1.67541 1.57856 1.16433 1.76361 1.90193 0.95721 0.91146 0.83049 0.65648 1.78311 1.77365 1.38923 1.60387 1.70551 1.63269 1.45281 1.60788 1.71444 0.89817 1.81874 1.42371 0.87774 0.53232 1.17686 1.42355 0.76310 0.57389 1.39955 1.73525 1.06228 1.50963 0.87920 1.64711 1.56825 1.31217 1.03921 1.66066 1.47773 0.89163 1.92067 0.52319 0.55714 1.62484 1.44973 1.56287 0.52995 1.24726 0.89089 0.53032 0.59158 1.69333 0.93062 1.83017 1.04586 1.54070 1.14589 1.68440 0.63358 1.52229 1.69784 1.92408 1.92546 1.90038 0.82643 1.79794 1.59584 1.90775 1.49398 1.27159 0.69335 0.97070 0.84117 1.36079 0.75342 1.10925 1.38066 0.82840 1.30065 1.64820 1.28561 1.99755 1.35914 1.26047 0.94996 0.68340 1.22831 0.69609 1.37303 0.62702 0.60250 0.63262 0.64716 1.89253 1.24824 0.78368 1.38901 1.85693
1.81676 0.72025 1.81411 0.53999 0.76338 1.54852 1.70939 1.27636 1.01821 0.71330 1.90627 1.41956 1.01867 1.85853 1.15555 1.99165 1.08190 0.87534 1.72247 0.53197 1.96283 0.63452 0.87515 1.02228 1.67728 0.58993 1.63522 1.73750 0.71425 0.98631 0.52922 0.51665 1.88207 1.01694 1.15870 1.09127 1.56869 1.66167 1.22575 0.52814 1.27042 0.57852 1.19952 0.89200 0.92987 0.87978 0.53526 1.58338 1.99408 1.64158 1.46902 1.46306 1.42031 1.54973 0.58843 1.99636 1.67581 1.94416 1.05434 1.14570 1.21657 1.18197 1.40268 0.71648 1.34343 1.21370 1.62816 0.64867 1.51944 1.70925 1.52289 1.75383 1.11623 1.07503 0.55361 0.91525 0.89587 1.42863 1.84311 1.08001 0.99083 1.91847 1.52818 1.14361 1.45870 1.91065 1.92571 1.43092 0.78376 0.95296 1.37580 1.80692 1.13285 1.55500 0.87376 0.67579 1.85722 1.85735 1.72337 1.00572 1.36428 1.02385 1.09117 0.95239 1.34632 1.42640 1.79001 0.76680 1.63659 1.06593
1.63226 0.73137 1.14828 1.12964 1.62362 1.28366 0.69924 1.14943 0.68524 1.21424 1.97317 0.98611 1.79019 1.03609 1.65521 1.49807 1.31525 1.64509 0.76105 0.72211 0.62610 1.73014 1.24252 0.56850 0.52055 0.98330 1.23437 1.88000 1.65572 1.32572 1.12364 1.04336 0.51480 0.70490 1.15697 1.14896 1.01646 1.80627 0.93512 1.22358 1.17994 1.50535 0.69649 0.56770 1.44368 0.75557 1.24315 1.06943 1.56468 1.54441 0.95568 1.40522 0.87176 1.42864 1.88089 0.77700 0.60773 0.93999 1.86850 1.25595 1.63178 1.02285 1.75272 0.67205 0.54331 1.73080 1.51979 1.44253 1.47871 0.90172 1.57390 0.72388 1.93096 0.59794 1.72526 0.80988 1.16138 0.95417 1.44150 1.86460 1.93784 0.51855 1.21987 0.63416 1.89276 1.56017 0.84496 1.68922 0.84611 1.53756 1.25973 1.97630 0.79019 0.57688 1.68487 1.80548 1.57899 1.26047 1.14069 1.88737 0.80446 1.97083 1.71096 0.92670 1.71334 1.25181 1.62251 1.41065 1.52601 0.92324 0.80707
1.29605 1.66488 1.50751 1.33788 1.32909 1.75613 0.76417 1.15238 0.54262 1.39395 1.52536 1.50228 1.10097 0.81805 1.83521 0.71028 0.82843 0.83517 0.84864 0.78842 0.51283 0.58540 1.63190 1.89780 0.93582 1.03893 1.72749 0.69012 0.81512 1.83299 0.70989 1.95840 1.62174 0.97000 1.82935 0.89974 1.47759 1.40661 1.10532 0.92186 1.69124 1.04967 1.92966 0.88957 1.87734 1.67493 1.67128 0.89194 1.76371 1.13965 1.28327 0.73424 1.51759 1.52340 1.80311 0.51208 1.64076 1.06137 1.80573 0.87670 0.81561 1.26000 1.52673 1.84180 1.86413 1.74162 0.51133 0.53466 1.37893 1.87669 0.52537 1.28208 1.65455 1.45473 1.92801 1.12236 1.63175 1.37462 1.23666 1.41294 1.24237 1.37051 1.51461 0.67048 1.48028 1.42331 0.59119 0.69646 1.84875 1.46852 1.16973 0.83000 1.29997 1.07337 1.16613 1.40415 1.94760 0.78248 1.58642 0.61427 1.63358 0.71082 1.57466 0.93863 1.74935 1.52129 1.09356 1.98742 0.80252 1.05180 1.81138 1.97085
1.02463 1.03390 1.89278 0.89640 1.29355 1.70334 1.35291 1.93156 1.90053 0.59963 1.66488 1.67947 1.15665 1.54506 1.07967 1.68183 0.64351 1.56236 1.86695 1.82620 0.69333 0.66280 1.24644 1.85928 0.84133 0.86085 0.70937 1.79192 1.91262 1.79992 0.98476 1.88780 0.54381 1.11000 1.58025 1.02818 0.74876 0.51076 1.92457 1.26729 1.21669 0.73115 1.30009 1.49025 1.83184 1.90078 0.68328 0.51188 0.94744 1.66614 1.78293 1.19171 1.43530 1.59182 1.51499 0.89315 1.70514 0.68302 1.92680 1.42555 1.01537 0.57524 0.58315 0.81598 1.35269 1.34363 1.16973 1.93837 1.53392 1.96620 1.86339 1.54795 0.83392 1.02972 0.55187 1.31527 1.82066 1.18366 1.57994 0.96242 1.51569 1.30999 1.35652 1.39369 1.72354 0.94006 1.59772 1.64339 1.79542 0.62107 0.87928 0.52809 1.85343 1.79105 0.86574 1.47472 0.90011 1.85818 1.29571 0.91774 1.51641 1.96914 0.52015 1.24851 0.58115 0.67147 1.40684 1.68198 1.79173 1.83403 1.93407 1.29599 0.95225
1.95409 1.61303 1.63915 0.92663 1.31460 1.60478 1.30592 0.95002 0.61970 1.99986 1.05415 1.63267 1.82089 1.37094 1.98068 1.50469 1.11928 1.70366 1.91722 1.36937 1.05105 0.83371 1.70141 1.64891 1.03545 1.36853 0.84441 1.52616 1.09543 1.18896 1.90656 1.32693 1.91405 0.84239 1.55567 0.92683 1.94722 1.93142 1.48293 1.41048 1.31632 1.51954 0.64491 0.85580 1.10616 0.74288 0.99030 1.98944 1.76571 0.81781 0.73562 1.59646 1.35868 1.77631 1.79777 1.41348 0.90922 1.21844 0.58864 1.66298 1.64203 1.52845 0.82574 0.63902 1.72430 1.13929 0.63574 0.82640 0.83582 0.78766 1.01090 1.30719 0.68833 1.45770 1.99269 1.14377 1.46940 1.08278 0.74959 1.68359 0.88480 1.14714 1.58185 0.77643 1.37334 1.50997 0.82473 1.79420 0.79687 1.40447 1.15541 1.15874 1.98631 0.91700 1.66002 0.92371 0.79639 1.71098 1.45610 1.77582 1.06593 0.76729 0.61343 0.65435 1.39117 1.26604 1.66886 1.96802 1.48773 1.37451 0.85827 1.23320 0.53859 0.78349
0.73523 0.84539 1.43754 1.04801 1.73053 1.52832 0.62286 1.27849 1.24115 0.98818 1.91921 1.54874 1.38649 1.03646 0.77143 1.74734 1.90397 1.88480 1.13280 1.54652 1.05492 0.96977 1.48962 0.64029 0.57228 1.68265 1.55564 1.84975 1.34614 0.75130 1.76339 1.40907 0.61305 1.98791 1.25766 1.68640 1.25691 1.89010 0.94940 0.76127 0.65458 1.39945 1.15644 1.39309 1.77436 1.61453 1.98239 0.79743 1.16144 1.39845 1.47131 1.05909 1.49308 0.97916 1.48317 1.76672 0.60951 0.56737 1.67039 1.12797 0.75036 1.69072 0.66131 1.13887 1.28440 1.07612 1.80794 1.84215 0.77529 0.74574 1.30640 1.36034 0.69696 1.46702 0.64626 1.04888 0.68556 1.42381 1.62267 0.87508 1.62350 1.87250 1.19536 1.82448 1.52771 1.20591 1.73573 1.85014 1.73505 1.95867 1.68013 0.62931 0.70273 0.81586 1.56906 0.79518 1.37483 1.50444 0.57632 1.60312 1.63161 1.87878 1.74947 1.63321 1.39842 1.72247 1.41726 1.63691 1.06501 1.53805 1.40434 1.72694 1.47898 0.53012 0.52683
0.63191 1.83534 1.95069 0.85061 0.57710 1.75346 1.19680 1.57055 1.32479 1.72301 1.56960 1.49644 1.01306 0.89370 0.98143 1.92883 0.94375 0.83288 1.56505 0.64190 0.81163 1.61253 0.61492 1.69859 0.84067 1.56992 0.83589 1.97267 1.81558 0.61427 1.55777 1.13342 0.72894 0.54218 0.55389 1.82450 1.21140 0.93450 1.00544 1.81300 1.08291 1.49172 1.28093 0.62684 1.39878 0.90324 1.88658 0.90562 1.22138 1.72813 0.58383 0.75824 1.40209 0.85395 0.90111 1.65426 1.09664 1.61101 0.59347 0.76194 1.21302 0.50470 0.63512 1.27137 1.58577 1.87963 0.91314 1.96307 0.54184 1.11407 1.13625 0.56890 1.76409 1.59352 1.75360 1.02450 1.17947 1.83716 1.86864 0.70833 0.86740 1.45483 1.14738 0.74355 0.69668 1.91237 1.61897 1.92898 1.60998 0.57153 1.73459 1.45128 1.78018 1.47116 0.83033 1.47312 1.52816 1.26094 0.95465 0.85401 1.63407 0.72785 0.67592 1.23227 1.03437 1.31076 1.34097 1.26962 0.75009 1.05244 1.72171 1.33696 1.91393 1.68599 1.10209 0.86113
1.70561 0.81273 1.99448 1.61477 1.45097 0.97138 1.43869 1.19406 1.78108 1.27717 1.16204 1.11372 1.58937 1.07759 1.79132 0.99784 1.41018 1.51388 0.61357 1.06680 0.92875 1.93448 1.43951 1.75738 1.42290 1.71989 0.90737 1.84046 1.48269 0.97531 1.55100 1.85644 1.29271 1.67925 1.70956 1.52295 1.11905 0.94039 0.93225 0.92562 1.28996 1.12940 1.39029 1.59804 1.11949 0.74891 1.68471 1.05972 1.20902 1.81490 1.83217 0.65415 0.79252 0.99765 1.47900 1.95525 1.43572 1.88207 1.62854 1.33175 1.36742 1.07398 0.69440 1.80035 1.82553 1.03203 0.91897 1.67665 1.19530 1.96561 0.92031 1.57033 1.40649 1.29683 0.56630 1.32223 1.52326 1.47435 0.98448 1.16613 1.20796 1.64834 1.22752 0.89379 1.95768 0.95343 0.71659 1.86203 0.73204 1.65418 1.78356 0.65309 0.62030 1.15487 1.85692 1.02049 1.84261 0.85141 1.35233 1.48244 0.51198 0.72081 0.80480 1.19031 1.83507 0.74573 0.64235 1.21597 0.67086 1.59050 1.96568 0.74223 0.94510 1.48291 0.68075 1.36212 1.95711
0.71367 0.75277 1.76337 1.17724 0.55560 0.67996 1.96531 0.50559 1.00201 1.24748 1.39663 1.67477 1.83405 1.23360 1.77765 0.86241 1.67684 0.98039 1.67549 1.02150 1.44921 1.70014 0.70076 1.57363 1.75138 0.68622 1.29752 0.81149 0.63562 1.81288 1.64200 1.17584 0.92417 1.43972 0.85286 0.96303 1.62470 1.03840 1.37402 1.51668 0.51359 1.45163 0.62297 0.99224 0.66549 0.85196 0.87743 1.93706 0.94557 1.18991 0.92610 1.70032 1.39395 1.81556 1.10157 1.48141 0.76836 0.73772 1.62068 0.64792 1.51390 1.79303 0.54765 1.51762 0.91897 0.96957 0.96057 1.21162 0.80770 0.53414 1.04976 0.66371 0.69682 0.73664 0.91587 1.39753 1.57816 0.63943 1.35740 0.72406 1.72105 1.26373 1.89425 1.01518 0.66680 1.23780 1.10469 1.42747 1.71558 1.45377 0.95753 1.56958 1.54124 1.16173 0.95382 1.03828 1.36350 1.30921 0.54882 0.57640 1.93028 0.72080 0.81789 0.70709 1.43425 1.26058 0.76549 1.81735 0.65493 1.04889 1.94787 1.89571 1.93627 0.68865 0.69685 0.60356 1.52670 0.85869
1.69953 1.14167 0.61958 0.99749 0.63841 1.94920 0.95817 0.81382 0.76236 1.94991 1.82180 1.88370 1.01653 1.46154 0.63963 1.95621 1.68713 1.34044 0.62547 0.57096 1.81957 0.80888 1.54672 1.59370 1.88954 0.90606 1.99722 1.80254 1.78693 0.80083 1.73873 1.54461 1.77682 1.12313 0.74338 1.79719 0.55628 1.50027 1.15183 1.18664 0.64550 1.71192 1.58917 1.16509 1.92078 1.44414 1.10764 0.71046 0.98555 0.84463 1.90969 1.08097 1.14331 0.69328 1.60121 0.62167 1.61640 0.76440 1.20930 1.29582 1.85591 0.57827 0.68557 1.07656 1.41216 1.52264 0.96546 1.38501 0.76170 0.99363 1.21958 1.47022 1.65993 1.11658 1.85609 0.68517 1.71910 1.88563 1.32944 0.76313 1.49870 0.74303 0.72614 1.86324 1.00244 1.83855 1.04029 1.31227 1.29013 1.76072 1.09569 1.15532 1.72071 1.83050 0.83794 0.65084 1.51016 0.89903 0.64961 1.24248 1.39553 1.14877 1.47100 0.75453 1.10955 1.35459 1.50257 0.82409 1.33829 1.89239 1.55408 0.94660 1.56063 1.41971 0.68574 1.25184 1.83741 0.91364 1.59743
1.15800 1.80093 0.89969 1.34207 0.65409 1.59817 0.73071 1.13479 0.90303 0.57890 1.82285 0.82330 1.18601 0.87862 1.23505 1.91142 1.68099 1.83114 1.34379 1.41800 0.53051 1.34726 1.11722 1.92020 1.30274 0.65126 1.68858 0.53640 0.67350 0.63836 1.20623 1.16761 0.50531 1.35700 0.52625 1.86891 1.76143 0.75149 0.82032 0.89657 1.88377 0.80351 0.88016 0.69240 1.17835 1.52272 1.27135 1.00199 1.25545 1.37945 1.22150 0.68389 1.61022 1.60396 0.67148 1.02166 1.04365 0.74467 0.83544 1.92664 1.12277 0.50815 0.95559 1.38376 1.24250 1.18655 1.09754 1.24805 1.43194 1.78708 1.57761 1.01217 0.70513 1.38566 1.38065 1.31204 1.65180 0.65735 0.82405 1.24040 0.77934 1.82222 1.71296 0.96246 1.38172 1.10640 0.95253 1.65443 0.85401 1.49847 0.78790 0.91382 1.35760 1.01183 1.94605 1.17042 1.64395 1.31371 1.44311 0.62951 1.61507 1.68167 0.87150 1.55058 1.07339 0.51654 1.47978 1.56402 0.71415 1.44082 0.68872 0.96679 1.30938 1.26166 1.47929 1.91313 0.88308 1.22742 1.35478 1.17549
1.92042 0.89421 1.27730 0.88025 0.82319 1.05130 1.48170 0.50213 1.36273 1.86599 0.76442 1.17472 1.19598 1.86166 0.53415 0.64908 1.04221 1.47200 1.21158 0.95151 0.68614 1.32654 1.44387 1.54933 1.49137 0.54570 1.42373 1.83856 0.83891 0.62468 1.63995 1.62513 0.86876 1.87618 1.72697 0.86710 0.66550 1.38270 1.61329 1.09761 1.59698 1.56611 1.78074 1.41862 1.42915 0.88851 1.59654 0.59648 1.14929 1.91811 1.59569 0.61396 1.98981 1.63329 1.59380 1.35328 0.54301 1.91012 0.98955 1.13407 1.94659 1.17371 1.31260 1.23400 1.07702 0.77260 1.99885 1.65489 1.89707 1.88746 1.69183 0.72750 1.13789 1.45598 1.65937 1.91846 1.37373 1.36525 0.50516 1.73985 1.03839 1.37107 0.55423 1.71204 1.57177 1.16348 1.79545 1.78139 1.23456 0.56460 0.84034 0.77446 0.51207 1.54738 0.68828 0.55093 0.77529 1.32803 1.31008 0.75618 0.78987 1.77194 1.02083 0.84773 1.28020 0.87355 1.17839 1.42488 1.01711 0.52213 0.61990 1.26573 0.83814 1.18884 1.86093 0.58154 1.39597 0.77396 0.69973 0.98426 1.01066
1.49860 1.48864 1.97752 1.85395 1.99554 0.83810 1.60060 0.97854 1.48280 1.62245 1.80766 1.16193 1.79541 1.82963 1.09409 1.84862 0.74784 1.58937 1.05131 1.27277 1.25588 1.20298 1.01626 1.67571 1.66455 1.27126 0.73000 1.91469 1.83385 1.99612 0.95077 0.66676 1.37078 1.46934 1.24948 0.87417 0.59018 0.78397 0.94479 1.60516 1.95093 0.57377 1.71678 1.39745 1.21320 1.81281 1.36395 0.97753 1.93372 0.85301 1.13170 1.20051 1.20478 1.39812 1.27328 0.80983 0.82779 1.80117 0.60840 1.12493 1.04052 0.63723 1.93477 1.48468 1.05380 0.83529 1.85054 1.72787 0.58510 1.97997 0.58083 1.71645 1.44376 1.06031 0.69480 0.60811 1.59424 0.62790 1.75054 1.47234 1.09970 1.15640 0.79302 1.72219 0.59033 0.76566 1.22310 0.89594 0.89081 0.87428 1.05270 1.49337 1.06559 1.66077 1.33270 1.06606 0.74458 0.57027 1.28498 0.79885 1.07803 1.07812 1.16831 1.08704 1.73540 1.65791 1.79489 0.91668 1.25262 1.57767 1.97073 1.22866 0.76016 0.60316 1.73128 0.69424 0.85002 1.50675 1.95170 1.40383 1.89677 0.80901
1.86127 0.66679 1.01554 1.07732 1.20607 1.00976 0.87134 1.09639 0.92804 1.65115 1.57378 1.93428 1.55845 1.46143 1.42404 0.61538 1.86156 0.83500 1.31002 1.30621 0.50093 1.19015 0.97338 1.72843 0.70765 0.59322 1.74860 1.46570 0.57958 0.90492 1.44009 1.24867 0.98571 1.92849 1.09505 1.07887 0.71901 0.82376 0.72737 1.23605 0.67582 0.82391 1.82518 1.53460 1.32221 1.01452 0.83756 0.55162 1.09161 0.57777 1.35770 1.10962 1.30110 1.44750 0.73178 0.97814 1.10631 1.99070 0.77494 1.05997 1.07395 1.67454 0.72770 1.68360 0.70369 1.21301 0.69968 1.90702 1.76745 1.87632 0.50578 1.07079 1.82110 1.95308 1.50236 1.42491 1.43388 1.27041 1.28803 1.40976 0.74612 1.77325 0.52385 0.79774 1.04521 1.58893 0.72570 1.75321 0.69273 0.98013 0.99730 1.18612 1.96342 0.62542 1.35389 0.68183 1.47616 0.97916 0.72770 1.42473 1.59166 0.63402 1.85455 1.87309 1.66831 1.33044 1.50849 0.83992 1.81489 1.12276 1.83535 1.31507 1.07996 0.91062 1.96881 1.58976 1.74174 1.15521 1.29640 1.56864 1.09789 1.40321 1.61046
0.71820 1.22684 1.69494 0.96970 1.25369 1.37583 1.56651 1.64973 1.49384 1.57642 1.30054 1.60695 1.38853 1.90487 1.82647 0.60494 1.46400 0.59259 1.00948 1.73567 1.93551 1.40595 0.55988 1.49326 1.72939 0.92250 0.54677 1.85040 1.25255 1.42251 1.98931 1.29589 1.82990 1.34115 1.76043 1.81199 1.64098 1.07935 0.69062 1.66055 1.92752 1.15781 1.61502 1.35270 1.52369 1.91275 0.57055 0.85903 1.13799 0.80066 1.60997 1.17351 1.97848 0.99314 0.55800 1.42544 1.85376 1.09569 1.43607 1.09003 0.64077 0.60572 1.75120 0.82806 1.61212 1.89142 1.69487 1.16854 1.80517 0.88027 0.61282 0.99176 0.87093 1.29613 1.29767 1.42836 0.63239 1.76791 1.31332 1.13279 1.54260 1.35536 0.68375 1.02090 0.57016 0.53438 0.94865 1.87697 1.10566 1.01293 1.26657 0.81239 1.70336 1.14858 1.36862 1.25373 1.20864 1.50418 1.83440 0.89251 1.73385 1.63689 0.95271 0.62249 1.65508 0.98001 1.25732 1.53949 1.65674 0.93923 1.61059 1.13529 0.76140 1.17300 1.11337 1.63246 0.86764 0.56276 0.59266 1.43235 1.24415 0.70465 1.51012 0.58568
0.86557 1.24416 0.90531 1.75366 1.28546 0.78761 1.83888 0.83483 0.91848 1.33282 1.15642 1.65795 1.09901 1.50861 1.61010 1.86885 1.51504 1.80147 0.58530 1.09893 1.05501 0.88308 1.33413 0.54400 1.22218 0.97060 1.40728 1.27153 0.57815 1.62917 1.30056 1.20701 1.63339 1.53615 1.62118 0.87677 1.83320 1.85958 1.01719 1.50265 1.05746 0.77365 1.44244 1.23582 0.90059 0.82329 1.44021 0.69929 0.61074 1.06213 1.87443 1.16186 1.46438 0.96272 1.25575 0.60055 1.87028 0.89496 1.21457 1.47186 1.57341 1.36569 1.14849 0.76727 0.86579 0.52898 1.18893 1.60051 0.76499 0.82569 1.26707 1.84778 0.81279 1.57985 1.04495 0.88225 1.29789 1.41634 1.52373 1.75671 1.55211 1.54808 0.79521 1.06761 1.79188 1.57293 1.43277 1.65766 1.34702 0.82211 1.79695 1.23193 1.22067 0.94213 1.26263 1.60367 0.96278 0.53522 1.51367 0.56059 1.40657 1.51556 1.32241 0.72080 1.70364 0.97088 1.10308 1.43954 0.82024 0.73249 1.90053 1.87715 1.83865 0.63779 1.24942 1.92423 1.11007 1.33074 0.61823 0.80732 1.20166 0.85939 0.67977 1.74690 0.96068
1.60369 1.82166 1.26323 1.51076 1.55287 1.38861 1.15375 1.07757 1.14956 1.29796 1.76035 1.46643 1.02555 1.73024 1.00404 1.43060 1.14505 1.98531 0.86402 1.07319 0.57092 1.70224 0.99392 1.77596 0.67611 0.89845 0.68001 0.51888 1.02463 0.53339 1.29588 0.66776 0.68283 0.84465 1.42644 0.80886 1.66696 1.38843 1.62853 1.11879 1.62237 0.55404 1.77381 1.36542 0.64451 1.66593 0.61994 1.10329 1.86980 0.73957 0.54027 0.65688 1.92502 0.85008 1.02262 0.54530 1.32899 1.02600 0.93636 0.77329 1.24370 1.03793 1.13085 1.71828 1.36668 1.05434 0.61717 1.89028 1.21976 1.16889 1.88914 1.25417 1.87377 1.95976 1.22157 1.55511 1.88626 0.80065 1.86242 1.27331 0.51200 1.63498 1.36008 0.76988 0.79334 0.97482 1.48949 0.70163 1.94189 1.73558 0.73706 1.37889 0.82178 1.63861 1.90529 0.91675 1.18006 0.93638 1.45672 1.27906 1.78983 0.77987 1.67825 1.42511 0.66427 0.89744 0.90144 0.51558 1.60824 1.61346 1.83690 1.36242 1.35054 1.34752 1.12735 1.52492 1.21896 0.51839 1.29103 1.74180 0.86322 1.55429 1.68159 0.76995 1.75538 1.64302
1.46862 1.75575 1.85367 1.36568 1.60410 1.54297 0.71392 0.82170 1.71220 1.88468 0.69664 1.19773 1.60831 0.71150 1.14361 1.77147 1.61732 0.79934 0.76575 1.09365 1.81698 0.53678 0.73143 1.31044 1.56608 0.92880 0.91784 1.53176 1.00670 1.07180 1.12965 0.98907 1.60243 0.57957 1.44936 1.31521 1.44648 1.42860 1.87328 1.30927 1.42992 1.79346 0.90448 1.49189 1.85590 1.18111 0.77606 1.49631 0.76107 1.47303 0.68604 0.94284 0.84543 0.80789 1.43198 0.89111 1.89226 0.69333 1.36467 1.60854 0.77538 0.77347 0.78479 0.61324 0.85340 1.14353 1.94260 1.87350 0.71717 1.61344 1.39926 0.72067 1.15278 1.75274 1.59880 0.51162 0.52218 0.66415 1.02785 1.62370 1.04153 1.39682 1.45500 1.81724 1.24572 0.97947 1.99742 1.37356 1.61102 0.71425 1.47611 1.56777 0.59435 0.54017 0.87383 1.43163 1.89427 0.87741 1.07139 0.54093 0.75854 0.89846 1.16814 1.93248 0.80782 1.32091 1.85330 0.85300 1.72366 1.69218 1.17444 0.94542 1.15796 1.93757 1.52890 1.25993 0.91564 1.63453 1.67774 1.40135 1.21403 1.60827 1.96360 0.55012 1.03141 1.25754 0.61074
0.84698 1.76056 0.67429 1.16061 1.64933 1.67131 1.57876 1.72393 1.18466 1.21163 1.29857 0.65271 1.95227 0.96269 0.89791 1.68828 1.64101 1.47621 1.00071 1.30833 0.94194 1.88521 1.46773 1.87484 0.93673 0.66589 1.31158 1.65666 0.63295 0.70661 1.05927 0.62623 1.42743 1.49512 0.85444 1.77553 0.79384 1.01898 1.51646 1.22375 1.29809 1.53157 0.78362 1.18421 1.02088 1.96196 0.75141 0.92166 1.49177 1.35914 1.73808 0.69450 0.91106 0.60840 0.88728 1.37894 1.46526 1.10498 1.75200 0.54176 1.97102 1.37018 1.49305 1.96392 0.82776 0.63479 0.81435 0.70748 1.90524 1.77670 1.91530 0.85249 0.55140 1.39315 1.68170 1.25778 1.14198 1.34098 1.31222 0.67141 0.89211 1.32937 0.89474 0.62020 0.53715 1.45541 1.75281 1.56441 1.61104 1.55619 1.98764 0.81888 0.92623 0.70820 0.51880 1.47961 0.92391 1.69794 0.66498 1.81112 0.51237 1.84923 1.81699 1.93624 1.88773 1.44839 0.70040 1.85843 0.75602 1.10282 0.92556 0.59330 1.48173 1.85808 0.52885 0.70872 1.02935 1.44512 1.01798 1.73851 0.62002 0.58456 1.35504 0.57683 1.16277 1.53843 0.53327 1.26618
1.88003 1.84200 1.24292 1.57506 1.99403 1.02701 1.85780 0.82080 1.91097 0.52529 0.61804 0.60143 1.88473 0.75819 0.61741 1.12719 1.15970 0.52974 0.77668 1.33505 1.66123 1.39901 0.83575 1.55582 1.93952 0.84578 1.64014 0.54563 0.56858 1.87658 1.47496 0.89604 1.56311 1.53499 1.82950 0.88562 0.57434 1.13223 1.06010 1.32361 1.28398 1.88695 0.55740 1.19256 1.04336 1.36254 0.72189 1.42380 1.05441 1.43496 1.98400 1.19779 0.93502 1.22365 0.83042 0.94955 0.91610 1.66400 0.95237 0.86916 1.41706 1.04740 1.16048 1.54196 0.73357 1.05224 0.94608 0.71901 0.74899 0.61895 1.84641 1.89989 0.97881 1.79727 0.72649 0.87316 1.53358 1.13175 0.72393 1.21183 1.96889 0.73432 0.91069 1.27107 1.60182 1.10857 0.83263 1.45192 1.37340 1.78631 1.81232 0.87985 1.44279 1.45266 1.53084 1.66873 0.96426 1.64138 1.16360 1.71108 0.75521 1.74162 1.66284 1.88521 1.30426 1.67096 0.56536 0.97346 1.35917 1.24102 0.56720 1.01741 0.87653 0.88060 1.25220 1.99089 1.56268 1.00192 0.62281 1.40621 1.79066 1.85285 1.67738 1.95643 1.85402 1.53394 0.69801 0.87756 0.77520
1.27612 1.81117 0.81584 0.60241 1.13440 1.03099 1.00986 1.68244 0.60797 1.02013 1.87148 1.97107 1.81759 1.99557 1.79434 0.66862 0.64442 1.30934 1.88146 0.91575 1.16728 0.60120 1.64955 1.84911 1.41810 1.97610 1.94037 1.42938 0.73987 1.14094 0.58562 1.79872 1.10167 1.82326 0.89953 1.46584 0.96423 0.53918 1.03557 0.79090 0.86502 1.02811 0.74418 1.03104 1.39622 0.97159 1.05301 1.85456 1.82848 1.59313 1.36110 0.98639 1.24528 0.52933 0.75823 1.88884 0.57600 1.14245 0.93988 1.80303 1.33119 0.75798 1.00565 0.53376 1.86906 0.87179 1.17894 1.45443 0.78578 1.69070 1.09650 1.62310 0.59292 0.64341 1.22646 1.89181 1.89559 1.00708 1.28830 1.06664 0.58390 1.61508 1.81223 1.34725 1.46052 1.55813 1.11117 1.37317 1.23538 1.82145 1.94429 0.76332 1.69508 1.96320 0.77582 0.78419 1.09540 1.35605 1.58817 1.46498 0.60044 1.12292 0.88728 1.56995 0.55053 1.72039 0.74431 0.83592 1.87055 0.81979 0.55855 1.73344 1.35716 1.69584 0.74280 1.42891 1.75653 1.03229 1.50919 1.44999 1.45101 0.89131 0.71856 0.70341 1.33758 1.22269 1.75247 1.83005 1.53138 1.31710
1.40113 0.54982 0.65410 1.48993 1.76005 1.14850 1.29630 0.90990 1.61399 0.63123 1.06962 1.96665 1.01490 1.87139 1.27966 1.66569 1.06112 1.63384 0.79902 0.85456 1.12238 0.52258 1.61594 0.58430 1.64864 1.96841 0.92675 0.70632 1.99583 0.88083 0.78508 0.91177 0.83175 1.02853 1.07192 1.43477 0.99258 1.64347 1.54532 1.73544 1.00754 1.02395 1.32546 1.98504 0.85415 0.72692 0.66278 1.38483 0.70738 0.53995 1.08185 1.71507 0.90232 1.45007 0.55721 1.96910 1.24417 0.82535 1.70932 1.72687 0.53439 1.56230 1.48449 1.66673 1.69732 1.63251 1.59448 1.07254 0.59336 1.79088 0.79992 1.06945 0.55453 0.93929 0.80232 0.66655 0.60695 0.54167 1.59931 1.32531 1.68355 1.00410 1.22995 1.99546 0.93691 0.80130 0.54928 1.56610 1.02542 1.41676 1.69140 0.70869 1.79323 1.69528 1.57386 1.91588 0.83179 1.15163 1.21755 0.64437 1.15898 1.50373 0.52507 0.51002 1.70243 1.31710 1.23147 1.13273 0.99963 1.87159 0.50602 1.42190 1.65200 0.59212 0.58551 0.51550 1.09205 1.29544 1.57916 1.59704 0.81722 0.66935 1.02798 1.19297 0.99296 1.65496 1.07499 0.50436 0.99082 0.92195 0.71959
1.45259 1.07052 0.87631 0.92044 1.85337 1.18543 0.94168 1.53890 0.90612 0.99551 1.57838 1.97324 1.76433 0.88413 0.59219 1.95976 1.62820 1.64039 1.15532 0.58495 1.78383 0.59200 1.33228 1.18509 1.60840 1.13704 1.57140 1.86513 1.76823 1.76347 1.41534 1.39532 1.02820 1.86079 1.92383 1.91775 1.80143 1.89656 0.92410 0.56008 0.80216 0.60164 0.50742 1.93984 1.60627 0.96194 0.51813 0.68348 1.67306 0.57881 0.74266 0.85117 1.36093 1.52286 0.70653 0.52358 1.30578 1.82553 0.73991 1.32141 0.60839 0.68693 1.68938 1.73027 1.41952 0.83278 0.60097 1.73074 0.53751 1.68562 1.27512 1.31787 0.81266 1.23005 1.12459 1.70355 0.72030 1.29046 0.70136 1.15095 0.54921 0.85206 1.98535 1.21032 0.75579 0.54527 1.78146 1.76698 0.55575 0.97428 1.06315 0.57724 1.68887 1.45132 1.26425 0.78376 0.90560 1.46654 0.59384 1.06601 1.33207 1.62066 1.15171 0.57777 0.79834 1.73682 1.24345 0.85231 0.83918 1.78621 1.82636 1.89373 1.89097 1.00071 0.98174 1.79148 1.71840 1.92018 1.16756 1.28046 1.65801 1.21467 0.71519 1.36024 1.55977 1.86629 1.78205 0.93672 1.22163 1.98900 0.87148 1.88588
1.17573 0.99098 0.64591 1.96057 1.73266 1.91776 1.16074 1.93891 1.12171 0.82886 1.31017 1.11486 0.90912 1.76861 0.61554 1.11306 1.83214 1.96550 0.51103 1.66076 1.79083 0.96602 1.34782 1.59847 1.01971 1.45689 0.78838 1.83135 1.55403 0.70107 0.60270 1.87139 1.87855 1.68911 1.68569 0.60747 0.57304 0.91787 0.74258 1.87974 1.06314 0.61821 0.78448 0.62860 1.87422 1.81472 0.81650 1.58452 0.54123 0.78063 0.64309 1.45623 1.65693 0.50181 0.74510 1.27237 0.86664 1.23972 0.81193 1.42260 1.24868 0.99723 1.94864 1.28695 0.85942 1.84154 1.63875 1.20619 0.67819 0.59273 1.71068 0.73489 1.52806 1.24968 1.29236 1.02329 1.46393 0.81831 0.69112 1.01172 1.48523 1.46063 1.94452 0.63701 0.85130 1.09216 1.33234 1.40799 0.66642 1.26666 1.64329 1.77757 1.73000 1.32483 1.92089 1.37148 0.62878 1.24111 1.38384 1.94111 0.51508 1.85154 1.84909 1.75361 1.54530 1.35783 1.85186 0.59883 1.09881 1.70792 1.89754 1.21670 1.52232 1.91628 1.64609 1.11522 0.88871 0.98564 1.75340 0.90393 1.06496 1.31088 1.94600 0.84438 1.23911 1.76254 1.96597 1.38105 1.24682 1.08590 1.75645 1.25570 1.60667
0.50968 1.13624 1.51650 1.38391 1.21038 1.63103 1.58996 0.55186 1.69175 1.23789 1.92612 1.33207 1.07485 1.12877 1.11114 0.66013 0.56760 0.56067 0.52588 1.93637 0.71277 0.61845 1.24977 0.72308 1.71139 1.64745 0.72019 1.08257 1.12573 1.52023 0.82415 1.71301 1.29009 0.76117 1.71461 0.71374 1.29578 0.56550 0.75253 1.66363 1.04004 1.91074 1.10648 1.31229 1.94345 0.93977 0.79232 1.22653 1.88136 1.20617 1.60893 0.60308 0.99971 1.01842 1.26124 1.95643 1.66981 1.32440 1.59680 0.57628 1.23191 0.50899 0.85373 1.08875 1.84641 0.73432 0.61031 1.69705 0.83239 1.96857 0.71943 0.55035 1.62557 1.40271 1.72752 1.45641 0.87906 0.53918 1.87475 1.20666 1.60428 0.62052 0.51778 1.06978 1.50539 1.37586 0.63445 1.87864 1.94984 1.08989 1.93446 1.61927 1.14301 0.74818 1.61323 1.74590 1.56438 0.57415 0.58226 1.61462 1.97343 1.97918 1.57595 1.83099 1.26004 1.93984 0.67521 1.08407 0.57020 1.28828 1.81856 0.60124 0.54421 0.61424 1.51394 0.70004 0.87931 1.70364 0.94795 1.10504 1.55105 1.69471 1.81587 1.66028 0.68837 1.69161 1.47154 1.55182 0.92591 0.88781 1.17225 0.66586 1.35705 0.90873
0.89400 1.96333 0.59730 1.23009 1.18178 1.95210 1.39121 0.70094 1.46476 1.81678 0.58859 1.02645 0.58327 1.90731 1.10232 1.11138 1.37845 1.35834 1.18336 1.45016 0.63116 0.78237 1.63661 1.77054 1.49490 1.54653 1.39882 1.12903 1.91379 1.41041 1.31468 1.10400 1.51937 0.77053 0.59481 0.87012 0.76626 0.56295 1.99556 0.53456 1.39143 0.55966 0.76834 0.68518 1.30375 1.22569 1.28001 0.68692 1.06574 1.65099 1.24128 1.74599 1.26092 1.74590 1.91906 1.96080 0.98224 1.06378 1.55762 0.82745 0.83273 1.17874 0.62121 1.38443 1.28795 1.46314 0.64192 1.38740 1.25703 1.38633 0.93425 1.06604 1.90046 0.64048 1.66578 1.59990 1.45211 0.94713 0.88014 1.45874 0.70881 0.99763 1.54509 1.86005 1.18026 1.17838 1.54729 1.33884 0.62647 1.55164 1.32123 0.80930 1.52445 1.34392 1.46564 1.67601 0.67335 0.79102 1.26284 1.26449 0.67853 1.81427 0.59492 1.88889 1.72913 1.65637 0.63487 1.70135 0.87827 0.81392 1.69064 1.18182 1.50293 0.60395 1.77081 0.87305 1.56485 0.74455 1.21670 1.44668 1.87797 0.66306 1.97183 1.17485 0.89475 0.85571 1.76362 1.24985 0.77346 1.35105 0.79368 1.43947 1.29671 1.21079 1.24095
1.35696 1.58250 0.93782 1.26190 1.89204 1.87963 1.60930 1.62147 1.23719 1.65720 1.66024 0.67374 1.85301 0.67290 0.64063 0.51884 1.93106 1.51980 1.82117 1.65619 0.96527 1.72156 0.52567 1.98097 1.90873 0.50889 1.07237 1.29216 0.73153 0.76323 1.67292 1.26269 1.77135 1.66647 1.19492 0.79905 1.48414 0.78303 1.29747 1.69243 0.91936 1.06239 1.77067 0.68229 1.93330 0.53984 1.61048 1.54306 1.41432 0.98729 1.16585 1.40569 0.88586 0.65989 0.99779 1.10591 0.53892 0.56808 1.05466 1.80169 1.84352 0.91834 0.65337 1.69256 0.75108 0.77196 1.46688 1.49706 1.39717 0.55847 0.68446 1.48671 1.58036 0.68423 1.44573 0.54539 0.61612 0.59942 1.02444 1.57913 1.61929 0.53874 1.08972 1.14059 1.20853 0.92530 1.36967 1.52809 1.64429 1.04116 1.21575 1.51945 1.40182 1.88385 1.65901 0.53077 1.79257 1.78616 0.74960 1.18821 0.62656 0.61779 0.53381 1.82816 1.50585 0.90451 1.52454 1.35523 0.83162 0.87573 1.67306 1.50119 1.67849 1.78955 0.76647 1.23929 1.58465 1.07240 0.79076 1.03384 1.68473 1.61777 1.33478 0.87535 0.96022 1.30156 0.77496 1.03497 0.84996 1.81309 1.31498 1.24525 1.32086 0.63146 1.34233 1.34215
0.55818 1.38946 0.77906 0.86738 0.84945 0.64701 1.03598 1.31553 0.99209 0.62160 0.82226 1.95454 1.24395 1.36475 0.61085 1.71436 1.57148 1.03425 0.90404 1.57279 0.68172 1.59537 1.58875 0.70767 1.42833 1.70153 1.54342 0.68227 0.82511 1.61441 0.92700 1.43801 0.77903 1.44601 0.81462 1.10257 1.66202 1.10045 1.89314 0.88990 1.57910 1.39121 1.70564 1.39840 1.27091 1.28407 0.98562 1.33245 1.26506 1.39321 0.93735 0.57383 1.09009 1.06699 1.13259 0.87246 0.94080 1.08507 0.81787 0.81677 1.04600 0.64574 0.77235 0.94726 0.88503 0.56073 1.61828 1.17519 1.87652 0.71164 0.99895 1.18078 1.59963 1.44663 0.82722 1.84119 1.47260 1.65636 0.74550 1.20447 1.52333 0.56167 1.66071 1.11114 1.96546 1.98159 0.83127 1.72574 1.52952 1.98048 1.52106 0.96748 1.83813 1.71219 0.72231 0.63638 1.19139 1.69868 1.23027 1.74981 1.20658 1.10560 0.88025 1.19972 1.34434 0.51021 1.68077 0.63611 1.31000 1.18983 0.72941 0.96973 1.90953 1.66149 1.52157 1.79096 1.48585 1.26946 1.13899 1.94583 1.93602 1.87435 1.37917 1.95405 1.45610 0.88852 1.97436 1.75645 1.48624 1.22980 1.46415 1.25593 1.71440 1.73065 0.61257 1.77008 0.61691
1.65642 0.50903 1.81770 0.69931 1.89909 1.14019 0.97325 1.38170 0.79458 1.02487 0.70766 0.96494 1.37838 1.75193 1.61472 1.42240 1.26735 1.91852 1.83673 1.07136 0.87309 0.59626 1.09506 1.12747 1.22171 0.93640 1.14306 1.15446 1.24282 0.56274 0.50672 1.10782 0.68770 1.77508 1.32209 0.74979 0.50443 1.89272 0.90191 0.80269 1.39566 0.59687 1.01671 1.22858 1.55607 1.28792 1.20564 1.32812 0.96786 1.33519 1.77302 1.14899 1.79283 1.91616 1.42180 0.84310 1.76815 0.87323 1.17905 1.47747 1.06200 1.36453 0.68505 1.29645 1.24042 0.68643 1.18468 1.08922 0.92157 1.76929 0.54309 1.82964 1.16904 1.31120 0.98602 0.67523 1.62094 0.77781 1.92658 0.82577 1.73951 1.72532 1.22686 1.70180 1.08175 0.76984 0.59379 1.66132 0.75428 0.78510 0.50513 1.91989 1.38249 0.75219 1.59267 1.04872 1.94530 1.33352 0.55649 1.73216 0.81285 1.82318 0.59762 0.53772 1.62568 1.68768 1.36416 1.77927 1.76287 1.65661 1.88568 1.86845 0.57225 1.31624 1.23282 1.96421 1.96913 1.32744 1.27679 0.57276 0.89158 0.88144 0.56258 1.08176 0.51523 1.88280 1.99216 1.84498 1.77407 0.89155 1.25254 1.01468 1.25924 1.92392 1.63711 1.97516 0.92038 1.23355
1.34010 1.24289 0.59714 1.22898 1.15345 1.59808 0.94713 1.43322 0.64066 1.68321 1.72293 0.80230 0.86591 1.28724 1.01843 0.77822 1.55742 0.60508 1.10553 1.20294 1.39746 1.60647 0.81114 1.33135 1.50490 1.22069 1.23951 1.59152 0.80654 1.87798 0.76626 0.62444 0.92138 1.53888 1.20429 1.63907 1.05897 0.83261 1.53764 1.91218 1.73267 0.77998 1.73207 1.31422 1.69796 1.80936 0.67695 1.82946 0.86602 1.16444 1.43206 1.42784 1.81623 1.39998 1.17774 1.85989 1.52472 1.32021 0.70309 0.88782 1.95657 1.30373 1.59733 0.93161 1.78591 0.74800 1.57407 0.96031 0.96542 1.38135 1.68922 1.68124 0.99648 1.87034 1.90699 1.54730 1.66177 1.03216 1.74434 1.72473 1.74795 1.04182 1.91788 1.37099 1.85980 1.64238 1.78218 1.76459 0.92790 1.73687 0.70401 1.50797 1.97906 1.93009 0.83181 1.01528 0.97323 0.71699 1.59063 1.65475 1.86668 0.51154 1.70576 0.85578 1.39491 0.65275 1.44084 0.87578 1.16421 1.63854 1.83655 0.75104 0.65533 1.37820 0.85585 0.63899 1.14065 1.72881 1.12599 0.90115 1.11094 0.70953 1.53968 1.73266 1.21225 1.60470 1.21890 0.88844 1.01124 0.79983 1.29976 1.47520 1.50879 1.17280 0.64997 0.66546 1.82250 1.65183 1.03662
1.16782 1.84510 1.90075 1.55340 0.79825 0.73601 1.16105 0.78427 0.97048 1.29871 1.43825 1.74023 1.76289 1.76400 1.22761 1.25329 0.93830 1.68738 0.76732 1.34580 0.71478 1.23558 1.95415 1.20620 1.36665 1.60464 1.67492 1.69956 1.56270 1.95264 1.34037 0.76248 0.55550 1.23232 1.53220 0.62678 1.56604 1.78489 1.46280 0.94783 1.15522 0.57515 1.74498 1.08853 1.77116 1.39502 0.83001 0.98803 1.39827 1.19337 1.42454 0.92862 0.73570 0.52196 0.80571 1.83509 1.62251 1.35878 0.97287 1.01979 0.97957 1.15543 1.37693 1.61029 1.74084 1.54519 1.07856 1.17835 1.22770 1.42138 1.36772 1.07971 1.10739 0.92738 0.83465 0.78569 1.94571 0.73189 0.94688 1.58231 1.53774 1.19080 0.92362 1.83311 1.45718 1.93659 1.67354 1.50824 1.81819 1.52302 1.19017 1.82954 0.58817 1.21073 0.87214 1.84956 0.79297 0.69347 0.82581 0.88989 1.19877 0.50592 1.33572 0.63132 1.02538 1.72250 1.93815 0.96491 0.88183 1.09077 0.59980 1.37435 0.64757 0.61892 1.19800 0.82272 0.97533 1.22927 1.90170 1.34531 1.11097 0.52860 1.15635 1.68149 1.69264 1.50668 1.85182 1.48922 0.95074 1.15826 0.61288 0.65364 1.56738 0.64538 1.21015 1.47081 1.30399 1.25570 0.51667 1.13806
0.51811 1.64210 1.10003 1.86647 0.88678 1.21518 0.62085 1.07360 1.35506 1.79509 1.06971 1.40684 1.43891 1.97155 0.89056 1.62188 1.13905 0.72479 0.88701 0.87189 1.43299 1.82436 0.96489 1.26135 1.53767 0.60493 0.90508 0.98511 1.57283 1.17533 1.30009 1.41702 1.50064 1.94204 0.67103 1.55752 1.18940 1.98062 1.76337 0.91184 1.00727 0.75403 0.94537 1.08664 0.72815 0.56284 1.54927 1.16750 0.77060 0.88384 0.51326 0.69771 1.72903 1.81273 1.78743 0.63994 0.64506 1.32525 1.44301 0.75283 0.95928 0.89697 0.51356 1.07420 1.30447 1.14337 1.94803 0.80874 1.24956 1.78290 1.20469 1.43157 0.65128 1.25370 0.78942 1.26779 1.46631 0.64495 0.94164 0.63525 1.68982 1.91307 0.98143 1.00197 0.90185 1.66841 1.70690 0.71161 1.69009 1.58847 1.88750 1.15915 1.15165 0.78236 1.85719 1.17887 1.60280 1.30494 1.70951 1.92840 1.75323 1.40281 1.87112 1.85680 0.54752 0.86522 1.90781 0.62651 0.89765 0.91268 1.73704 1.84141 0.79632 1.02400 0.69295 0.60889 1.71785 1.11681 0.62867 0.94800 1.53803 0.63393 1.24787 1.10861 1.30036 1.71802 1.82812 0.65320 1.84303 1.12642 1.87478 0.72549 1.17870 0.95917 1.60432 1.27522 1.08254 1.44638 1.19079 1.69511 1.09182
1.21731 0.85802 1.96142 0.90453 0.81352 0.75028 0.90162 0.72602 1.96281 1.93042 0.67046 1.36990 1.99607 1.55527 1.19642 1.22190 1.73296 0.88155 0.58814 0.88921 1.17600 1.59332 1.58217 1.57123 0.65207 1.94674 1.83839 1.02262 1.43846 0.88648 1.77300 1.52857 1.26657 0.56491 0.55799 0.74209 1.71795 1.81758 1.89305 1.02974 0.99155 1.46351 1.97665 0.61530 1.73152 1.62036 0.88664 1.97237 0.69654 1.40919 1.44755 1.72574 1.79558 1.06989 0.67307 0.91733 1.26388 1.12680 1.87371 0.84106 0.64864 1.26742 0.75489 1.63386 0.93933 1.65961 1.69701 1.21300 0.76386 1.90651 1.45522 1.40706 1.85628 1.04089 1.36394 0.75538 0.63772 0.60946 0.82622 0.89927 1.15549 1.17489 0.58970 0.96846 1.06174 1.49165 1.63452 1.81454 1.08129 0.95136 1.79617 1.94024 1.79140 0.51458 1.73786 1.83559 1.75273 1.01353 1.37592 0.91203 0.73692 1.44941 0.85671 1.74785 1.51963 0.86835 0.68359 0.70904 1.06295 0.74771 1.86109 0.66041 1.54749 1.33996 1.24357 1.66180 1.51288 1.78863 0.83962 1.95639 0.52342 1.04817 1.55248 0.93513 1.53207 1.60425 1.10030 0.60696 0.65990 0.95825 1.93092 0.83125 1.92840 1.01634 1.93228 1.06555 1.98255 1.62171 0.87490 0.72362 1.88415 0.90617
1.92469 1.90423 0.65277 1.29247 1.35668 1.64953 0.56334 0.84639 0.98004 1.98126 1.34922 1.58234 1.30913 1.58980 0.55171 0.89262 1.73473 1.04743 1.15619 1.62555 0.91701 1.70826 1.15460 1.11445 0.94112 1.34067 0.61157 1.30471 1.65617 1.06088 0.80625 1.87710 1.05266 1.05587 1.31736 1.03422 0.60711 1.93935 1.27329 0.79830 0.88540 1.06610 0.69979 0.73178 1.73884 1.51135 1.55619 0.95479 0.94394 1.65272 1.53911 0.86728 0.76693 1.79546 1.65719 1.75269 0.77727 0.63370 0.96248 1.88611 1.58481 0.91802 0.87351 0.63853 1.67094 0.93548 1.36432 1.44699 1.62586 1.41717 1.19223 1.73817 1.33909 1.42991 0.81029 0.61197 0.78948 1.85639 1.03525 0.69845 1.96579 1.16521 1.65621 1.47767 1.32729 1.21098 1.12699 1.48251 1.04083 1.59289 0.56381 0.96538 1.97318 1.41063 1.70137 1.24516 0.60243 0.66980 1.09040 1.02277 1.60468 1.48921 1.18875 1.55745 0.93547 1.10032 1.51497 1.55491 1.22257 1.59439 1.17585 1.05882 1.34287 0.82003 1.47968 1.01621 1.59114 0.62998 1.31732 0.73303 1.66458 1.13443 1.99288 1.23761 1.78837 1.04533 1.78463 1.23094 0.67055 1.48483 1.67539 0.85161 1.47242 1.99687 1.38788 1.79696 1.81148 1.49301 0.95387 0.62964 1.41789 1.19565 0.51703
0.55288 1.45239 1.51076 1.43896 1.27986 1.06548 0.54740 0.55912 1.09936 0.67698 1.17975 1.85491 1.64106 0.68870 0.77101 0.95313 1.03963 0.86302 1.83558 0.85713 1.50908 1.51607 1.41324 0.98282 1.60274 1.30029 0.61555 0.60283 0.91709 1.03156 1.69108 1.45123 1.18919 1.20955 0.81149 1.50650 1.20787 1.82479 1.67280 0.54614 0.53451 1.82021 1.58680 0.65179 1.90321 0.60531 0.99999 1.62845 1.66113 0.53358 1.91685 1.73205 0.79291 1.57045 0.87158 0.55198 0.53702 1.63721 1.52856 0.50894 1.15696 0.52054 1.86789 0.51474 1.18957 1.75143 1.51645 1.64759 1.73181 1.34473 1.44841 1.47465 1.35099 1.71935 0.98271 1.94335 1.26876 1.74484 1.75266 1.16638 0.54370 1.61157 1.76036 0.64590 1.86274 1.11009 1.94993 1.58036 1.56064 1.50547 0.91324 1.57269 1.63467 1.71949 1.90079 1.38735 1.09127 0.66718 1.68553 1.26207 1.92412 1.24949 0.73621 1.61170 1.17470 1.46855 1.35319 1.19174 0.85557 1.91560 1.86563 1.82932 1.33271 0.98835 1.20666 0.84007 0.92917 0.80339 0.99283 1.84091 1.79128 0.94897 1.72562 1.44974 0.81986 1.43666 1.27758 1.29643 1.43545 1.39086 1.33474 1.00148 1.15007 0.52213 1.75183 1.01177 1.80497 1.82346 1.29189 1.83988 1.72743 0.59355 1.86210 0.81200
1.20750 0.53327 0.68035 0.71434 0.94222 0.73228 1.45428 1.99837 0.73202 1.14217 0.74621 0.88386 1.80800 0.52017 1.73682 1.72149 1.71282 1.13213 0.84785 1.33414 1.33149 1.37822 1.38555 1.55081 0.83528 1.96966 1.06511 1.99078 1.15233 1.92576 0.63485 1.99111 1.41586 1.39173 0.99333 1.22550 1.81304 1.56603 1.49835 1.74946 0.50907 0.74948 1.42312 0.73059 1.62652 1.14002 1.37379 1.95283 1.73533 0.74026 1.85688 1.38267 1.45206 1.21575 0.74712 1.23196 1.76384 0.79824 1.24960 0.95452 0.59730 0.76247 1.99664 1.68347 0.93833 1.30726 1.91052 1.83887 1.06461 0.61988 1.30078 1.62861 1.68111 1.50603 0.99917 1.93409 1.16464 0.96076 1.79981 1.52574 1.42456 1.85384 1.49278 1.40608 0.53990 1.10865 0.80711 0.53279 1.25139 0.98094 1.41207 0.93398 1.25980 1.74828 1.30917 0.70863 0.87191 0.55319 1.41606 1.20768 0.90048 1.50530 1.72030 1.56517 1.88047 1.31878 0.56106 0.65491 1.64258 0.71878 0.85075 1.17950 1.25275 0.67098 1.97298 1.75750 1.53310 0.56560 1.92341 0.72276 1.56209 1.90388 1.96738 1.68736 1.19338 0.53161 0.78064 1.76255 0.63974 1.29576 1.07312 1.57386 1.72798 0.98348 1.87428 1.63864 1.88592 1.16649 0.63049 1.76549 1.93347 1.50377 0.51661 0.82686 0.56108
1.30063 1.63135 1.81681 0.79029 1.11771 0.75812 1.99855 1.88725 1.47014 1.22322 0.98055 1.12021 0.85418 1.56581 0.75691 1.92425 0.55122 1.07047 0.65920 0.92271 1.42039 1.40391 1.24134 1.84420 1.46427 1.05146 1.23456 1.64660 1.86338 0.97661 0.80022 1.74262 1.98730 0.97091 1.39152 0.83426 0.85529 0.70352 1.27527 0.52876 1.92157 1.13329 1.80471 0.77146 1.30250 0.53146 0.92979 1.55507 0.67893 1.14066 1.33869 1.27066 0.60637 0.69789 1.10480 1.85885 0.70175 1.76282 1.60512 0.99597 1.08915 1.98804 1.15727 1.60760 0.67272 1.60781 1.45335 1.99441 1.02658 0.77370 0.85674 0.95578 0.64040 1.94057 1.48197 1.12074 1.24600 1.06880 1.85398 0.72959 1.25045 1.27319 0.88833 0.99968 0.54877 1.85190 0.55800 0.60030 1.28409 1.97049 0.80776 1.10701 1.43166 0.66380 1.79448 1.13024 1.66262 1.13396 1.41971 1.40059 1.66687 0.89274 1.76078 0.61669 1.00330 1.41805 1.54213 0.86552 0.63268 0.99560 0.62746 1.24096 1.42199 1.28897 1.16840 1.40002 1.78317 0.52044 1.47932 1.11103 0.84165 1.22329 1.97717 1.95453 1.77575 0.56668 1.83531 1.24953 1.87459 1.23089 0.65002 1.95018 1.19847 0.74526 0.77749 1.44376 1.08324 0.66091 1.41701 1.07158 0.57380 0.94376 0.68893 1.52840 0.77166 1.95571
0.90276 1.44460 0.60760 0.74915 1.32690 1.55489 1.35767 1.05134 1.48824 1.11654 1.17836 0.55937 0.62813 1.12022 1.73791 1.52214 0.67212 0.87291 1.29929 0.81726 0.88539 1.91712 1.49423 0.54702 0.79576 0.82322 1.51955 1.87549 1.07201 1.58766 1.68567 1.28134 1.99165 1.09744 1.55981 1.27062 1.60386 1.44230 1.77534 1.87861 1.24145 1.44668 0.93257 1.45547 1.36168 1.83837 1.27320 1.46521 1.25434 1.17225 1.32870 1.15893 0.73173 1.03951 1.64452 1.11197 0.58090 1.83115 1.07792 1.93616 1.66816 1.71345 1.32347 1.16881 1.50006 1.29573 1.90492 1.30068 1.79546 1.87077 1.23715 1.76595 1.85339 1.08001 1.24629 1.40294 0.82445 1.75088 1.70273 1.40814 0.56972 1.36683 0.91991 1.64153 1.81384 1.14191 1.02218 0.91106 0.85586 1.55681 1.45158 0.75524 1.48772 0.80984 0.81808 0.50948 1.48713 1.03058 1.08294 1.89551 1.44681 1.25720 1.54925 1.93037 1.14632 1.45006 0.95408 0.88728 1.59858 1.67704 0.67464 1.12638 0.65211 1.83451 0.77100 0.92684 1.96207 0.81461 0.89229 0.51554 0.69133 0.72733 0.66704 1.68615 0.63901 1.02833 1.44940 0.61442 1.54107 1.79938 1.49348 1.35854 0.60093 1.56967 1.53176 1.88884 1.75180 1.49203 0.90020 0.86091 1.16274 1.85578 1.71052 1.31381 0.67373 1.76161 1.99292
0.73010 1.25813 1.91817 1.06661 0.78041 1.30837 0.66158 1.15609 1.88701 1.24478 0.59278 1.43918 0.73147 1.12323 1.72250 1.35526 1.82939 0.51455 0.70682 0.87525 0.68988 1.98021 0.93599 1.64219 0.77668 0.58023 1.80168 1.54114 1.73113 1.23136 0.98897 1.93601 0.75987 1.53574 1.95439 1.63157 1.86868 1.24631 0.85205 0.55755 1.69904 0.75963 1.86309 1.84578 1.35835 0.59000 1.09978 1.47275 1.34303 1.11029 1.69506 0.56067 1.98049 0.78603 0.66763 1.13241 1.55924 1.07228 1.30150 1.27788 1.54355 0.56737 1.88895 1.30904 1.31576 1.80643 1.01101 1.64478 1.39272 0.76902 1.83084 1.36446 0.92044 1.25797 1.06739 1.38887 1.27870 1.03362 1.66596 0.85491 0.77106 0.73412 0.83959 1.80069 1.81872 1.05984 0.65978 1.65891 0.88724 0.51932 1.62112 1.15782 1.85264 0.83777 1.67727 1.75657 1.52325 0.65765 1.25489 1.23988 1.03290 0.87819 1.48977 1.47367 1.14608 0.95211 0.67887 0.83962 1.09969 1.60630 1.00550 0.80932 0.59169 0.79924 1.67164 1.01222 0.70371 1.86249 1.52410 1.77840 0.77228 1.21594 1.83727 0.62733 0.90536 1.41114 0.96404 1.05999 0.60109 0.89637 0.89417 1.86046 1.91924 1.70629 1.91271 0.54391 0.86069 1.99657 0.50735 1.83354 1.83000 1.94432 1.88204 1.97759 0.78503 1.82561 0.90534 1.66141
1.62537 0.50052 1.75269 1.21844 1.61620 0.66338 1.45902 1.91106 1.29502 1.63424 0.63481 0.96704 0.50322 0.50042 1.47005 1.06525 0.94495 0.82107 1.85162 1.66689 0.54874 1.30666 1.50479 1.57149 1.38279 1.33825 0.87271 1.75521 1.19507 1.60825 1.51416 0.78686 0.73635 1.08511 0.59326 1.80067 1.54596 0.51089 1.71476 0.79433 1.99714 0.86719 1.24403 0.66980 0.74343 1.99808 1.00189 1.94187 1.50518 1.93913 1.24005 1.83599 1.55035 1.72564 1.42480 0.52377 1.88607 0.63246 0.56784 1.75626 1.61414 0.50165 1.40946 1.97172 1.38722 1.48887 0.66020 0.70861 1.04362 1.68308 1.64219 0.67558 0.97418 1.76030 1.69833 0.55842 1.88653 1.10566 0.68297 1.91534 1.91493 0.86091 0.59994 1.64420 1.17302 1.29966 1.20839 1.01165 0.78956 0.84379 1.33298 1.85549 1.39733 0.88109 0.70030 1.09311 0.78635 1.29500 0.84645 1.35025 0.94592 0.67221 1.66102 1.93820 1.48814 0.76554 1.52569 1.38894 1.42125 0.96541 1.25327 0.70215 1.36702 0.95927 1.11843 1.69355 1.00292 1.95968 0.70412 1.94602 1.01096 0.67960 1.54357 0.96336 1.62489 0.77862 0.97023 1.64606 0.98995 1.17414 0.78665 0.88150 0.99233 1.42830 0.51079 1.92490 0.82964 1.05112 0.94920 1.24488 0.89384 0.61094 0.95029 0.64568 1.61805 0.86863 0.73593 0.95939 1.73563
1.40373 1.21684 1.44378 1.01453 0.59298 1.20621 1.23627 1.44840 1.46324 1.54348 0.99745 1.88886 1.66130 1.91290 1.05316 1.79950 1.58354 0.67206 1.15937 1.83125 1.63686 0.74523 1.43509 0.69597 0.68588 1.90081 0.78488 0.93751 0.69636 1.54306 1.23085 1.61344 1.91777 1.97198 1.04744 0.92259 1.38701 1.12278 0.92986 1.62519 1.77305 0.59017 1.86297 1.65471 1.83466 1.45844 1.00235 1.19093 1.98437 1.96299 0.66268 1.96735 1.49630 1.24415 1.99479 1.86364 0.86206 0.94907 1.48093 0.58068 1.49649 0.98882 1.98267 1.74938 1.33279 1.74953 1.21569 1.35533 0.57188 1.80792 1.81772 0.93025 1.92022 1.52361 1.84376 0.50139 1.29231 1.86025 0.52987 1.53973 0.60612 0.74365 1.81312 0.82048 1.36224 1.37282 0.66069 0.52882 0.62499 0.97216 1.15543 0.70379 0.74443 0.68743 1.80526 1.91104 1.55459 1.31508 0.51373 1.54033 1.84100 1.77182 0.58007 1.88199 1.26321 0.95869 1.14917 1.55276 1.90406 0.75561 1.87922 0.86087 1.09864 1.27278 0.85198 0.69912 1.07437 1.25405 1.10884 0.83929 1.32153 1.65529 1.45609 0.81508 0.84826 1.58403 0.89470 1.10406 0.92752 1.04466 0.73530 1.95245 1.36134 1.98229 1.88744 1.30818 1.51507 1.17322 1.60772 1.89389 0.99338 1.44262 1.40293 0.94624 1.08811 1.10484 0.97162 1.93499 0.79594 0.97261

Best known: 2645.39
