101 101 2043
0 0.0 0.0
1066 -2.0 -5.0
841 3.0 -1.0
74 -2.0 7.0
687 3.0 0.0
175 7.0 -3.0
183 -5.0 -1.0
124 -3.0 0.0
4 0.0 -3.0
81 4.0 1.0
56 4.0 -5.0
29 -2.0 -4.0
23 5.0 -5.0
4 -4.0 1.0
9 -2.0 3.0
7 7.0 2.0
181 -13.0 80.0
54 -6.0 88.0
884 -16.0 83.0
822 -14.0 77.0
637 -26.0 88.0
59 -24.0 79.0
140 -25.0 78.0
531 -11.0 80.0
58 -5.0 88.0
15 -21.0 90.0
11 -5.0 82.0
185 -20.0 80.0
159 -6.0 91.0
285 -25.0 89.0
4 -25.0 74.0
10 -8.0 88.0
3 -21.0 74.0
4 -23.0 74.0
11 -5.0 87.0
45 -8.0 91.0
4 -3.0 -8.0
225 -30.0 15.0
286 -14.0 24.0
262 -12.0 11.0
4 -1.0 7.0
391 2.0 14.0
54 -26.0 15.0
518 -36.0 2.0
815 -29.0 7.0
25 -1.0 28.0
29 -7.0 17.0
18 -10.0 31.0
588 -20.0 -2.0
68 -33.0 20.0
480 -26.0 0.0
5 -13.0 9.0
16 -8.0 12.0
34 -35.0 -8.0
5 -33.0 23.0
9 10.0 -70.0
22 8.0 -95.0
120 -12.0 -101.0
152 6.0 -113.0
21 -17.0 -76.0
44 -23.0 -102.0
676 11.0 -104.0
17 -19.0 -96.0
764 -13.0 -79.0
13 -53.0 -32.0
6 -78.0 -2.0
718 -87.0 -61.0
52 -60.0 -32.0
11 -6.0 -12.0
93 10.0 -16.0
398 -7.0 -11.0
48 0.0 3.0
37 10.0 2.0
3 -1.0 -15.0
8 1.0 -3.0
406 15.0 -2.0
1086 10.0 4.0
3 8.0 3.0
52 -58.0 32.0
88 -88.0 38.0
28 -76.0 34.0
686 -83.0 50.0
25 -67.0 43.0
101 -75.0 34.0
4 -91.0 44.0
15 -24.0 1.0
445 -20.0 4.0
4 -17.0 -4.0
593 -25.0 -1.0
327 -17.0 2.0
92 -24.0 2.0
21 -12.0 -2.0
12 -14.0 1.0
44 -18.0 2.0
773 -20.0 5.0
4 -14.0 4.0
14 -23.0 9.0
783 -22.0 -3.0
3 -22.0 -2.0
500 17.0 1.0
390 5.0 7.0

1.10528
1.66992 0.51133
1.91491 0.57312 1.01696
0.77621 0.80411 0.78062 1.35074
1.26953 0.52825 1.38228 0.88515 0.53783
1.64870 1.27421 1.45819 1.99403 1.45078 1.41977
1.94391 0.62042 0.85833 1.37721 1.86254 1.91323 0.78560
0.88305 0.87386 1.70777 1.53272 1.04366 1.68541 1.32885 1.04700
0.70541 1.72061 1.49894 1.16160 1.51064 0.62685 0.99463 0.73557 0.67562
0.92801 1.31379 0.90887 1.27826 1.87892 0.53483 0.63910 1.03176 0.51535 0.75204
1.32443 1.34321 1.95143 1.21113 1.24551 0.57499 1.04915 1.61420 1.99055 0.95454 1.40415
1.60697 1.98435 0.75320 1.98041 1.08072 1.12285 0.94725 0.61563 1.56089 0.95215 0.70592 0.56176
0.60812 0.97718 0.78722 1.38797 1.42585 1.12179 0.91516 1.15727 0.63832 1.45222 1.32290 1.39011 1.99291
1.29900 1.58573 1.39966 0.84639 1.82637 1.90453 1.66772 1.43521 1.67631 1.66740 1.07525 1.33936 1.85281 1.39114
1.49208 1.86568 0.52112 0.51928 1.08291 0.56955 1.41813 0.64944 0.54272 1.17086 1.03695 1.46189 1.65079 1.54286 0.91740
0.78657 1.70806 0.90448 1.69845 0.55896 1.13349 1.31474 1.17793 1.26747 1.27971 1.75929 1.70650 1.08136 1.84713 0.85974 1.67247
1.73568 1.05041 0.59405 1.28543 1.00748 1.27206 0.69775 1.63913 1.89396 0.78894 0.60351 1.28347 1.38256 0.53169 1.11039 1.36291 1.20942
1.49848 1.18986 0.72671 0.92784 1.96439 1.91549 1.86045 0.91613 0.75893 1.15024 1.31126 0.95482 1.26108 0.65768 1.28625 1.16211 0.61934 1.02626
1.54334 1.63828 1.21882 1.19861 1.25250 0.87701 1.56950 1.56917 0.63544 0.82245 1.89598 1.36993 0.75947 1.55205 0.88630 0.52312 0.67148 1.40907 1.44943
0.93231 1.50159 1.40806 0.62468 0.52942 1.84523 0.90975 0.70722 1.61669 1.87476 1.65775 1.09426 0.56517 0.87939 1.83892 1.73509 1.89315 1.10131 1.57967 0.72214
0.81901 0.79029 1.18257 1.88542 0.59676 1.54435 0.92664 1.36202 0.86364 0.88612 1.04388 1.09418 1.08109 0.83063 1.98689 1.84086 0.77868 1.52936 1.30202 1.56140 1.89230
1.79067 0.86140 0.86951 1.69459 0.81555 1.83645 1.00889 1.30353 1.02578 0.99686 1.11961 1.19357 1.44237 1.66711 0.67774 0.96395 1.23119 1.65606 1.85427 1.62845 0.64883 1.87223
0.96475 1.38892 0.65804 1.72636 1.52540 1.91208 0.72135 1.43483 0.80653 1.49181 1.37845 1.60911 0.73246 1.89167 0.57445 1.33613 0.71362 1.55035 1.50394 1.67084 0.61240 1.48995 0.87562
1.29938 1.03773 1.11713 1.25260 1.14729 1.28817 1.87732 1.15893 0.58525 1.71297 0.51365 1.31424 1.49728 1.82455 0.63063 1.87481 1.73309 0.54476 1.09303 1.87370 1.04150 1.55427 1.63910 1.28028
1.37824 1.98059 1.05412 1.28806 0.53022 1.78952 1.72431 1.24109 1.87782 1.71120 1.55883 1.05413 1.58295 1.40050 1.03833 1.79837 0.92392 1.45068 1.01493 1.31919 1.32118 0.99650 0.77600 1.48180 0.90133
1.20178 0.54725 0.85577 1.63698 1.86160 0.72956 1.15963 0.99932 0.99951 0.91158 1.77590 1.67669 1.79105 1.44762 1.46561 1.93742 1.12309 1.36064 1.98474 1.92523 1.50815 1.36645 0.62359 1.77832 0.76247 0.85868
1.09513 0.86619 1.82181 1.25914 1.53453 1.27309 0.64639 1.09531 1.66387 0.78367 1.39662 0.63715 0.56960 1.26789 1.56502 1.51728 1.52202 1.77568 0.53641 1.48854 1.10969 0.99901 1.89676 0.92680 1.53148 0.70386 0.69762
1.08069 0.65505 1.48124 1.84267 1.70503 1.21617 1.26698 1.72306 0.64443 0.66380 1.95263 1.36964 1.68200 1.10448 0.93166 1.04392 1.84422 1.28944 0.51627 0.87741 0.94732 0.77361 1.01934 0.75939 1.25565 1.01547 1.33650 1.05964
0.76716 1.71032 1.30894 0.62908 0.59382 1.21473 1.68026 1.24465 0.85789 1.35737 1.00386 1.69416 0.65909 1.83185 1.49863 0.67928 1.73971 0.87370 1.15690 1.92038 1.31735 1.73146 1.71677 0.96243 1.50114 1.23029 1.34858 1.24810 0.70540
1.28813 1.60295 1.50677 0.50491 1.96097 0.87947 1.46552 1.57254 1.87162 0.69769 1.28541 1.50928 1.10877 1.03538 0.52878 1.70600 0.56338 0.52202 1.09828 0.69146 1.32865 1.16996 0.75564 1.14300 1.08426 1.75540 1.01877 0.79497 0.98559 1.35616
1.20026 0.73759 1.18820 1.56945 0.84691 0.78903 0.96059 1.73643 1.20161 0.95649 1.55966 1.35435 1.84046 0.69262 1.30482 1.87914 0.90643 0.79719 1.85627 1.73474 0.96708 1.11499 1.98853 0.70721 1.91257 1.90049 0.66450 1.44122 1.98020 1.26685 1.62912
0.99285 0.59356 1.45528 1.13216 1.04097 1.35846 1.35416 1.03669 0.77203 1.95603 1.48635 1.17281 0.69556 1.52687 1.58538 1.21819 1.17214 1.97222 1.84279 0.61100 1.08035 0.70181 1.09627 1.12077 1.36404 1.86371 1.55921 1.20659 1.64060 0.61003 1.98555 1.08481
0.63061 1.36074 0.52934 1.45131 0.78664 1.30871 1.51740 1.21450 1.73632 1.52864 1.73755 1.59233 1.29970 1.65514 1.90967 0.67012 1.72108 1.90657 1.77129 1.84794 1.73517 1.12929 0.54791 0.67552 0.80909 0.84839 1.32530 0.55736 1.31716 1.67898 0.93117 1.41231 0.78703
1.37313 1.46288 0.92399 1.82798 1.21231 1.38237 0.80692 1.51605 0.51739 0.67056 1.14532 1.17563 0.64915 1.22599 1.47453 1.81469 1.23437 1.74295 1.61032 0.62325 1.55111 1.02246 1.30694 1.47235 1.84276 1.65585 0.75597 0.69553 1.69389 0.90301 0.99727 1.78207 1.46002 1.43084
1.25202 1.48146 1.00425 1.57796 1.79493 1.56816 0.65488 1.02106 1.43703 0.63568 0.89329 0.72266 0.92761 1.43971 1.29339 0.56430 1.32280 1.51665 0.86680 0.75648 0.87619 1.75615 1.91148 0.52398 1.95332 0.70760 1.56233 0.60299 1.26503 1.40136 1.10355 1.73750 1.16116 1.95994 1.25962
0.65799 0.58704 1.12563 1.56090 1.25631 1.57645 0.57951 1.43426 1.41663 1.97814 0.71362 1.61569 0.89138 0.78749 0.52957 1.09295 0.80668 0.57621 0.58145 1.50850 1.89963 1.63053 1.71537 1.44854 1.47596 1.44628 1.23030 1.99477 1.94852 0.75554 0.60177 0.55376 0.61204 1.44748 1.42033 1.21490
1.86184 0.55492 1.55645 1.08542 0.70174 1.79426 1.85844 0.77984 1.48294 0.79472 1.87097 1.48403 0.68201 1.60224 0.75758 1.73548 1.81280 1.24795 0.59044 0.83353 1.15382 1.84709 1.28493 0.53959 1.32101 1.99463 0.86288 1.03871 1.53147 1.53931 1.08086 1.46335 1.04683 0.69386 1.46804 0.51064 1.82170
1.42377 1.86276 0.73840 1.12582 1.43580 1.50835 1.11835 1.12004 1.11160 1.52669 1.04966 0.72157 0.50813 1.40172 0.92117 1.72672 1.85342 0.94512 0.69075 1.80907 1.42506 1.34727 1.71504 1.43295 0.52594 1.80152 1.04944 0.96775 1.98769 0.70862 1.09855 0.91644 1.65895 1.55296 1.49616 0.64629 1.89083 0.75304
0.90772 1.55823 0.57500 1.25331 1.92906 1.23965 0.74849 1.10175 1.98287 1.50584 1.56207 1.01750 1.59524 1.72183 1.77974 1.36610 1.55728 1.40034 1.77428 1.90886 1.31464 1.32149 0.74172 0.99559 1.54224 1.82538 0.88743 0.92366 0.97866 1.98638 1.93275 0.65427 0.50571 1.47147 0.72553 1.53568 1.37983 0.97959 0.79167
0.56162 1.78210 1.69442 1.36389 0.60543 1.35249 0.75469 1.83998 0.78092 1.13460 0.66611 1.57221 1.89656 0.84209 1.60699 1.13814 1.37015 1.95919 0.74244 1.95732 1.50874 0.81580 1.51148 1.92173 1.69264 0.50398 0.89387 0.50632 1.72913 1.47906 1.80575 1.07021 1.74414 1.74610 1.55419 1.30380 1.05451 1.49294 1.66633 1.40685
1.41451 0.66561 1.77509 0.53531 1.70129 1.72526 1.11694 0.53724 0.69023 0.85072 0.77969 1.04644 0.88905 1.45131 1.53751 0.63010 1.67492 1.37040 0.66530 1.81385 1.81354 1.76417 0.69178 0.69733 1.13376 0.82539 0.97480 1.37799 1.40093 1.33117 1.94218 1.04699 1.31301 1.95359 0.92437 1.78004 0.76299 1.51431 0.76969 1.74449 0.60939
0.87287 1.26455 0.83615 1.73326 0.87982 1.54677 1.92807 0.70419 1.22935 0.96728 1.01764 1.55491 1.62686 1.06117 1.83909 0.84540 1.73004 1.99270 1.58791 1.32545 1.22420 1.29822 1.47610 1.40550 0.67851 0.55853 1.48486 1.97338 0.67405 1.96578 1.28605 1.54827 0.64476 1.57642 0.89347 1.83257 1.05838 1.69461 1.06190 1.34784 0.75938 0.66156
0.94251 0.61040 1.38587 1.39582 1.51805 1.30887 1.52952 1.71602 1.69603 1.35570 1.58969 0.54066 0.79792 1.48372 1.90890 0.75668 0.93002 1.90913 0.68515 1.26471 0.88484 1.55364 0.86253 0.94859 1.65408 1.08205 1.56408 1.99041 0.78409 1.06044 1.75328 1.50234 0.81841 0.70040 1.43782 0.75730 0.82159 1.89584 1.56032 0.75844 0.80224 1.19373 0.64343
0.64135 1.48498 1.03327 1.52566 1.07510 1.66798 0.84373 1.43955 1.42833 1.25434 1.80596 0.68439 0.82705 1.84081 0.63628 1.57687 1.17230 1.12166 1.92529 0.54968 1.00597 1.37235 0.61577 1.72443 1.34414 1.46800 1.44096 1.15274 1.81021 1.75109 1.27994 1.03485 0.54150 1.78097 0.75580 1.74195 1.59581 1.55342 1.91781 0.70796 1.50041 1.21870 0.65273 1.50938
1.91593 1.85783 1.86563 1.65680 1.15086 0.78000 0.57227 1.79007 1.99929 1.92966 1.79126 1.66127 1.85264 1.66357 1.81679 0.68318 0.75005 1.02673 1.95224 1.41306 1.53448 1.71784 1.74058 1.79460 1.88794 1.43496 1.14681 1.56267 1.41296 1.54625 1.21431 1.95471 1.77848 0.52284 0.69779 1.95290 0.59051 0.81341 1.56888 1.74762 0.58838 0.71072 0.78868 1.27830 1.62181
1.90296 0.56585 0.76523 0.87169 1.63426 1.69602 1.66093 1.83382 1.91882 1.53286 1.49661 1.18296 1.18597 1.13042 1.07896 1.83698 1.77370 0.86361 1.36011 1.57240 1.36845 0.83059 1.79365 0.92793 0.86120 1.92390 1.12218 1.06407 1.63809 0.53072 1.88816 0.85278 1.72753 1.39127 0.85131 1.42962 1.35388 0.99472 1.98890 0.63302 0.76441 1.14326 1.12436 1.33128 1.07297 1.46606
1.77440 1.66945 1.28735 1.87150 1.67544 1.28255 0.72797 1.12530 0.74678 0.73537 1.44955 0.84699 1.54583 1.48660 1.95298 1.63058 0.63990 1.49128 1.36898 1.91013 1.23868 1.71426 1.04368 1.97135 0.72266 0.80274 0.59644 1.20644 1.80622 1.12617 1.78527 1.25698 1.18113 0.76072 1.31255 1.35747 1.89994 0.74583 0.90021 0.64001 0.83603 1.63814 1.39007 0.88271 1.17961 1.53169 1.11716
1.93943 0.70626 1.70622 1.02641 1.36082 1.78293 1.48188 0.62263 1.56113 1.07872 1.76760 0.55077 0.81389 0.98071 0.54744 1.86062 1.40071 0.82687 0.72061 1.50009 0.74015 1.66204 0.91492 1.24199 1.80503 1.82417 1.34531 1.60952 1.37350 1.82344 1.33025 1.37952 1.28699 1.66315 0.81362 1.44165 1.62027 1.66486 0.71170 1.58157 1.92547 1.56297 1.96971 0.98009 1.00374 1.43898 0.94088 1.79164
1.38283 1.31867 1.00877 1.46068 1.42240 1.50350 0.55214 1.38191 1.93069 1.13913 1.96954 1.93682 1.35463 1.16638 0.79851 1.57979 0.83322 0.56170 0.96440 1.75819 1.67085 1.21755 1.19237 1.81558 0.67563 1.76272 0.93673 0.70052 0.58836 1.53058 1.34375 1.94159 1.49894 1.76319 1.94648 1.66696 0.54096 1.56966 0.63614 1.55763 0.53696 0.96191 1.91563 1.41580 0.84772 1.26581 0.98599 1.20081 1.10469
0.54921 1.99871 1.90099 1.14467 1.11721 0.87384 1.92904 1.64179 1.61137 1.19708 0.50754 0.82206 1.56319 1.60204 1.46511 1.19864 1.00473 0.58896 0.83876 0.93853 1.38816 1.78467 0.52247 0.53326 1.64282 1.95620 1.60017 0.98109 1.92776 1.64835 1.85172 1.02909 1.78801 1.42921 0.78092 0.73192 1.60933 1.14991 1.17204 1.18932 1.95319 1.47349 1.69573 1.51523 1.94338 1.48485 1.83304 1.27486 1.12126 1.61707
0.86829 1.94040 0.91950 1.47942 1.23878 1.07272 1.35296 1.75188 1.22449 0.58238 1.57427 1.84990 0.79885 0.54632 1.10044 0.62342 0.62396 1.26252 1.79575 0.79929 1.59659 0.67167 1.29630 1.97204 1.07553 0.62807 0.83866 1.90851 1.04899 0.64430 0.66048 1.05161 0.84353 1.29518 1.41320 1.54605 1.12671 1.47143 1.72634 1.02544 0.60761 1.53724 0.72869 0.87440 0.67727 1.69525 1.37222 1.36295 1.91391 1.84108 1.74161
1.73862 1.07270 1.66714 0.84513 0.61343 0.61784 0.85556 1.19859 1.21922 1.46876 1.94191 0.92923 1.54084 1.39216 0.54700 0.82539 1.86362 1.85852 0.70657 1.18942 0.75898 1.00704 0.91173 1.79209 1.16506 1.95134 1.26361 0.92166 0.91861 1.73453 0.52637 1.67471 0.58326 1.26958 0.51722 1.24489 1.73234 0.85854 0.56494 1.18250 0.77052 1.67442 1.85774 0.68796 1.48886 0.96398 0.87013 1.78260 1.49955 0.51919 1.81325 1.25065
0.59579 1.46316 0.72811 1.15254 0.97863 1.81928 1.63213 1.98155 1.16663 1.78473 1.98401 1.79646 0.55074 1.38570 0.92130 1.78255 1.37352 0.97120 1.22651 0.50580 1.14479 1.75549 0.75761 1.51551 1.18171 1.04123 1.78095 1.80546 1.89918 1.48887 1.60257 1.19027 1.55961 0.97064 0.69681 1.18456 0.72002 1.74368 1.17046 1.32001 1.87518 1.00562 1.49088 1.90624 1.41742 1.89203 1.33872 1.63000 1.86624 1.12086 0.92978 1.15764 1.14926
0.56118 1.72272 1.40862 1.44885 1.18073 0.85316 0.73474 1.47955 1.73403 1.15767 1.57433 1.05146 0.80914 0.75899 1.46014 0.89466 0.54884 1.23249 1.51846 0.57034 0.99616 1.49883 1.73367 1.83902 1.61915 0.54012 0.87666 1.17310 1.77768 1.50942 1.94135 1.24797 1.58761 0.68788 1.22372 1.29897 1.79895 1.27994 1.51890 1.28376 0.95774 0.77570 1.12584 0.93752 1.28302 1.55824 0.84356 0.56986 1.91958 1.25582 1.82736 1.79152 1.25272 1.20411
0.68784 1.30603 0.85105 0.63572 1.05143 1.84138 0.52622 1.22479 1.00337 1.57466 1.28444 0.78929 0.93477 1.34657 1.40423 1.99286 1.03652 1.47524 1.27031 1.06269 1.40890 1.60608 1.61182 1.72673 1.36595 1.90155 1.53090 1.96500 1.05187 1.88273 1.58252 0.93588 1.42348 1.32595 0.58869 1.85715 1.23693 1.13001 0.89471 1.31693 1.48557 0.67505 1.59235 1.18089 0.65060 1.94795 1.64619 0.78714 1.59298 0.97454 1.59151 0.77842 1.88333 1.60245 0.82361
1.12433 1.74366 0.56592 0.99864 0.86593 1.33889 1.31307 0.84298 1.71425 1.67239 0.52371 0.57287 1.26079 1.53265 1.44942 1.49980 0.77266 1.53018 1.97914 0.80690 1.05864 1.46066 1.13027 0.60840 1.62892 1.81728 1.49093 0.86220 1.35924 1.03371 0.66251 1.26328 0.77278 1.73829 1.49662 1.40769 1.62593 1.00918 1.35303 0.80361 1.52921 1.39494 1.36867 1.19877 0.50919 0.88743 1.69970 1.22040 1.88868 0.96670 1.90298 1.96087 1.71222 1.59000 0.76410 1.05408
1.29116 1.10393 0.76978 1.33433 0.86268 1.81916 0.91980 1.63222 0.65760 1.55402 1.99364 0.94923 1.56023 0.98112 1.73557 1.49351 1.70517 1.97806 0.95822 1.12891 1.09452 1.16730 1.01800 0.64497 1.98539 1.99901 0.85914 1.67540 1.53463 1.20505 0.92611 0.83781 1.72833 1.73738 1.13275 1.18477 1.60685 0.68598 1.12993 0.64237 1.93115 1.54157 0.55383 1.25674 0.72297 0.58538 1.99081 0.83713 1.24727 1.53747 0.84765 1.67171 1.25559 0.84055 1.07466 1.50557 1.77169
1.86484 1.34739 0.59651 0.93523 0.60435 1.96956 1.64801 1.05978 1.06942 1.28238 0.69100 0.53087 1.27852 1.22181 1.81995 1.36385 1.01460 0.76388 1.50670 0.83082 1.02367 1.64874 1.39989 1.59986 1.22127 1.03374 0.95503 1.16799 1.21759 1.19524 1.66603 1.51530 1.19569 0.58057 1.47098 1.82013 1.21112 0.84711 1.03117 1.45379 0.96971 1.68646 1.52054 1.84996 1.07530 1.38377 1.80052 0.70590 1.61488 1.59743 1.20512 1.91546 1.81052 0.88968 1.30103 1.99776 1.36097 1.02511
1.59202 0.72471 0.97761 1.83668 1.78039 0.52540 0.57427 0.88781 0.87533 0.68660 1.53828 0.75534 0.72344 1.03198 1.37515 1.54677 1.79488 0.73977 1.72323 1.19185 1.58565 1.60667 1.87755 1.41578 0.54365 1.37209 1.16929 1.86723 1.93841 0.54750 1.53069 1.90140 1.04663 0.72907 0.86163 1.89121 1.78180 1.74296 1.63387 0.87499 1.42695 1.48530 0.54451 1.81906 1.98103 1.11566 1.87752 1.31094 0.78762 1.96990 1.81531 1.14331 1.73075 1.36142 1.15288 0.76801 1.90266 1.05402 0.86466
0.70903 1.45420 1.81189 1.45034 1.54615 1.60870 1.60171 1.14933 0.51543 1.41128 0.95618 1.79849 0.81992 1.18386 0.56216 1.30936 1.58852 1.56978 1.11744 0.98306 1.42146 1.30434 1.91361 1.02893 1.19660 1.36575 0.56175 1.30615 1.93566 1.75021 0.81921 1.22925 1.31416 1.94593 1.92737 1.96213 1.18033 0.58687 1.02171 0.91936 1.66601 1.89534 0.73375 1.23993 1.58647 0.77754 1.75211 1.93209 1.19734 1.44531 1.31875 1.52707 0.89082 0.92307 1.52846 1.37732 0.70082 0.55579 1.61843 0.70315
0.65583 1.70330 1.10996 0.75237 1.51898 1.35833 1.04113 1.79380 0.55179 0.57205 1.92139 1.69759 1.07061 0.80177 1.69233 1.01587 1.19494 1.27216 1.18571 1.27288 1.21580 1.89510 1.99637 1.90813 1.27144 1.17760 0.78925 0.99416 1.83222 1.18508 1.76868 1.85360 0.75550 1.96075 1.61882 1.79878 1.99151 0.83445 1.62961 1.62231 0.54321 1.07176 1.46108 0.75269 1.38927 1.91693 1.89389 1.75096 1.25419 1.27901 1.36032 1.54794 1.56061 1.32395 1.68078 1.61317 1.81810 1.15625 0.94387 1.43626 0.68467
0.78900 0.60928 1.24945 1.75944 0.92462 1.19734 1.01379 1.47279 0.50482 1.60515 1.05013 0.85990 1.36567 1.14512 0.59388 1.14719 0.88699 0.75933 0.58500 0.97210 0.86403 0.92530 0.96603 1.03322 0.69810 0.67940 0.60903 0.96485 1.97289 0.62677 1.67187 1.97851 0.93724 1.42024 1.55572 0.64926 0.66154 1.70119 1.86483 0.73048 1.23762 0.85326 1.86253 1.69783 1.93819 1.44179 0.57303 1.36971 0.55843 1.19478 1.50712 1.15958 1.06054 1.01090 0.56928 1.10187 0.95210 1.41880 0.95399 0.64064 1.54146 1.70481
1.99387 1.19603 1.33116 1.12139 0.80059 1.61243 0.87540 1.46540 0.83896 1.00583 1.47251 1.50546 1.72153 1.96174 1.88154 0.99003 1.22186 1.54142 1.82625 1.41095 1.68775 1.58911 1.33267 1.66605 1.36159 0.63856 1.65472 0.89739 1.40767 0.68194 1.84554 1.76322 1.44897 1.43929 1.17610 1.21838 1.74222 1.51268 1.79433 1.53050 1.35909 1.77752 0.99545 0.56875 1.96126 1.96727 0.66991 0.53780 1.12251 1.45255 0.76263 1.90697 1.78520 1.69580 1.75408 0.99207 1.48234 1.93311 1.38155 1.97301 1.53780 1.01463 1.60027
1.76565 1.06456 0.95644 1.44039 1.36470 1.98176 1.43764 1.37393 1.80531 0.95638 0.91000 1.79377 1.77804 1.90750 1.48218 1.08455 1.41895 1.91461 0.99222 1.83250 0.79388 1.50531 1.56553 0.95130 1.20459 1.15879 0.86823 1.31289 1.47318 0.93869 1.76825 1.47931 1.26231 0.71707 0.89447 1.03200 1.69946 1.22003 0.51013 1.13875 0.78454 1.87336 1.00428 1.66200 1.53015 0.79907 0.95792 1.36708 0.89281 0.68204 1.83692 1.39546 1.63322 0.66527 1.44783 1.40030 0.71828 1.54490 1.00788 1.21213 1.22653 1.73860 1.60040 0.74274
0.93216 1.35439 1.96549 0.94377 1.21101 1.33704 1.11047 1.23133 0.88572 0.51568 0.60836 1.89798 0.52784 0.71885 0.99372 1.46944 1.39126 1.87210 0.76820 1.70736 1.48702 1.92475 1.63487 1.23770 1.10500 1.38907 1.51312 1.83753 1.92976 1.77043 1.70958 1.53852 0.97322 0.93109 1.05207 0.95685 0.68341 1.37407 1.14037 1.50142 0.68405 0.73190 1.74459 0.68624 1.29632 0.83562 0.94628 1.97671 0.97158 1.20643 1.75770 0.60111 1.92785 1.27254 1.07047 1.40418 1.21444 0.80422 1.68942 1.73080 1.97542 0.64808 0.91415 1.71938 0.98221
0.56405 1.21821 1.71188 1.66248 1.04609 1.33368 1.32221 1.88400 0.63607 1.83457 1.29626 0.93033 1.66130 0.53518 1.96262 0.86027 1.12253 1.56369 1.88272 0.79374 1.26864 1.63966 1.14435 1.76401 1.96790 1.44945 1.80840 0.97484 0.78181 1.30651 0.57704 0.55143 1.42275 1.21233 1.72964 0.62224 1.72957 1.60310 1.01094 1.11384 1.92450 1.24441 1.95795 1.85198 1.05780 1.70408 0.89285 1.21288 0.97708 0.91069 1.57632 1.82068 1.98239 0.94681 1.69079 0.84687 1.51123 1.74655 0.86342 0.62409 0.69073 0.73561 1.84836 1.04657 0.54921 1.17674
0.51611 0.75006 1.31475 1.65334 1.65973 1.94552 1.87655 1.68826 1.06647 1.18868 1.48576 0.72959 1.24279 0.56340 1.43102 1.84799 1.83285 1.94057 1.46422 1.47935 0.86027 0.80548 0.74232 1.20067 0.54676 0.60908 1.41495 0.84273 1.05779 0.97638 1.93009 0.96145 0.90226 0.78378 1.64553 1.39308 0.77215 0.70730 1.55565 1.92061 0.76397 1.51384 1.95355 0.94446 1.67495 1.55378 0.95553 1.67379 1.70194 0.92938 1.71621 0.69059 0.80303 1.04482 0.99323 0.87490 1.80708 1.75728 1.62439 0.85511 0.72161 0.95713 1.65641 1.17302 1.42164 1.70654 1.32115
1.07473 1.66391 1.85768 1.55325 1.09592 1.87765 1.92492 0.89740 1.20260 1.16473 1.61951 0.60260 1.19676 0.65945 0.54103 1.32787 1.42820 0.90712 1.22864 1.89645 1.28796 1.34856 1.00838 0.94884 0.70341 0.66344 1.35462 1.41903 1.29796 1.29616 0.86736 0.81157 1.71661 0.53875 0.67232 1.99759 1.25081 1.81638 0.93846 1.25210 1.48743 0.73273 1.99777 0.87577 1.01406 1.65413 0.94280 0.55911 0.53772 0.65615 1.89736 0.95753 1.39045 1.18331 0.57200 1.02600 0.54079 0.64041 0.55973 1.59693 1.63285 1.42357 0.81573 0.69720 0.93118 1.88965 1.56051 1.86134
0.99748 1.70047 0.57645 1.78394 0.73036 0.68385 0.88011 0.86224 1.17611 1.69824 1.74780 1.38843 1.29419 1.91724 0.59996 0.63994 1.37733 1.39050 0.93291 0.52488 1.40509 1.33679 1.85280 1.46602 0.81024 1.03881 0.68201 0.52554 1.22061 1.87854 1.08456 0.72562 0.51312 0.86644 1.44564 0.65344 0.68483 0.51946 0.92149 1.98483 1.96464 0.77584 1.82098 1.09825 0.66068 0.78211 1.81051 1.36618 1.26948 1.83211 1.48714 1.05625 0.96978 1.89161 0.50025 0.66283 1.19775 0.95709 1.53144 1.84540 1.30175 0.55154 1.60315 0.70383 1.85163 0.84902 0.54713 0.61785 1.10442
1.16147 0.84978 1.46728 1.37776 1.83065 1.19680 0.75186 0.71816 1.44458 0.58646 1.01047 1.97299 0.69304 1.98350 0.72739 1.51519 1.04482 0.76793 0.67762 1.72468 0.83149 1.30318 1.51346 0.87092 1.31624 1.77356 1.80515 1.89775 1.65573 1.83692 1.29941 1.33777 1.85686 0.81673 1.86837 1.13655 0.52469 1.79913 1.86434 1.86119 1.59614 1.93157 1.21862 1.83908 0.92451 1.57104 1.10473 1.44385 1.12758 1.24366 1.97659 1.51386 0.61954 0.59182 0.70243 0.53308 1.10537 1.20190 1.70815 0.99281 0.84645 0.91516 1.01532 1.58240 1.49150 1.96038 1.51622 1.52090 1.27247 1.53548
0.68700 1.43903 1.90308 1.86730 0.50779 1.45730 1.66047 1.32785 0.50387 0.74838 1.99047 1.14725 1.64345 1.14933 1.26631 1.02092 1.59677 1.01794 1.82093 1.10992 0.71124 1.90247 1.51379 1.19556 1.65141 1.65479 0.73624 0.72392 0.75754 1.47502 1.96257 1.30799 1.04461 0.72358 1.48910 1.98407 1.03676 1.32623 0.77196 0.55023 1.62602 1.04593 1.46747 1.35862 1.81569 0.80067 1.71642 1.71883 1.27628 1.49201 1.19950 1.51209 1.36270 0.68163 0.69322 1.11144 0.96643 1.16790 0.86824 0.59332 1.76926 1.32196 0.74161 1.67337 1.41362 0.92628 0.57602 1.68814 0.91801 1.81854 1.66074
1.96633 1.40104 1.84927 0.80549 1.61342 1.48954 1.75504 1.92366 1.76476 0.53083 1.08182 1.94810 0.64997 0.74052 0.64463 0.52255 1.25177 0.54183 1.60588 1.26664 1.68058 1.94682 1.68592 0.74802 1.93165 0.51653 1.01159 1.39986 1.94852 0.91415 1.52915 1.60324 1.20188 0.88824 0.85588 0.64148 1.17024 1.50647 1.54145 0.85883 1.95162 1.53211 1.72998 0.79920 1.85259 1.92928 1.46947 1.44429 0.95335 0.88956 1.30095 1.87842 1.62444 1.73424 0.74883 1.88976 1.40404 1.13388 0.60930 1.39417 0.92108 0.57501 1.74610 1.31745 1.02719 0.85568 1.39680 1.26613 1.74976 1.76177 1.19760 1.10404
1.91277 1.37057 1.51369 1.64633 0.84052 1.42366 0.92187 0.88320 1.91861 1.11153 0.95495 0.69323 1.56351 1.77138 1.51455 1.68918 1.97062 0.51360 1.86018 1.53148 1.67258 1.67881 0.94337 1.20343 1.88919 0.73626 1.13338 1.82709 1.21440 1.15670 0.56101 1.44251 1.74553 1.29025 0.58477 1.28189 1.03103 1.53228 1.76392 1.93623 1.05723 0.80679 1.36233 1.72410 1.43857 0.75401 0.79411 1.01500 1.09506 1.83734 1.22715 1.94993 0.93392 1.36040 0.50882 0.93695 0.99158 1.43827 1.85380 1.92384 1.85317 1.39787 1.52070 1.53170 0.61262 0.82384 1.35216 1.97939 0.57475 0.66761 1.52825 0.90036 1.08303
1.20738 0.68350 1.73335 1.93843 1.88747 0.93257 1.98126 0.88509 1.61769 1.51278 1.77223 0.78341 1.47270 0.72686 0.89923 0.55462 0.93212 0.84430 0.86945 0.88931 1.46464 1.89287 1.51676 0.75708 1.60591 1.98999 0.73582 1.10202 0.99442 0.78091 0.74052 1.88045 0.52637 1.97709 1.07036 1.40662 1.13889 0.55762 0.87543 0.54978 1.23846 1.77672 1.98556 1.58863 0.81949 1.28048 1.32872 1.20987 1.00292 1.01620 1.69728 1.61934 1.82038 1.74211 1.14926 1.13192 1.30924 1.38189 1.53705 0.84173 1.41364 0.94743 1.08268 1.08579 1.04685 1.41506 1.65438 1.56293 1.26260 1.90179 1.90885 1.49014 1.68078 0.98367
0.90888 0.78700 1.72757 0.58850 0.75443 1.68020 0.66521 1.76831 1.96025 1.78726 1.41051 0.98687 1.45734 1.27091 1.95010 1.09942 1.78340 1.33228 0.82499 1.78978 1.10228 1.06641 1.69251 1.21427 0.60192 0.93415 1.44548 0.57692 1.03370 1.19438 0.56710 0.77828 0.71787 1.44512 0.69611 1.44386 1.13769 1.34368 1.67197 0.88731 0.86926 1.18218 1.95663 1.94361 1.10902 1.38715 0.69453 0.72346 1.26173 1.14265 1.76503 0.53394 0.52544 0.70122 0.96124 1.91923 1.61912 1.19938 1.82479 0.90903 1.47719 1.47949 1.07573 0.98022 1.55251 0.96280 1.48001 1.09729 1.22773 1.41756 1.34660 0.79534 1.76295 1.50830 1.76003
1.75146 0.52529 1.98522 1.37073 0.73639 1.69423 1.25030 1.31937 1.27066 1.84860 1.55360 1.40139 1.99408 1.95761 1.38746 0.93085 0.61536 1.46526 1.04038 1.31260 1.47094 1.12994 1.11223 0.57090 1.37501 0.85924 0.65224 1.11046 1.59533 0.96686 0.64556 1.97060 1.04275 1.75520 1.44615 1.32592 0.86091 1.97030 1.70874 1.68011 1.02982 0.74472 1.48275 1.13105 1.48937 1.18122 1.10468 1.46362 0.97419 0.81593 0.73698 1.73880 0.54906 1.96281 1.02868 1.80597 1.67457 1.14363 1.04137 0.97657 0.98764 1.18698 1.18225 1.29991 1.25473 1.20414 1.66402 0.53257 0.76231 1.65524 1.97237 0.97852 0.60640 1.11529 1.26419 0.50786
1.86541 1.08381 1.23019 0.60501 1.74041 1.67549 1.37042 0.62900 1.68368 1.48353 1.92312 0.97706 0.64991 1.20466 1.90379 0.54739 1.07698 1.59668 0.73219 1.12072 1.62305 0.55072 0.71934 0.63277 1.63278 1.90462 1.18929 0.92368 1.89459 1.90886 1.51943 1.32248 1.90293 0.52591 0.64078 1.35277 0.71295 0.77394 1.19384 1.09628 0.75760 0.88649 1.11418 0.53121 0.62884 1.04804 1.84492 1.92989 0.68460 0.92935 1.10881 1.67336 1.16580 0.86729 1.18974 1.21148 0.60567 1.49822 0.71928 1.95676 1.94570 1.80503 1.46748 1.89859 0.68540 1.83962 1.50199 0.85883 1.90402 0.87259 1.04271 1.56166 1.65875 1.55830 1.63098 0.87199 1.76028
0.93691 0.78496 0.75899 1.87129 1.59526 0.88303 1.11965 0.80441 0.94784 1.76909 0.55866 1.05769 1.15346 0.74641 0.60130 1.12293 1.55257 1.59805 0.68086 0.83648 1.98599 1.03332 1.00201 1.92051 0.67024 0.63579 1.85103 1.27861 1.65850 0.80449 1.36832 1.22448 1.98749 1.76813 1.68932 1.78913 1.08485 0.58416 0.65182 1.02144 1.59211 1.98989 1.97534 1.20871 0.79818 0.80686 0.60456 1.54200 0.66472 0.58508 0.85696 1.85334 0.95996 1.35946 1.65352 1.05824 0.88131 0.66748 1.20398 0.80940 1.12381 1.02347 1.31139 0.84046 1.22908 1.04848 0.60100 0.90766 0.74051 0.78424 1.29700 1.33608 1.14420 1.66451 1.93426 1.82361 1.96723 0.53983
1.65560 0.93261 1.29850 1.54575 1.35152 1.71082 1.92398 0.86122 0.65978 1.98706 1.32424 1.72401 1.79366 1.15924 0.56169 1.36716 1.48132 1.20724 1.81413 1.18780 1.12743 1.13703 0.85997 1.53229 0.62776 1.52627 1.45928 0.63850 1.31956 1.84555 1.29758 1.62970 0.96104 1.58564 0.94328 1.35836 1.97481 1.66461 0.88834 0.60132 1.87869 1.56229 0.80018 1.51488 1.96306 1.12430 0.81408 0.96178 1.96149 1.19453 0.64504 0.58579 0.94796 1.03721 1.56061 1.05123 1.79552 1.10168 0.90653 1.38225 1.03723 1.31196 0.66126 1.19068 1.00084 1.21126 0.99935 0.60485 1.39552 1.98816 1.76423 1.87602 1.55986 0.63935 1.50333 1.83541 1.51771 1.07463 1.02181
1.52804 1.02884 1.32455 1.66787 1.31873 1.99511 0.84176 1.83111 0.55401 1.35519 0.76482 1.57461 1.82843 1.71019 0.54676 1.55796 1.46037 1.95897 1.87222 0.54523 1.50078 1.72402 0.85711 0.80388 0.85400 1.72731 1.69934 0.66208 1.07957 0.86763 1.81854 1.73504 0.70404 1.03014 1.81973 1.73215 1.33790 1.90392 1.50154 0.59218 1.89617 1.90427 1.26266 0.56374 0.68408 1.39342 1.49916 1.95864 1.04515 1.28854 1.35181 1.37861 1.46988 1.82954 0.76626 1.02632 1.14319 1.86596 1.55606 0.96338 0.67237 1.45103 1.36249 0.66633 1.32539 0.72157 1.07737 1.53373 1.56445 1.69172 1.26827 0.91954 1.01365 1.84850 1.16431 1.28869 0.60215 1.17738 0.59863 0.65286
1.74291 0.82076 1.89267 1.17427 1.01649 1.79785 0.62176 1.17275 1.75910 1.77551 1.99497 1.72852 0.78934 0.97534 0.70255 1.51665 1.27910 1.04636 1.00659 1.59681 1.06000 1.70739 1.74915 1.28176 1.48394 1.52093 1.98831 0.83770 0.80824 1.68511 1.36533 0.72672 0.71876 1.61909 0.52335 0.76638 0.81016 0.98957 0.80099 0.64937 0.96268 1.59298 0.61128 1.27364 1.92372 1.99431 0.76451 0.85272 1.15452 1.00997 0.88864 1.31856 0.56835 1.39988 0.53865 1.67079 0.59226 1.94465 1.91797 1.19505 1.19808 1.99805 0.73538 0.85452 1.98959 1.16518 0.57998 0.51355 1.15233 1.20281 0.70370 1.80264 1.28198 0.75779 1.04440 0.68470 0.89848 1.75136 1.44579 0.95961 0.88945
1.34093 0.72407 1.39270 1.83016 0.55561 0.90079 0.79712 0.91014 0.84402 1.45595 0.97905 1.70930 1.89069 1.90286 0.88284 1.50933 0.95805 0.57907 1.69278 1.48428 1.44560 0.69584 0.69023 0.95934 0.87002 1.75313 1.67275 1.86436 0.55207 0.74167 1.17083 1.13555 1.78453 0.53766 0.60187 1.97952 1.47548 1.50849 0.61762 0.58429 0.96004 1.32174 0.95157 0.84659 1.75030 1.09893 1.40350 0.56486 1.59127 0.61270 1.77826 1.09388 0.57860 0.84498 0.53073 1.86986 1.52598 0.53876 1.62559 1.52956 1.07734 1.82701 1.19649 0.59208 1.75738 1.51849 1.73187 1.39432 0.68859 1.47989 1.18408 0.82720 1.14635 0.85849 1.38105 1.48675 0.83617 0.72807 1.27203 0.78994 1.97886 1.51546
0.62619 0.75038 0.51555 0.57154 0.73269 1.85450 1.98740 1.35109 0.96177 0.55168 1.96814 1.40555 0.51351 0.80291 0.79319 1.30088 0.88469 0.60212 1.10672 0.65233 0.93077 1.78992 1.77986 1.08239 1.66837 0.51221 0.59106 0.50173 1.07150 0.80462 1.79546 1.09674 0.87987 0.56594 0.52164 1.84261 1.74430 0.53341 1.20533 1.89606 1.09025 1.49787 1.78021 0.76480 1.71553 0.52579 1.98045 1.36033 1.58915 1.81386 1.70196 1.95091 1.53773 1.35568 1.59528 0.92407 0.82140 1.97443 1.24968 1.10148 1.37105 1.14303 1.98091 0.60899 0.80238 0.57784 1.66120 0.56238 1.53935 1.23792 1.32519 1.61354 0.85967 0.91094 0.64569 1.66758 1.48628 1.27038 0.80968 0.66755 0.93185 1.64114 1.94445
1.08788 1.80222 0.73196 0.55569 0.56389 1.37471 1.50827 0.79765 0.54741 1.01520 1.05472 1.97723 1.52067 1.53088 1.97220 1.99310 1.78025 0.63927 1.00281 0.79145 1.64555 1.87278 1.36123 0.52885 0.86346 1.77103 0.68177 0.73902 1.70353 0.74349 1.19632 1.14801 1.02153 1.92704 0.75429 1.74638 1.49820 1.75090 1.82217 0.75211 1.11210 1.57316 1.07183 1.85962 0.99514 1.19463 1.46541 1.22457 0.72184 0.63021 1.27841 1.32904 1.07853 1.40971 0.58461 0.65882 1.55528 1.20775 0.52040 1.71268 1.50571 1.19840 1.81820 1.45319 0.82716 1.80915 0.73168 1.88911 0.52988 0.62082 1.67697 0.84629 1.69973 0.72581 1.20721 1.06755 1.69013 1.63980 0.76466 0.96590 1.26580 1.06227 1.38156 0.62204
0.80531 1.81625 1.32212 1.81291 1.50305 1.22231 0.56967 0.64072 0.89993 1.85565 1.61000 0.82486 1.98500 1.60617 1.92668 1.61781 0.99022 1.80732 1.98646 0.75671 0.97853 1.03799 0.50249 0.99730 0.75699 1.80919 0.82205 0.96461 1.11105 0.56275 1.10495 1.42944 0.88252 1.53432 1.84297 0.99363 1.28307 1.76568 1.64160 0.93699 1.18608 0.92863 0.93492 1.10074 1.45616 1.34556 1.13024 1.18513 1.05639 1.92956 1.14370 1.56398 1.42771 0.94198 0.66141 1.41548 0.90584 1.77800 1.08611 1.43662 0.86402 1.65234 1.19339 1.99451 0.73542 0.91837 1.61519 1.85995 1.85076 1.45413 1.04826 1.95383 1.53691 1.32951 1.38508 1.31219 1.59093 0.61062 0.84555 1.82855 1.83070 0.81842 1.39125 1.65746 1.54456
0.72783 0.59186 1.79873 1.89682 0.67020 1.09048 1.34085 1.66910 1.57819 1.85681 0.51688 0.55971 0.98363 1.14783 1.99175 1.04250 0.54333 1.29621 1.06599 0.68671 1.64717 1.54080 1.33690 0.98559 0.53634 1.34191 0.89031 0.79415 1.83923 1.10793 1.76745 1.13929 0.83838 1.67258 1.84664 1.04455 0.60184 0.87025 1.88312 0.64405 0.80639 1.06353 1.64251 1.73400 0.79390 1.97164 0.70731 0.78153 1.76834 1.99022 1.88101 1.70682 1.55703 1.14314 1.46121 1.34783 1.57889 1.74103 1.40953 1.41541 1.16702 1.06376 0.87475 1.87169 0.68082 1.70715 1.89690 0.81839 0.97769 1.18382 1.60818 1.36531 0.89039 0.53006 1.47116 1.04155 1.18813 1.64907 0.76737 1.46369 1.76339 0.53177 1.07145 1.65030 0.68535 1.91597
0.93367 1.82417 1.31094 1.90351 1.77123 0.96838 1.27587 1.34702 1.43483 0.60063 0.65589 0.89056 1.93230 1.07896 1.39668 1.61062 1.66267 1.64302 0.69269 1.40119 1.06789 1.76793 1.58918 1.60942 0.75491 1.36844 1.11165 1.27948 1.78977 1.04651 0.60033 1.42182 1.18725 0.87554 1.75411 1.71385 1.09223 1.00193 1.02911 0.97002 1.91525 0.82634 0.84282 0.59363 1.87061 0.57366 1.90401 1.77573 1.15666 1.88898 1.53481 1.21067 1.51332 0.65094 0.58922 0.87236 0.99354 0.97447 0.96035 0.85268 1.69758 0.68614 1.14946 1.08368 1.30137 1.59920 0.98473 1.30293 1.43651 1.05531 0.66155 1.36515 0.73619 1.90098 1.14702 1.71598 0.51297 1.85212 0.69955 0.60271 0.91799 1.15416 1.42059 1.59682 1.30956 1.89714 1.76722
0.63197 0.71217 0.79935 1.76465 0.81852 1.37917 0.78706 1.38994 1.10496 1.60228 1.35604 1.43249 0.67144 1.69916 1.47135 0.80362 0.59649 1.88996 1.85970 0.60114 1.54622 1.74572 1.01424 0.69631 0.67707 1.04392 1.12661 1.28457 1.73966 1.02724 1.70459 1.08647 1.68725 1.97885 1.01009 1.48876 0.51652 1.05463 1.51122 1.48694 1.06637 1.64394 0.63475 0.83671 1.07432 0.50021 1.25670 1.37068 1.26136 0.83522 1.83674 1.30981 0.83028 1.08014 0.88353 1.45134 0.69374 1.13078 0.85384 1.68091 0.55099 1.01866 0.57454 1.37047 1.67042 1.48578 1.11014 0.95999 1.79440 0.80715 1.24492 0.95289 1.93092 1.47238 0.72288 1.05208 0.62572 1.92501 0.68539 1.77951 0.99751 0.84700 0.90939 1.43038 1.81318 0.57386 0.64576 0.96961
1.68234 1.16055 0.67864 1.37464 1.32451 1.49699 1.57722 0.68688 0.53257 1.00918 0.90484 0.61533 1.10494 1.86718 0.96624 0.87359 0.99199 1.10043 1.65518 0.93758 1.67443 1.14706 0.54456 0.96797 1.03902 0.80087 1.92815 1.64111 0.72500 1.05185 1.03515 1.44786 1.65541 1.14549 0.98408 0.83190 0.78041 1.99010 0.86293 1.22287 0.56873 1.30185 1.76722 1.69383 1.46804 0.63734 1.67352 0.64669 1.99508 1.71694 1.97257 0.70907 0.69190 1.06106 1.42072 1.19097 1.04560 1.93587 1.38736 0.95277 0.96367 0.59742 1.23868 0.71533 1.66181 1.92960 1.69763 1.95857 0.80997 1.07245 1.75857 1.47441 0.74819 0.56883 0.91226 1.61242 1.35140 1.60763 1.77311 1.91329 0.58252 0.64475 1.66219 0.76477 1.32403 1.91909 1.56588 0.81891 1.35346
1.11385 0.88382 0.54308 1.99182 1.24986 0.92153 0.58109 1.66688 1.45619 1.07410 0.86851 0.59962 1.21834 0.85998 1.08683 0.51610 1.99332 1.13487 1.31198 0.63412 0.68987 1.57760 1.78251 1.59282 0.51064 0.92421 0.87801 0.73716 1.86153 1.62014 0.67760 1.71372 0.88949 1.33547 1.38024 0.96897 1.84476 1.41662 0.71679 1.35865 1.22999 0.86398 1.67455 0.65776 1.59926 0.69153 1.58522 0.60236 0.66100 0.77241 0.79733 1.47111 1.50246 1.25118 1.74422 1.60815 1.36960 0.68575 1.63273 1.97218 1.70239 1.57764 1.93117 1.86479 1.44100 1.11550 0.66584 1.52059 1.78128 1.21226 0.73289 1.43126 0.67817 1.87363 1.49435 1.01312 1.64194 1.84813 1.16163 1.45507 0.95341 1.21659 1.56118 0.62236 1.28110 0.92034 0.75011 0.71897 1.46392 0.73878
0.72089 1.02223 0.66974 0.92416 0.78644 1.40804 1.63774 1.33243 0.86727 0.56026 0.50317 0.74727 1.39396 1.78404 1.34829 1.57658 1.96829 1.30062 0.76968 0.60592 0.66344 1.04694 1.54380 1.54097 1.13566 1.34436 1.72850 1.33168 0.63257 0.85026 0.92440 0.86564 0.55008 1.73212 0.68843 0.90616 1.89046 1.22827 1.04179 1.96161 1.34399 0.57946 1.18403 1.44500 1.03086 1.07605 1.76400 1.76556 0.51493 1.22445 1.07977 1.84943 1.79641 1.69017 1.17168 1.99996 1.38688 1.57198 1.31025 1.06517 0.62105 0.90999 0.58938 0.77690 1.37597 0.76376 1.66863 0.57710 0.93527 0.67094 0.94303 1.24510 1.34698 1.85847 0.85788 1.53660 1.69492 1.64427 1.20682 1.65006 0.58631 1.16972 1.61572 1.72966 1.17326 0.69070 1.01825 1.06138 1.34166 1.14327 0.78970
1.98458 0.68277 0.99415 1.81523 1.93835 0.90254 1.83964 1.31379 1.85906 0.98586 1.97929 1.71572 1.97516 0.67131 0.90904 0.83354 0.97611 1.43839 0.86134 1.19936 0.64402 1.76160 1.16452 1.31832 1.42291 1.02394 1.76502 0.87405 0.99100 1.57038 1.57245 0.53254 0.96193 0.95631 1.56609 1.80798 1.59091 0.90909 1.32744 1.33072 1.23072 0.98950 1.13511 1.83988 1.47063 0.96894 1.84615 1.92291 1.35292 0.93339 1.80450 0.82523 1.91003 1.16922 1.83263 1.86632 1.09993 1.31921 1.73706 1.82273 0.54500 1.21218 1.84912 0.86517 1.10754 1.62646 1.10437 1.13657 0.82819 0.78296 1.17492 0.83444 1.36019 1.35533 0.95800 0.77903 1.87161 1.31521 1.72480 1.48759 0.97444 1.96741 1.62665 1.09211 1.65129 0.91671 0.91658 1.05548 0.63013 1.00373 1.64929 1.89481
1.80466 1.86478 0.82094 0.55504 1.71000 0.80348 0.57379 1.80525 1.65230 1.90736 1.38059 0.90884 1.24718 1.87599 0.74853 1.44780 1.75480 0.99271 1.58606 1.55462 1.58204 0.89210 1.96646 0.98398 1.47705 0.74036 1.11086 1.39693 0.80016 1.75275 0.98213 0.83878 1.11396 0.80287 0.55612 1.78101 1.67852 1.52906 1.29687 1.79874 0.81969 0.72515 1.13420 1.89822 1.73566 1.21994 1.22321 0.71272 1.80130 1.22103 0.65827 1.90235 1.10670 1.82812 1.18306 1.62514 1.80160 1.88956 0.83304 1.52122 1.09614 0.88189 1.46043 1.80071 1.73255 1.80119 1.80187 1.15892 1.59702 1.06852 1.26681 1.35917 1.47365 0.76899 0.84921 1.39430 1.95803 1.65511 1.24129 1.94388 0.88656 1.69179 0.71739 1.01198 1.90734 1.12593 1.90198 1.72229 0.59536 1.33830 1.75733 1.43119 1.90877
1.59018 1.75138 1.81008 0.95511 0.87406 1.14821 0.90912 0.97742 1.38627 1.93321 0.80447 1.08423 0.76171 1.93339 1.38899 1.96753 1.34535 0.61016 1.73398 0.92680 1.67999 0.55180 1.65045 1.02199 0.52610 1.21271 1.91286 1.90500 1.24099 0.77875 1.53722 0.54817 1.41992 0.77315 1.06358 1.09544 0.66966 1.78718 1.28782 1.63748 1.89042 1.63747 0.99498 1.07934 1.88719 0.96885 0.86870 1.28364 1.54190 0.79491 0.93747 1.52673 1.67719 1.04052 1.61135 1.57800 1.33670 1.09229 1.41727 1.54744 1.39670 1.85545 1.05849 1.68291 1.48233 1.07818 0.51764 1.07309 1.44788 1.20096 1.65265 1.00677 0.73173 0.51255 0.65181 1.28355 1.04197 1.63164 1.77723 0.90769 1.41992 1.70961 1.78126 1.90299 0.59399 1.36063 1.03194 1.86002 0.60289 1.30051 0.95128 0.62172 1.38376 1.42864
1.77257 1.66693 1.09048 1.43011 1.64757 1.57495 1.04489 1.45723 0.53520 1.27669 1.78432 1.44518 1.10756 1.59382 1.55639 1.60762 1.25560 0.63519 1.56656 0.85522 1.85884 0.59198 0.75525 1.63479 1.09314 1.23679 0.92947 1.71295 1.98708 0.69899 1.47159 1.25239 0.87845 1.59668 1.88240 1.90657 1.50753 1.80379 1.87205 1.52505 1.09073 0.51995 1.03334 0.85194 1.80654 0.76261 1.11371 1.58189 0.60059 1.87509 1.50818 0.83990 0.75550 1.80654 0.72379 1.69487 1.73038 1.75150 0.52970 1.82676 1.59851 1.00916 1.10560 0.77227 1.43892 1.26531 0.61635 1.07313 1.51253 1.86956 0.54393 1.33999 1.40484 1.33434 0.67198 0.90077 1.89382 1.95416 1.60162 0.65646 1.86330 1.48778 1.17407 1.08646 0.66547 0.85129 0.75538 1.63934 0.84399 0.65747 0.56548 1.09100 0.95405 1.41889 1.34260
0.50784 1.68375 1.80905 1.92252 0.70511 1.42870 1.62474 1.13171 1.77142 1.18769 1.09952 0.63163 0.99108 0.61504 0.70255 1.49365 0.78400 0.60298 0.83238 1.52137 1.54653 1.35638 1.92245 0.63274 0.98074 0.53344 1.79877 1.85014 0.68209 1.84295 1.68683 1.51509 1.25704 1.85605 0.90998 0.50057 1.00564 1.92346 1.96222 1.54654 0.79668 1.38421 1.47024 1.64471 0.97539 1.01533 1.21560 0.50618 0.87133 1.12362 1.38648 0.83555 1.46727 1.71706 0.82895 1.89578 1.07129 1.49667 1.62413 1.57760 0.54986 1.20960 1.47358 1.30599 1.28720 1.00987 1.52480 1.40132 1.90068 1.91232 1.28549 0.56764 1.73759 0.64457 1.35126 1.98114 0.63950 1.45555 1.64287 1.81496 1.88908 1.27222 1.92859 0.89421 0.83296 1.46843 0.96437 1.30376 0.70443 0.60084 0.51390 1.99519 1.68394 1.52126 0.78006 1.21597
1.68188 0.99267 1.51319 0.81559 1.45090 1.39317 1.62334 1.75419 0.78761 1.57236 1.33294 0.65424 0.61573 1.86066 1.43784 1.44926 1.28369 0.74142 1.54934 1.10066 1.36080 1.47498 1.33649 1.53343 1.40292 1.24553 0.57899 0.57358 1.45922 1.62047 0.67128 1.32939 1.73106 0.94610 0.91905 1.10917 1.68284 1.48108 1.91212 1.75593 0.82902 1.39858 0.93668 1.22730 1.18857 1.86762 1.64304 1.30555 1.51473 1.69079 1.08941 1.54163 0.54943 0.80328 1.52621 1.83373 1.75542 1.96171 1.72195 0.54166 1.68266 0.74537 0.82667 0.93024 1.65571 0.78254 1.43228 1.03385 1.61205 0.62715 1.22795 1.64287 1.98442 0.92984 0.82209 0.62757 1.76660 1.49245 1.31349 1.25308 0.85189 1.14575 1.64656 0.97514 0.95630 1.69584 1.21369 1.15342 0.85127 0.79622 1.16347 1.47659 1.36634 1.32458 1.62095 1.49669 1.38022
1.77561 1.13354 1.89562 0.65112 0.76705 1.82688 1.67996 0.93256 1.96579 0.52829 1.75372 0.87768 0.76760 1.07228 1.21712 1.64873 1.21157 1.95003 1.17637 1.25905 0.74029 0.56863 1.31954 0.72426 1.96851 1.85599 1.68436 1.28376 0.66117 1.23029 1.33415 0.86027 1.18192 1.92437 1.92296 1.51110 1.55419 1.70245 0.60953 0.64138 1.22460 1.60851 1.65236 1.40654 0.86067 0.62362 1.29243 1.00662 0.70132 1.38600 1.53502 0.54508 0.87515 1.79898 1.65172 1.57986 1.70338 0.98728 1.06241 1.49674 1.40433 1.19678 0.91727 1.36634 0.96333 1.27649 1.20361 0.93332 1.83331 1.29918 1.96621 1.81198 1.86818 0.56556 1.67794 1.21740 1.85851 1.80546 1.15440 1.30287 1.42529 1.81283 0.93183 1.33778 0.99739 0.82171 0.98728 1.04907 0.79049 0.53245 1.65038 1.74169 1.83274 1.19373 1.05958 1.79761 1.73524 1.42613
1.72545 1.13941 1.42926 1.74234 0.54812 1.81825 1.59539 1.55675 1.10862 1.36573 1.17581 1.83157 1.75093 1.24031 1.56101 0.52444 0.95758 1.63223 1.38392 1.17569 1.00819 1.78762 1.44487 0.95803 1.36840 1.80882 1.02781 1.95650 1.90637 1.92172 0.81540 1.19164 1.44849 1.56518 1.30614 1.86317 1.12400 0.99590 0.84620 0.53132 0.51095 1.51607 1.76640 1.16076 1.44123 1.79770 1.24192 1.37395 1.74661 0.75284 0.55437 1.74583 1.48967 1.70236 1.76568 0.65743 1.33988 1.62272 0.75605 1.57404 1.00957 1.05335 0.89455 1.51855 0.71199 1.37094 1.95898 0.52252 1.78328 1.55577 1.17572 1.94061 1.35184 1.51558 1.29425 1.62196 1.44382 0.72261 0.73626 0.93556 0.89221 1.04945 1.15617 1.95062 1.49128 1.64951 0.86773 1.26621 0.55566 0.54110 1.43609 1.61829 0.53487 1.58752 0.74216 1.92839 1.26189 1.51219 0.65058
1.59444 1.11339 1.61004 1.53781 1.28945 1.89685 1.94162 1.60192 1.45105 1.01281 0.70030 0.68408 1.68409 1.35352 1.70311 1.13647 0.91579 1.18980 0.78481 1.84271 0.53324 1.90793 1.84712 0.57982 1.91855 1.83097 1.98070 0.93425 0.63052 1.70703 1.15291 1.67306 0.99704 0.92754 1.30690 0.91099 1.85732 1.15812 0.94926 1.66661 0.63880 0.79509 1.07416 0.97505 1.76225 1.27272 1.72543 1.54807 1.67430 0.69472 1.29232 0.50468 1.85647 1.78712 1.27730 1.55091 0.67411 1.68835 0.81177 1.04638 0.51645 1.90548 0.99034 0.61836 1.67040 1.12725 0.75831 1.78307 1.02451 1.09997 1.29283 1.56089 1.69336 1.73673 0.69128 1.03930 0.64795 0.60126 1.74172 0.51419 1.39848 0.97360 0.91920 0.74528 1.28789 0.60517 1.13437 1.98340 0.77544 1.78666 0.94484 0.73107 1.59341 1.19904 0.59622 1.94116 1.21474 1.94878 0.66412 0.98803

Best known: 1406.20
