151 151 1918
0 0.0 0.0
50 58.0 -75.0
50 80.0 -76.0
170 79.0 -80.0
297 64.0 -66.0
9 61.0 -65.0
630 73.0 -71.0
179 63.0 -76.0
179 57.0 -69.0
216 64.0 -76.0
4 64.0 -81.0
9 78.0 -69.0
154 20.0 2.0
117 14.0 0.0
63 7.0 -9.0
436 9.0 18.0
905 17.0 -5.0
14 14.0 -6.0
3 20.0 8.0
10 20.0 15.0
166 9.0 6.0
211 19.0 12.0
8 8.0 -2.0
25 9.0 15.0
139 24.0 5.0
213 14.0 16.0
758 -2.0 0.0
429 20.0 11.0
5 7.0 -2.0
136 -101.0 -25.0
501 -94.0 -26.0
93 -99.0 -22.0
21 -112.0 -20.0
169 -95.0 -19.0
22 -112.0 -27.0
3 -102.0 -15.0
271 -96.0 -13.0
433 -110.0 -17.0
3 -101.0 -15.0
1079 -105.0 -10.0
233 -106.0 -26.0
11 -109.0 -26.0
10 -102.0 -26.0
78 -101.0 -14.0
63 -99.0 -12.0
4 -94.0 -24.0
59 -96.0 -13.0
8 -100.0 -16.0
34 -111.0 -12.0
234 -109.0 -12.0
30 -66.0 -12.0
40 -48.0 -27.0
123 -59.0 3.0
7 -47.0 -4.0
33 -62.0 -10.0
369 -72.0 -11.0
11 -59.0 -1.0
23 -73.0 -6.0
208 -62.0 -3.0
4 -72.0 -17.0
8 -67.0 -11.0
36 -69.0 -25.0
504 -56.0 1.0
16 -66.0 -6.0
574 -72.0 -7.0
19 -46.0 -15.0
235 -45.0 -18.0
445 -51.0 -21.0
6 -73.0 -18.0
43 -61.0 -15.0
210 -57.0 60.0
268 -46.0 74.0
410 -57.0 67.0
124 -49.0 72.0
11 46.0 101.0
1085 50.0 113.0
5 54.0 103.0
529 -80.0 28.0
107 -81.0 35.0
274 -85.0 31.0
23 -81.0 29.0
156 -76.0 28.0
32 -8.0 -53.0
177 -11.0 -55.0
16 -12.0 -48.0
8 -10.0 -57.0
19 -8.0 -49.0
52 -5.0 -61.0
47 -14.0 -57.0
4 106.0 6.0
372 96.0 6.0
525 92.0 23.0
101 102.0 13.0
898 90.0 24.0
40 94.0 6.0
32 107.0 5.0
1017 106.0 -1.0
103 102.0 16.0
109 90.0 8.0
76 113.0 -1.0
1025 88.0 15.0
53 87.0 21.0
22 100.0 2.0
991 108.0 16.0
4 114.0 18.0
147 99.0 11.0
49 87.0 4.0
276 110.0 16.0
7 102.0 25.0
78 -8.0 108.0
389 -9.0 102.0
4 -10.0 108.0
388 -4.0 108.0
135 -8.0 104.0
233 -9.0 100.0
74 -7.0 111.0
51 -4.0 102.0
4 -12.0 101.0
216 -14.0 112.0
85 -10.0 105.0
37 15.0 -4.0
6 30.0 -7.0
12 31.0 8.0
12 15.0 1.0
45 17.0 7.0
3 19.0 -8.0
122 19.0 -9.0
46 14.0 -2.0
132 21.0 -7.0
464 24.0 -10.0
11 26.0 10.0
11 20.0 -6.0
16 23.0 3.0
119 27.0 -5.0
60 25.0 3.0
14 27.0 -2.0
13 17.0 -4.0
90 31.0 -10.0
5 22.0 2.0
458 28.0 -3.0
6 -5.0 13.0
3 1.0 18.0
99 2.0 -2.0
73 -9.0 10.0
13 5.0 -4.0
10 -1.0 1.0
9 -11.0 19.0
417 -12.0 3.0
150 -3.0 -3.0
49 -18.0 4.0
271 -21.0 1.0

1.92370
1.10584 1.34001
1.17717 1.86466 1.27316
1.49476 1.39987 1.94569 1.83928
1.81908 0.79458 1.65848 0.85587 1.70292
1.07824 1.54204 0.61542 1.15447 1.71791 1.19109
1.94799 0.85299 1.13677 1.75154 0.93956 1.00048 1.05679
1.23028 1.01872 1.45145 0.79532 1.22908 0.87621 1.66551 1.43646
1.84046 0.72724 1.56570 0.87437 1.59549 1.64614 1.81102 1.03981 0.93791
1.20325 1.60622 1.20362 1.73834 1.65435 1.48697 1.58467 1.00959 1.55023 1.54138
0.88364 1.98836 1.70262 1.87324 0.62098 0.83214 1.68564 1.08178 0.81213 1.70248 1.69789
0.97546 0.65416 1.23362 1.63812 0.80374 0.94847 1.14077 1.77016 1.53542 1.66308 0.56686 0.77113
1.02037 1.65879 0.64778 0.51990 1.32850 1.49585 1.32759 0.97227 1.96104 0.68171 1.98858 1.94717 1.91942
0.77634 1.23063 1.94094 0.54859 0.79241 1.70138 1.03019 1.82762 1.22756 1.44039 1.33840 1.97234 0.54750 1.01213
0.52810 0.60324 1.79484 0.87793 1.57165 1.44306 0.80180 1.81771 1.87106 0.89881 1.64395 0.94163 0.94608 1.20181 1.17130
1.82273 1.56993 0.67478 0.78328 1.75232 1.42235 0.63586 0.65335 1.23847 1.75618 1.75794 0.98850 0.63103 0.88565 0.89032 0.89126
1.52302 0.65131 1.46810 1.04556 0.82580 0.70195 1.45280 1.81212 0.59558 0.91506 1.19352 1.05679 0.80639 1.80022 1.96582 1.38157 1.19188
0.77225 1.28637 1.29169 1.71051 0.97838 1.66133 1.72233 1.02855 0.53497 1.21105 0.62181 1.46177 0.88796 0.58196 1.47970 1.74933 0.94315 0.62753
0.94495 1.86212 1.86991 0.86497 1.42059 1.04883 0.67459 1.06535 0.94431 0.60214 0.69284 0.74371 1.70078 0.50813 1.78580 0.74479 1.10468 0.80738 1.88570
0.96332 0.99667 1.65279 1.92678 1.38665 1.15362 1.55913 1.12821 1.04436 0.79264 1.90705 1.40221 1.35702 1.52910 1.13959 1.44808 1.59151 0.52275 0.77067 0.70049
1.72930 1.82524 1.26900 0.90638 1.94653 1.53090 0.58674 0.52322 0.76336 1.71113 0.80584 1.49940 1.46426 1.90052 1.16253 1.78622 0.50145 0.63761 0.79400 1.98496 1.37227
0.98862 1.71041 0.79474 1.62838 1.10922 1.54065 1.67547 1.56696 1.07867 1.44447 0.81768 0.79773 0.73653 0.56451 1.65356 1.65309 1.96559 0.63102 0.92809 1.93368 1.02238 0.85643
1.27491 0.77357 1.42780 0.99192 0.89172 1.60820 0.92801 0.97222 1.66072 1.74756 0.60640 0.55565 1.56933 1.43306 1.74775 0.58965 0.79760 1.95815 1.02588 0.65891 0.88822 1.15253 1.92588
1.70058 0.98107 1.37560 1.93280 0.63169 1.95752 1.07386 1.19655 0.95335 1.90039 0.58233 1.36649 1.13354 1.44236 1.46291 1.20005 1.46016 1.24185 1.15111 1.95769 0.61904 0.71577 1.11235 1.73480
1.38581 0.56831 0.92399 1.43348 1.57533 1.75969 1.30468 0.93276 1.55223 0.81987 1.72114 1.38704 0.56564 1.02537 1.10591 1.75746 1.48715 1.83554 0.73366 0.83747 1.18305 1.20524 1.73983 1.13201 0.74576
1.01350 1.45395 0.97521 0.53919 0.66166 1.26029 1.65847 0.82028 0.83606 1.69848 0.74741 0.57936 1.45824 1.83056 0.61052 1.22888 0.75711 1.69842 0.75997 1.26912 1.64374 1.40447 0.62181 0.91645 0.89973 0.51195
1.04803 1.95666 1.21145 1.83870 1.57455 0.75538 1.05122 1.06985 1.14838 1.11195 0.80074 1.45799 1.76897 1.77776 0.93702 0.73610 1.69012 1.71202 0.56477 0.95793 1.66921 1.09739 1.51219 1.27794 0.91593 1.18279 0.92087
0.76715 0.92498 1.56413 1.09911 0.62978 1.72140 1.03268 1.02199 0.62778 1.33946 1.02497 1.37342 0.92012 0.64380 1.16650 0.94004 1.24652 0.96230 0.97610 1.61918 1.59893 1.18037 1.44347 1.86591 1.10577 1.03485 1.80405 1.05467
1.55107 0.81013 1.18229 0.84750 1.13815 1.81175 0.81881 0.64040 1.96546 1.05355 1.79989 1.09970 1.11956 0.59092 1.41862 1.98132 1.30505 1.03364 0.84073 1.02855 1.14500 1.08416 1.55001 0.92831 0.69453 1.55547 1.68010 1.36931 1.41011
1.23547 0.89590 1.94644 1.00394 1.96399 0.66257 0.66705 1.10316 1.91676 1.66410 0.76649 0.64286 0.91728 1.49271 1.87859 1.72125 1.09680 0.63644 1.85367 1.62831 0.69998 1.41863 1.61846 0.99449 0.68312 0.89612 0.73878 1.54120 1.55727 0.88434
0.81710 0.64619 0.53262 1.72063 0.80920 0.81649 1.18951 1.65403 0.66798 0.75188 1.35629 1.78436 1.85059 1.61495 1.15341 1.13512 1.21264 0.89846 1.94501 1.50439 0.74823 0.71033 0.75716 1.67964 1.08077 0.97670 0.69862 1.85186 1.32335 1.50233 1.38815
1.29148 0.54885 1.35998 1.72167 1.50617 0.66669 1.54294 0.56844 1.04042 1.66741 1.65205 1.26642 1.73180 0.87194 0.60757 1.91387 0.69212 0.79262 0.59691 1.59173 1.25501 0.65060 1.03338 0.77631 1.83431 0.97554 1.99127 1.98395 1.55059 0.76623 1.78905 0.93481
1.55566 1.88052 1.76751 0.58450 1.11226 1.17811 1.27863 0.59366 1.98205 1.11012 1.67969 1.92697 1.96271 0.95006 1.18696 0.54905 1.93021 0.88814 0.96511 1.69152 1.84602 1.91367 1.12458 1.21320 1.71689 1.11885 1.38868 0.62550 1.85873 1.39378 0.68743 1.39376 1.47451
0.95079 0.83826 1.09784 0.97790 1.84661 1.61746 0.76315 0.78526 1.57073 1.88219 0.56564 1.55714 1.96369 0.53907 1.82859 1.83411 0.71382 0.76641 0.88485 0.95635 0.58777 1.96536 1.86262 0.53954 1.57278 1.04611 1.78728 1.51649 1.66286 0.98571 0.93739 0.57834 1.47705 1.17500
0.76016 0.81933 1.18922 1.63923 1.61522 1.07091 0.68045 1.43825 0.78768 0.68298 1.56493 0.61873 1.89452 1.16968 1.89777 1.59989 1.58169 1.43175 0.71761 0.59963 0.63000 1.04081 1.51039 0.55798 1.92794 0.86926 1.17504 0.85306 0.94696 1.62883 1.93084 0.64982 1.05384 1.57240 1.85242
1.08798 1.07368 1.94517 0.87434 0.53700 1.70933 1.44127 1.22391 1.05774 1.18963 1.72386 0.54087 1.92535 1.53054 1.41615 0.83428 0.68496 1.47542 1.23983 0.83925 0.64273 0.63565 0.81816 1.64153 0.85147 1.22992 0.79745 1.67437 1.76849 1.51285 1.03829 1.90896 0.70906 0.94574 0.51357 0.71635
1.88992 1.36387 1.29757 1.07896 0.70208 1.83460 1.48709 1.18783 1.15003 1.76194 1.72570 1.28776 1.56269 1.09023 0.64559 0.68508 0.56715 1.53274 0.55223 1.54143 1.39626 1.92870 1.40969 0.51003 1.44846 0.70961 1.16396 1.30428 1.52041 0.91922 1.93868 1.15365 1.12090 1.10610 1.02505 1.75640 1.16438
0.99171 0.69055 1.18405 0.84992 0.61844 1.16090 1.94946 0.75808 1.56421 1.98854 1.49322 0.83069 0.64089 0.83243 1.53837 1.98983 0.89599 0.50059 0.87568 1.33537 1.59398 1.44714 1.04598 1.36258 1.08249 1.50966 0.68193 1.47556 0.95672 0.53241 0.52424 0.90491 0.65719 1.35156 1.66429 1.49877 1.50024 0.80010
1.00364 1.57562 1.67819 1.80027 1.64889 1.55130 1.79593 0.65867 1.45116 0.52765 1.11624 0.92774 1.15545 1.61457 1.17677 1.12545 1.76431 0.70547 1.31460 1.98054 0.71072 1.39484 1.54161 1.22866 0.74481 1.31874 0.51143 0.89300 1.27135 0.88183 1.43662 1.60817 1.24671 1.99399 1.75921 1.77844 1.19091 1.80043 1.80391
1.97853 1.32541 0.81658 1.54519 0.78698 1.65328 0.55669 1.39721 1.20205 0.65277 0.82134 0.50520 0.59740 0.91195 1.88000 1.97760 1.25883 0.80709 0.52655 1.57776 1.08877 1.37709 0.91420 1.28588 1.70169 0.55655 1.07363 1.83651 0.83951 1.25409 1.72474 0.61972 0.69336 1.97926 1.09338 1.91877 1.90320 0.96855 0.75465 1.63063
0.83485 0.96380 0.97267 0.98293 1.71842 0.75619 1.01638 1.55306 0.83219 0.63759 1.57445 0.93469 1.14518 1.60561 0.80450 1.74457 1.59070 0.96376 0.80897 1.99792 0.69193 1.76031 0.79762 1.78806 1.80039 1.45658 1.47592 1.14069 0.68563 1.82552 1.86997 0.65394 0.92834 0.89478 1.67415 1.68189 1.68721 0.67530 1.92725 1.14921 0.99039
1.76674 1.86742 0.92482 1.37537 1.82964 1.49647 1.82555 0.66480 0.50751 1.33462 0.90595 1.13217 1.39246 1.62979 1.57467 0.85850 1.03136 0.95107 1.43007 1.91268 0.83575 0.50983 0.99805 1.95416 1.01912 1.69745 0.65965 1.58450 0.98419 1.99903 1.03265 0.66713 0.82568 0.59483 0.76492 1.61467 1.10722 1.92934 0.87504 0.73494 0.83582 1.74369
1.46333 0.74462 1.36672 0.89851 1.67314 1.79865 1.40209 1.74586 1.89361 0.69210 0.54302 0.85195 0.53614 0.51132 0.81080 1.14684 1.59151 1.59921 1.55762 1.36375 0.77609 1.61281 1.56791 1.71080 1.50568 1.29556 1.11934 1.70463 1.68908 0.74515 1.86519 1.37415 0.73498 1.23847 1.12022 1.47077 1.65075 0.74363 1.50941 0.78794 1.20639 1.95863 0.76231
1.06429 0.68085 1.25417 0.54085 1.25394 1.01221 0.69697 0.94320 1.82578 1.23057 1.77187 1.72223 1.81590 1.67749 1.07241 1.82666 1.99096 1.21548 1.34995 0.82311 1.89342 0.81170 1.73768 1.29686 0.68090 0.74116 0.81031 1.18568 0.59591 0.72549 1.58821 0.74966 0.69716 1.42769 0.92244 1.91414 1.55139 1.86328 0.53718 1.07498 0.62866 1.84086 1.61289 0.71352
0.93862 1.06018 1.12715 1.66691 1.77299 1.75337 0.77400 0.61655 1.56440 0.64269 1.63386 1.08153 1.64719 0.55036 0.74781 1.02188 1.80985 1.07223 1.17193 0.53610 0.71563 0.60096 0.80876 1.71591 0.51988 1.00853 1.37997 1.44729 1.65310 1.45052 0.97301 1.82601 1.86511 0.57254 0.79582 1.57066 0.51766 1.24081 1.48677 0.74532 1.09990 1.92456 0.78302 0.92928 0.93158
1.65780 1.91031 1.27603 0.68778 0.79546 1.76809 1.52100 0.99098 1.74972 0.80318 1.76609 1.11986 1.40430 1.50743 1.54946 0.81614 0.71075 1.19101 1.58100 1.05139 1.97208 0.60982 1.57899 0.99036 0.74956 1.50659 1.46604 1.85336 0.72031 0.82967 0.78274 1.64922 1.56017 1.04771 0.68845 0.53837 1.65875 1.07828 0.71998 1.11239 1.69265 0.86881 1.49836 0.91696 0.77661 1.85710
1.80683 1.47512 0.81879 1.07018 1.80631 1.79397 1.50066 1.54851 1.29622 1.48600 1.04329 0.90864 1.61345 1.07746 1.13171 1.87094 1.28488 1.43839 1.19058 1.31802 1.98650 0.73832 1.07081 0.67119 1.23900 0.74553 1.92123 1.67753 1.33751 1.76097 1.37854 1.40458 0.83462 0.55966 1.57205 1.56893 1.44252 1.92372 0.58308 1.68239 0.53162 1.54743 1.97676 0.78510 0.78127 0.90230 0.68220
1.96595 1.92193 1.54525 1.21475 1.03249 1.71108 0.65265 1.11642 1.49714 0.56781 0.98758 1.91756 0.81901 1.22793 0.99118 1.05898 0.66536 0.52724 1.96230 1.20166 1.11695 0.50097 1.06268 0.75117 0.63097 1.64369 1.86319 1.47675 1.36190 1.33980 1.00730 1.89618 0.98596 1.60903 0.77395 0.81224 0.94597 1.79881 0.92329 1.72972 1.02239 1.60934 0.89329 1.48468 1.99759 1.76866 1.85552 1.31986
0.68228 1.26999 1.50171 1.03504 1.03996 0.50613 1.42307 0.62810 1.83125 0.68770 0.93529 0.87312 0.51602 1.41218 1.20619 0.95632 1.86894 0.79327 1.02378 0.91768 1.44198 1.58319 1.71132 1.76276 1.92364 1.45376 0.56463 1.77114 0.73622 0.50286 1.72503 0.84713 0.52506 1.88433 1.54778 1.48497 0.57244 1.21412 1.55017 0.96918 1.87751 0.53563 1.59577 1.52751 1.01795 1.20904 1.61335 1.83179 1.65441
1.15887 0.59190 0.68910 1.04560 1.16016 1.76336 1.36516 0.91305 1.74308 1.40393 1.38477 1.69921 1.03226 0.99144 1.91719 1.54231 1.13052 1.45619 0.86354 1.47529 1.40926 0.60105 1.30585 0.57413 0.61658 1.86621 1.13416 0.67428 1.82470 1.77782 1.68106 0.84226 1.40596 1.59653 0.72776 1.10147 0.97313 1.03803 0.52197 0.94827 0.62428 1.37350 1.47313 1.59043 1.70399 1.15270 1.54311 1.87353 1.10547 1.00120
1.42552 0.91287 1.40287 0.94661 1.09678 1.53374 1.97914 1.99578 0.64873 1.55767 1.84903 1.51273 1.52063 0.86228 0.55616 0.54675 1.25064 1.16788 0.84823 1.37376 0.87307 0.81541 0.70715 0.89501 1.10393 1.75905 1.44266 1.19022 1.33258 1.18831 1.39334 1.40609 0.93016 1.40788 1.10435 0.55669 1.17185 0.81303 1.77823 1.25525 0.92665 1.46755 0.58776 1.08526 1.55137 1.45517 0.94054 1.24542 1.10007 0.85830 0.72260
1.93679 0.56592 0.58291 1.43567 0.84488 1.70350 1.63583 0.76781 1.27831 1.12804 1.99850 1.60878 1.37217 0.57517 0.94764 1.18443 1.87487 0.51127 1.30788 0.51958 0.64623 1.66042 0.73718 1.83240 1.84209 1.81826 1.15029 0.83569 1.22652 1.22947 1.52087 1.87384 1.06092 1.37077 0.92835 1.45011 1.45570 1.88493 1.16654 1.09199 1.91801 1.01637 1.68108 0.69198 0.69544 1.48721 0.85848 0.74896 1.15720 0.56331 1.51245 0.75217
1.29997 1.07150 0.89682 0.68218 1.20900 0.83104 0.64977 1.67853 1.60376 1.51802 0.83236 1.80008 0.84394 0.81675 1.11672 1.66255 1.42009 0.55094 1.20079 0.59624 1.81202 1.44944 0.88091 0.97448 1.75064 1.69252 0.96136 0.89828 0.56600 1.19745 1.80133 1.48216 1.25484 1.74961 0.66037 0.90443 1.67085 0.52399 1.46137 1.68617 1.76997 1.97889 1.78251 1.48114 0.96941 0.64962 1.50781 1.93338 1.69945 0.98394 0.80629 1.49587 1.96520
1.90267 0.53273 1.80012 0.93784 0.57328 1.21849 0.55531 1.25625 1.06320 1.20145 0.92617 0.75376 1.77463 1.59208 1.34779 1.31515 0.99999 0.50037 0.54522 1.18895 1.99585 0.68704 0.88189 0.89714 0.68097 1.89674 0.92619 0.54255 1.77118 1.99626 0.91398 0.87981 0.65058 0.75486 1.74904 0.72452 1.75937 1.33720 1.98295 1.16383 1.93175 0.88845 1.96549 1.26535 0.75360 0.70602 1.09984 0.67777 1.32099 1.70579 1.95138 1.81313 1.10850 0.94950
1.03596 1.01313 1.68127 1.65670 0.55934 1.34147 1.66664 1.89603 0.79804 1.59442 0.81988 1.21696 1.23464 1.77680 1.42621 0.97963 1.83105 1.28907 1.40859 1.83265 0.66821 0.56374 0.66776 1.08015 0.53411 1.85707 1.94860 0.50635 1.33432 0.86278 0.63118 1.53837 1.95070 0.95620 1.38994 1.36601 1.55479 0.77467 0.50021 1.84623 1.99325 1.74305 0.75658 1.07742 1.68348 1.92784 1.52282 1.62810 1.24417 1.14504 0.69745 1.57746 1.35631 1.74106 1.30783
0.89702 1.92812 1.81823 0.98176 0.62862 1.00921 1.69487 1.49319 1.54899 1.86438 1.31827 1.49182 1.32829 0.74267 1.96285 1.08262 1.36996 1.06159 1.08307 0.62252 1.17739 1.14286 1.76554 0.77350 0.66659 1.44795 1.58359 1.76979 1.82843 0.85006 1.37910 1.06593 1.09070 1.30384 1.37900 1.35469 0.79624 1.41941 1.99091 0.61602 0.52327 1.15663 1.99818 1.66738 1.88224 1.84235 1.17769 1.77439 1.58043 1.18591 1.46304 1.76604 0.57021 0.58753 0.60039 0.90558
1.89028 1.73409 0.73448 1.46900 1.84825 0.68485 1.08140 1.98186 0.54328 1.60814 1.08579 0.78064 1.27559 1.82930 1.02766 1.96692 0.62249 1.84039 1.89131 1.00577 1.18402 1.69585 1.17460 1.60071 1.92107 1.48858 0.55857 1.22974 0.92785 0.91158 1.69450 1.77003 1.42682 0.77057 0.71985 1.70266 1.67080 0.88324 0.95981 1.02246 1.71749 1.57736 0.92915 1.95667 1.21799 0.86141 1.21023 1.18030 1.97585 0.71460 0.78929 1.36315 1.07157 1.24808 1.66822 1.55289 0.77933
1.56397 1.66905 1.15437 0.86308 0.86359 1.24227 1.05950 1.26890 0.54715 1.98961 1.76615 1.52395 0.91875 1.67272 1.25691 1.40952 0.78817 1.54774 1.28082 1.54622 1.56761 0.64554 1.52791 1.00404 0.80894 1.26701 1.53074 0.55573 0.57030 1.72034 1.95947 1.22595 0.76841 1.18912 1.70852 1.08504 1.41000 1.23786 0.72135 1.34737 1.34319 0.72194 0.77383 1.11553 1.18320 1.07243 1.55292 1.88220 1.38079 0.82109 1.51092 0.79115 0.90132 0.62064 0.60267 0.71450 1.36036 1.31441
1.85120 1.97490 0.86833 1.83402 1.80789 0.52085 0.73812 1.77428 1.83393 0.53653 1.44270 1.76209 1.92122 1.92856 0.66027 1.93389 1.15736 0.59568 0.54709 1.75302 1.90336 0.82554 0.94171 1.97511 1.07496 1.78656 1.00740 0.72008 1.48704 1.43988 1.01826 1.36661 1.99956 1.28442 1.59234 1.59657 1.03561 0.64597 1.93758 0.60875 1.90425 1.95903 1.06319 0.90228 0.60623 0.56514 1.88344 0.61729 0.61986 1.92947 0.60352 1.19080 0.69033 1.95016 0.70736 1.75904 1.86596 1.72646 0.94161
1.45531 0.77653 1.75935 0.95554 0.63928 1.41093 1.95668 0.89290 0.78144 0.81017 0.74481 1.25431 1.88527 1.67588 0.56886 1.50082 0.66123 1.87434 0.68431 0.85964 0.89179 1.18476 1.86528 1.64017 1.92887 1.40079 1.44935 1.12483 0.90401 1.18845 1.53791 1.05674 1.04498 1.39938 1.96444 1.74525 0.76934 1.78147 1.71261 1.86573 1.53588 0.76601 1.80241 1.41491 1.56595 1.58311 1.82830 1.26212 1.42036 1.11189 1.82314 1.53045 0.94115 0.91021 1.98817 0.91423 1.29266 1.63328 0.75302 1.22095
1.03021 0.85062 0.91069 1.77367 0.63801 0.81705 0.50738 1.81000 0.54048 0.84894 1.85384 1.80971 1.39941 1.42892 1.90746 1.45798 0.63960 0.75018 1.20925 0.79470 0.90533 1.00889 0.72955 1.85362 1.84311 1.16694 0.58874 0.57811 1.63933 0.80603 0.53625 0.52213 1.39760 1.61692 1.14745 1.82414 1.49540 1.41112 1.50718 0.76947 0.88064 1.34723 0.99123 0.99473 1.83135 1.03733 1.90372 1.10095 1.80958 1.61528 1.00893 1.73772 0.68132 0.73330 1.96124 1.84877 0.54470 1.79203 1.11035 1.22433 0.51666
1.71048 0.56168 1.25828 1.66002 1.40979 1.99870 1.27168 0.55170 1.10138 1.61874 1.55485 0.90220 1.34166 1.02332 1.47411 1.06135 0.88477 0.58281 1.83411 0.83800 1.11428 1.63070 1.00751 1.28220 1.46198 1.18420 1.94861 0.80241 1.40730 1.84113 0.79545 1.04005 1.19052 1.39722 1.82428 1.23132 0.66011 0.95931 1.56445 1.64110 1.24060 1.25458 1.37489 0.74992 1.48995 1.07467 1.74901 0.78183 0.64595 1.82678 1.66667 1.07322 1.23025 1.59582 0.74689 1.11555 0.61147 1.39044 1.15685 1.79831 1.42502 0.53445
0.73787 0.53714 0.75201 1.01000 1.22448 0.81949 0.69378 0.65519 1.49556 1.12328 0.70247 1.74883 1.76119 1.24906 0.85664 0.69121 0.73027 1.50783 0.65209 0.80266 1.09783 1.26409 1.11926 0.85807 0.87921 1.17035 1.32251 0.97933 0.90812 1.22484 0.62169 1.37657 0.53946 1.86348 1.34540 0.94189 0.73743 1.35245 0.71162 1.33431 1.03350 1.61917 1.13985 1.70373 1.95771 0.54413 1.70357 1.06200 1.47510 1.51007 1.82371 1.41186 1.55831 1.78550 1.56026 1.99134 1.89812 1.39642 0.87507 0.98084 1.61151 0.51554 1.82108
0.98671 1.17367 0.73619 1.94375 0.70787 1.78182 1.21717 1.31120 1.09249 1.98777 1.43881 0.79595 1.51472 0.87462 0.96915 0.86698 1.38820 1.68337 1.32813 1.45617 1.41177 1.63679 1.47084 1.84284 1.24573 0.91109 1.52472 1.35240 1.64504 1.12366 1.19279 1.79692 1.91406 0.69528 1.36145 1.19326 1.35940 0.54711 1.78199 1.16648 0.69995 1.61003 1.34478 1.54327 1.23651 1.98309 1.37046 1.72441 1.95949 0.99436 0.85630 1.46003 1.44990 1.36504 1.32196 1.39049 0.89175 1.84626 0.58869 1.19632 1.84133 1.64786 1.46058 1.37959
0.65731 0.69238 0.64456 1.25471 0.98595 1.87410 1.17227 1.07638 1.39568 1.62096 1.93428 1.86590 1.13040 1.71400 1.74145 1.18612 1.61947 1.14853 0.91169 1.88322 0.87434 0.56011 1.43427 1.94520 0.73340 1.42258 1.67347 1.90679 1.42013 1.93205 1.27900 1.89252 1.95410 0.58342 1.16035 0.75700 1.35251 0.63715 1.56532 0.52051 1.52206 1.48980 1.27020 1.28557 0.75243 1.65233 1.75352 1.41737 1.86050 0.93121 0.57847 1.14775 0.85399 0.97864 1.96518 1.57906 0.73110 1.28007 1.46786 1.58104 1.79774 1.58626 1.50915 1.13407 1.73083
1.13110 1.21318 1.84826 0.80526 1.23257 1.66710 1.31904 1.63750 1.35064 1.36350 0.79073 0.80167 1.39334 0.80769 1.25949 1.76787 0.54859 1.12818 1.20911 1.78350 0.60789 1.16050 0.83175 1.17372 1.23788 1.54039 0.57902 0.78275 1.10619 0.68947 1.68680 0.83295 1.73337 0.53509 1.44142 1.94379 1.93571 1.21225 1.73891 1.61384 0.87594 0.86763 1.88178 0.74378 1.69240 0.85289 0.80395 0.62118 1.13500 0.74343 0.55674 1.55492 0.77563 0.69859 1.50664 1.63323 1.33511 0.54728 1.34674 1.44485 0.80365 1.47942 1.31381 0.51463 1.96048 1.36755
1.57698 1.69212 1.83218 1.38581 1.23833 0.75443 1.31188 1.56268 1.38996 1.55439 1.57450 0.93316 1.93791 1.38756 1.28364 0.60841 0.57116 0.80246 0.83805 0.74206 1.21237 0.50077 1.10181 1.85588 1.42320 1.33874 1.91693 0.71857 0.53304 1.64734 0.68047 1.54536 1.23508 0.51174 1.41142 1.19554 0.51078 1.05403 1.92211 1.95943 1.99963 0.92234 1.56353 1.93503 1.31461 1.76572 1.87127 1.24077 1.28191 1.27555 1.74591 0.53146 0.91083 1.16556 1.27934 1.04284 1.45734 1.47697 0.98061 1.19700 1.09173 1.27634 1.70795 1.77100 1.79546 1.35353 1.05653
1.13032 0.85409 1.73647 1.09776 1.47743 1.24434 1.97644 0.85231 1.85010 1.87124 0.89358 0.88032 1.85468 1.18849 0.83081 1.55135 1.99211 0.67334 0.81686 1.97148 0.69586 1.52348 0.76615 1.10184 1.69672 0.61135 1.00054 0.76316 1.25613 1.87645 1.44939 1.24394 0.62896 1.50424 1.96059 0.52722 0.87681 0.90602 1.03045 1.67369 0.98047 1.77812 1.84092 1.39705 1.15474 1.51716 1.59718 1.97304 1.61428 1.72468 1.63152 1.74235 0.65201 1.18727 1.97278 0.94788 0.51623 1.50842 0.84149 1.07450 0.59782 0.60663 0.93438 1.83711 1.43054 0.75868 1.67511 1.24358
0.93460 0.80477 0.67959 0.80850 1.53221 1.96770 0.66674 1.12603 0.55289 1.51837 1.13345 1.03228 1.09843 1.28846 0.83243 1.76626 1.22354 1.11646 1.00553 0.55338 0.71367 1.52741 1.63032 0.63374 1.96891 0.90091 0.55162 0.93628 0.94072 1.39722 1.43588 1.27215 1.48676 0.75321 1.75661 1.22826 1.23492 1.35574 1.41896 1.36200 1.13323 1.62424 1.03896 1.78684 0.59968 0.61344 1.25012 1.80218 0.63686 1.26297 0.77540 1.58746 0.51498 0.73765 1.36999 1.33782 1.42649 0.78560 0.57567 1.20505 1.52359 0.77607 1.61717 1.30821 1.50683 1.99103 1.43805 1.15181 0.91944
1.98849 1.56860 1.68078 1.76857 1.54872 1.82566 1.34799 1.28227 1.96064 1.72945 0.54950 1.19131 0.63390 1.83205 1.14398 1.65392 1.28912 1.13257 1.95212 1.39778 0.60536 1.50127 0.60754 0.60313 1.99574 0.66359 1.98239 1.66018 1.14721 1.84561 0.81346 1.98017 1.39764 0.62850 0.80981 1.55471 0.53236 1.29829 0.92247 0.57172 1.62463 1.26100 0.71953 1.74201 1.10152 0.91081 1.81002 0.59359 0.93199 1.86386 0.74593 1.62331 1.42537 0.58559 1.34898 1.76943 0.63303 1.11073 1.48680 0.92628 0.86107 1.47446 0.74770 1.41245 0.56001 1.35565 1.22945 0.51348 1.44161 0.88857
1.45703 1.00052 1.31657 0.85534 0.84096 1.45629 0.91973 0.97814 1.76646 0.96478 1.89751 1.13988 0.54339 1.46943 0.53160 1.42476 1.86605 1.44234 1.49147 1.53639 1.28986 0.93042 1.54145 1.61725 0.98163 0.89257 1.15513 1.76370 1.64418 1.61724 1.63672 1.22216 1.55170 0.62410 1.63654 1.78437 0.90980 1.29315 1.09996 0.75824 1.03285 1.71813 1.99943 1.78528 0.51914 0.59133 1.59846 0.70006 1.34011 0.71771 0.65452 0.59377 0.53309 1.47079 0.89041 1.86238 1.53195 1.57396 1.22550 1.22840 1.74635 0.98349 0.99780 1.86893 0.52678 1.01693 0.55574 1.30627 0.71734 1.61580 1.17795
1.49818 1.21362 1.12037 1.73233 0.82922 1.35754 1.72420 1.89511 1.96754 1.06565 0.86298 1.54811 0.52375 1.94955 1.35831 1.27779 0.79525 1.84076 1.07649 1.02890 0.51813 0.86689 1.60624 1.37683 1.71086 1.93872 1.26134 1.57019 1.07100 1.17880 1.31263 1.14891 1.91754 1.07052 1.26591 1.59374 1.22819 1.09574 0.61821 1.77390 1.22401 1.36307 1.20850 0.53089 1.91683 0.55217 1.81840 1.99842 1.18368 1.98873 0.94577 1.76804 1.11706 1.01833 1.13771 1.02414 1.96118 1.03724 0.99569 1.75927 0.97549 1.65912 1.89806 0.78360 1.40969 1.59383 1.30654 0.65842 0.93014 0.57271 1.61172 0.89223
1.11093 1.05439 0.84031 1.47515 0.54172 0.53539 1.34836 1.75883 1.16608 1.94824 1.01861 1.98979 1.88222 1.21101 1.87080 1.74441 1.98268 0.58407 0.67598 1.95734 0.88838 1.19115 1.06086 1.05150 0.86653 0.59423 1.93350 0.81605 0.54667 1.76066 1.79645 1.44056 1.09831 1.14026 1.83014 1.12312 1.61853 1.58463 1.90002 1.84584 1.14094 1.23913 0.74521 1.72000 1.48253 1.49281 1.16928 0.68499 1.83705 1.70525 1.16869 0.75782 0.93097 1.01438 1.66834 1.70208 0.63631 1.40015 0.51416 0.62991 1.50542 1.18392 1.57413 1.10978 1.63537 1.55036 1.19207 1.92612 1.65034 0.59667 1.87155 1.42757 0.58950
0.75969 0.79015 0.50093 1.25452 1.45145 1.29045 1.52385 0.53272 1.45255 1.89581 1.64608 0.83680 1.43942 0.82783 1.28983 1.52879 0.70547 0.88950 1.49965 1.83683 1.53739 1.30256 1.59092 1.73655 1.63670 1.24875 0.80731 0.58585 1.29690 1.67850 1.95352 0.84083 1.67741 1.96391 0.93567 1.83072 1.25960 0.57470 0.52521 1.17984 1.69600 1.34985 1.97663 1.46116 1.73872 0.66865 1.06879 1.78632 0.73584 1.78387 0.88068 1.70022 0.98918 0.98064 0.58887 1.76756 0.81899 0.65768 0.57409 0.62639 0.77637 0.63447 1.08910 1.86901 0.76549 1.55392 1.16714 1.14942 0.79640 1.16768 1.09832 0.54060 1.41246 0.72394
1.79594 1.82534 1.40052 0.89798 1.71009 1.30669 0.78218 1.23763 0.89198 1.06036 0.56121 1.21014 0.59028 1.75297 1.89612 1.18766 1.89239 1.12638 1.72020 1.24823 1.43811 1.11552 1.11303 0.81169 1.57079 1.05334 1.16437 0.65373 1.28093 0.76685 0.80273 1.79109 0.98880 1.44190 1.90914 1.99709 1.98577 0.59013 0.56010 1.36714 1.80189 1.82865 1.19236 0.89454 0.68136 1.50711 1.49688 1.10457 1.53142 1.10662 1.02691 1.23743 1.05675 0.65454 1.56490 1.86059 1.86130 1.94846 1.76980 0.69336 1.37362 1.83428 0.56119 0.80661 1.82841 1.47071 1.88042 1.54684 1.09972 1.07162 1.05950 1.51224 1.99271 1.41513 1.22325
1.05376 1.83234 1.24629 1.89554 0.62561 1.05764 1.33069 1.18548 1.91086 1.68877 1.29005 1.00016 1.78641 0.97183 0.82539 0.64178 1.91164 0.63769 1.58246 1.59373 1.13640 0.66069 0.70926 0.51414 0.93606 1.68646 0.59705 1.47455 0.91044 1.12215 0.65816 0.92092 0.68024 0.92727 0.51761 1.70150 1.85672 1.11643 1.82486 1.04915 1.67582 0.89509 1.92416 1.19809 0.54271 1.65687 0.98749 1.77579 0.96011 1.51651 0.88017 0.87344 0.54675 1.95333 1.86402 0.74670 0.84535 1.88720 1.86258 1.30818 1.03065 1.10307 1.40165 1.75736 1.23936 0.80014 1.52024 1.68406 1.64499 1.71679 1.69618 0.75841 1.47471 1.01305 1.08687 0.53521
1.55883 1.33223 1.18256 0.64618 1.99865 0.86499 1.22302 0.87185 1.82171 1.80125 0.69554 1.93208 1.51606 0.84401 1.61364 1.85256 1.48576 0.50127 0.93728 1.47708 1.59292 1.36058 1.71009 1.06437 1.57440 1.49504 0.86875 0.95778 0.89635 1.00469 0.64233 0.97375 1.36708 1.06553 0.73335 0.65882 1.42637 1.70201 1.01598 1.96040 0.76033 1.88717 1.66939 0.51760 1.12255 0.54566 1.95556 0.72137 0.63205 1.24494 1.70843 1.55616 1.63547 0.73444 0.69379 0.58289 1.91207 1.63505 1.93163 0.84978 1.06270 1.94720 0.52836 0.70153 1.91207 1.23105 0.96808 0.76056 1.79422 1.12003 0.61191 1.56914 0.86481 1.54552 1.69948 1.41170 1.93003
1.25926 0.90355 1.41366 1.18162 1.74261 1.09564 1.29500 0.76023 0.54861 1.28330 1.53656 1.94412 1.65491 1.99784 0.88585 1.94203 0.99689 0.98797 0.67842 0.50676 1.77541 1.42690 0.85697 0.51269 1.44668 1.87042 0.55939 0.59230 1.71557 0.87875 1.33881 1.24935 1.91568 1.64419 1.48901 1.33089 1.45969 0.69166 1.05083 1.76588 1.96447 1.99266 0.98756 0.51732 0.90985 1.37129 1.47027 1.75271 0.60807 1.98309 1.58908 1.14769 0.79264 1.72706 1.67688 0.94511 0.62101 1.56961 1.40789 0.75403 1.66957 1.61142 1.00226 1.84552 1.16557 1.87851 1.20014 1.12402 1.35137 0.97212 1.00338 0.81714 1.62759 1.49559 0.76096 1.95462 0.74436 1.73296
1.07083 1.81412 1.03701 0.62130 1.86048 1.36120 1.60218 1.57477 0.97717 1.73720 1.49444 0.69199 1.53873 0.97218 1.65911 1.16609 1.06333 1.88776 0.71410 1.38538 1.72357 0.93065 1.24905 1.05728 1.47798 1.70900 1.06172 1.90296 1.53055 1.20070 0.85895 1.38426 0.89005 1.03449 1.81458 0.54893 0.63473 1.65478 1.65482 0.53097 1.09087 1.00299 1.03344 1.35749 1.96317 0.89003 0.68696 0.85202 1.01408 0.96133 1.28160 1.65232 1.94801 1.53693 0.57504 1.22397 1.92376 0.54198 1.54470 0.88764 1.81120 1.97957 1.74175 1.87467 1.09112 0.60035 1.05564 1.54902 0.99283 1.45636 1.10379 0.71974 1.81955 1.85994 0.76875 1.99705 1.06268 0.68628 0.72483
1.82731 0.71542 0.61379 0.93723 1.69187 1.34470 1.84373 0.54971 1.12506 1.79838 0.96469 1.22344 0.82478 0.71667 1.19334 1.77443 0.69583 1.60142 1.36772 1.84914 1.84410 0.57941 1.60301 1.05353 1.34024 1.33897 0.83719 0.57809 1.40843 0.77050 0.70541 0.53058 0.66417 0.70189 1.47289 0.70818 0.82577 1.72358 1.70308 0.96521 0.66439 1.56417 1.78502 1.66040 0.98161 1.06492 0.57294 0.71409 1.84195 1.14707 0.76410 1.34149 1.45559 0.83975 0.56635 1.34390 1.10108 1.84663 1.13085 0.85049 0.50814 1.83306 0.79111 1.35843 0.92867 1.25321 0.72159 0.86283 1.01597 1.61248 1.11263 1.51858 1.59795 1.66260 1.12715 0.89908 1.76437 0.54794 1.98850 1.14892
1.16740 1.12030 0.91468 0.50639 1.41884 0.50699 1.74813 0.73651 1.15859 0.83287 0.60170 0.59655 0.82123 0.85629 1.76081 0.95221 1.98259 0.59025 0.66517 1.73819 1.54814 1.04884 0.66768 1.93753 0.71480 1.70817 1.99245 1.88997 1.20235 1.25845 1.42043 1.40442 1.88056 0.83117 1.42965 1.87594 0.54438 1.12348 1.26721 0.86000 1.83627 1.19140 1.38261 1.31083 1.95083 1.79880 1.08052 0.62877 0.75073 1.52416 1.78308 1.26616 0.69362 0.72256 1.18475 0.61677 1.82672 0.80480 1.26548 0.70804 1.77920 1.58960 1.80217 0.81825 1.07036 1.41050 1.71130 1.83408 0.57832 1.68912 1.50362 1.55854 1.85121 1.87474 1.80598 1.99329 0.57629 1.04088 0.78066 1.72903 1.29113
1.29178 1.41128 1.19515 0.62579 0.55949 1.42719 1.89921 1.49954 1.44219 0.60531 1.23075 1.14101 1.35911 0.80409 0.70550 1.59261 1.48701 1.39088 1.94768 0.87592 1.37169 1.53283 1.96434 0.50302 1.09378 0.77071 0.83952 1.89107 1.74017 1.39205 0.77835 1.99989 1.52848 1.10991 1.03487 1.68904 1.68435 1.57102 0.88232 0.66748 0.67095 1.74360 1.06225 0.79052 0.96850 1.35381 0.90412 1.35659 0.85539 1.31012 0.57590 1.46091 1.56368 1.17536 0.68918 1.09397 1.07625 0.98592 1.19439 0.56199 1.41916 1.05574 1.05956 1.55235 1.04277 0.55975 1.21433 1.07562 0.76299 1.78833 1.32910 1.45780 1.39015 1.32722 0.77179 0.83372 0.84423 0.58770 1.25554 0.90489 1.23988 1.82843
1.71641 1.65786 0.53378 0.73847 0.63849 0.55439 1.45632 1.25898 1.16769 1.64576 1.77360 1.55981 0.57959 1.31253 1.52702 1.61223 1.07788 1.51197 1.68082 1.25196 1.73914 0.66450 0.83455 1.29075 1.33787 0.59201 1.21736 1.05220 1.53425 1.63290 1.41120 1.84882 0.60211 0.58800 1.18865 1.70169 1.69133 0.67098 1.10144 1.65517 0.82602 1.53421 1.00551 0.65470 0.67083 0.67922 0.85525 0.89777 1.56264 0.70283 0.82867 1.21334 0.82022 1.27062 1.82820 1.12305 0.67477 0.89067 0.88966 1.23310 0.55529 0.89137 1.28398 1.78860 0.95586 1.61180 1.28044 0.98866 1.88779 0.60124 1.91737 1.38037 0.59083 1.30854 0.99641 1.88957 0.59946 1.62188 0.59566 0.68272 1.40467 1.32705 0.71339
1.83144 1.46649 1.13527 1.40258 0.87225 1.90221 0.71675 1.80611 1.56206 1.57772 0.61277 1.62397 1.95803 1.37896 0.97836 0.98924 0.74350 1.28142 1.03497 0.90817 0.64848 1.23816 1.16797 1.98636 1.75481 1.05422 1.36027 1.24421 0.53946 1.62892 1.91393 1.95824 1.68273 1.25535 1.57365 1.41784 1.93894 0.61514 1.28436 1.41620 1.56340 1.07698 0.65987 0.53206 1.91221 1.39833 1.49782 1.84133 1.37138 1.78593 1.46928 1.45229 1.55232 1.01004 1.88129 1.28127 0.67982 1.78857 0.66884 1.25034 1.38563 1.95342 1.79126 0.97418 1.94025 1.47573 1.17728 0.89752 1.85753 1.11674 0.84592 0.79687 1.08895 1.86956 0.57686 1.57344 0.76122 1.19725 1.59802 0.92621 1.90817 0.62681 0.81324 0.68312
1.73166 0.72731 1.82742 0.94991 0.80680 1.22937 1.70994 1.84348 1.79641 1.41470 1.09974 0.61367 1.61462 1.99924 0.81764 1.62673 1.07982 1.99554 0.53768 0.91192 0.64654 0.52316 0.99618 1.35722 0.84970 0.53331 0.93119 1.83062 1.01662 1.68606 1.54134 0.66625 0.67013 0.98795 0.66871 1.49041 1.95353 0.78828 0.91938 1.15337 0.64528 1.08638 1.62275 1.29219 1.25296 1.73912 0.97688 1.38689 1.31115 0.72400 0.60888 1.43228 1.84796 1.77278 1.18725 1.36925 1.24151 0.91367 1.24204 0.53885 1.59710 1.72203 0.66967 1.57419 1.40368 0.75868 1.98082 1.69783 1.00062 1.57791 1.71875 1.57230 1.83009 0.51670 0.62152 1.09484 1.83026 0.87588 0.55246 0.50583 1.08188 0.85684 0.79889 1.00504 1.19584
1.65364 1.68016 1.65571 1.23183 1.18755 1.06346 1.99789 1.55099 0.57217 0.86812 1.84117 1.31174 1.71578 1.82206 0.98654 0.91028 0.78665 0.71871 0.85968 1.06517 0.91061 1.72243 1.97755 0.71253 1.00721 1.61398 1.43601 0.78031 1.65466 1.51586 1.40255 0.77362 1.08582 1.68499 1.95237 1.60272 1.61550 0.64166 0.63365 0.99999 1.73882 1.14991 1.92497 1.22042 1.22326 0.58130 1.20045 0.69658 1.12036 1.92266 0.55987 1.43460 0.88107 0.94278 1.11922 0.53463 1.73931 0.84763 1.64522 0.79894 1.69426 0.88340 1.37816 1.27384 1.74901 1.73280 1.90147 1.73691 1.68945 0.60556 1.40418 0.79790 1.93426 1.36752 1.90062 0.66284 0.53106 0.95300 0.57417 1.08713 0.82825 0.80824 0.64777 1.33739 0.60175 0.70279
1.36937 0.65152 1.82071 0.90560 1.77650 1.40066 1.58990 1.86374 0.87923 1.60498 0.51045 1.51733 1.05989 0.98021 0.89472 1.77343 1.18260 1.40057 1.43163 1.31028 0.54362 1.67365 0.77664 1.33533 1.94821 1.08762 0.57644 0.64760 1.28890 0.62342 1.43390 1.33391 1.97887 0.75471 1.70704 0.89255 0.50201 0.99483 1.17632 0.84121 0.73311 1.70026 0.89435 1.46302 1.79410 0.86245 1.31869 1.49101 1.35977 0.60883 1.78244 1.51499 1.92140 1.01720 1.44850 1.21393 1.74894 1.60800 1.83365 1.47136 1.91630 1.59947 1.06209 1.38731 1.60083 0.52078 1.17644 0.98865 0.84603 0.90897 1.34739 1.21805 1.37545 1.63926 0.99440 1.57135 0.83320 0.87323 1.91919 0.68016 0.59634 1.74176 1.13200 1.06007 1.67930 0.80368 0.75564
0.64217 1.81970 0.76015 1.08765 1.81348 1.36570 0.70264 1.83011 1.33389 1.17808 1.08797 1.21717 0.98657 1.54934 0.99765 1.79169 1.81242 1.04028 1.03490 0.71957 1.78370 0.71455 1.94057 1.26192 1.66760 0.86311 1.52515 1.96614 1.12529 1.13804 0.72209 1.77631 1.46669 0.91738 1.54961 0.95778 0.59382 1.64912 1.96777 1.62496 0.86031 1.74292 1.87382 1.47594 1.99668 1.82299 1.63262 0.81632 1.33171 0.69055 1.43614 1.45843 0.80393 1.33470 1.35709 1.39941 0.83492 1.54566 1.93573 1.02616 1.58041 1.39851 1.97662 1.55029 0.81085 1.24341 1.79765 1.71080 1.49273 1.95742 1.90055 1.11768 1.98290 0.65314 1.44047 1.52922 0.58255 0.91313 1.31009 0.70360 0.74585 1.52280 1.50867 1.73606 1.73195 0.94066 0.87762 1.56834
1.28686 1.07486 1.50710 1.84045 1.41000 1.22908 1.02322 1.54213 0.75893 1.87982 1.87243 0.64023 1.32079 1.81640 1.56980 1.75179 1.07796 0.89649 1.78982 1.56933 1.05116 1.45617 0.97432 0.82248 1.70878 0.58733 1.04685 0.55687 0.74938 0.85995 1.43334 0.52357 1.07490 1.58415 0.72726 1.21194 0.53955 1.18673 1.92224 0.51435 1.17138 1.03293 1.07832 1.45908 1.22847 0.77981 1.11293 1.98182 0.69949 1.80803 1.09426 1.04719 1.50167 0.65045 1.53470 1.40511 1.16216 1.47520 0.65938 1.48979 0.85858 0.99860 1.42401 1.47347 0.81928 0.73164 1.06955 1.67255 1.56395 0.74426 0.98784 1.97342 1.37353 1.18320 0.51112 0.87680 0.69533 0.53018 1.19653 0.81116 1.86850 1.73077 0.99959 0.56670 1.40361 0.63415 0.64640 1.70345 1.13291
1.47017 1.78733 1.94640 0.72853 1.56016 1.79074 1.19603 0.66287 0.76053 0.68072 1.06494 1.87347 1.51736 1.37888 1.27123 1.36137 1.02035 0.51344 1.54529 0.50202 0.68054 1.22546 0.98066 1.02673 0.72780 1.52397 1.00353 1.47703 1.50236 1.94435 0.66737 1.03414 1.40192 0.71135 0.53795 1.41482 1.91789 1.43818 0.63430 1.19215 1.30924 0.87612 0.95258 1.35643 1.61815 1.09997 1.62105 1.79693 1.49341 1.12305 1.73982 1.94847 1.06792 0.75910 0.91102 1.23819 0.61568 0.98080 1.21240 0.50544 1.41508 1.79484 1.66087 0.81542 0.94865 1.41757 1.80955 1.24061 1.11687 1.97351 1.09468 1.36389 0.76733 0.72834 1.19391 1.07973 0.66869 1.67452 1.58830 1.84448 1.07928 0.97421 0.61036 1.16699 1.15023 1.68300 1.44835 1.72164 1.52468 0.83041
0.63056 0.71870 1.96911 0.60255 0.61927 1.25448 1.33730 1.06903 1.97901 1.69306 1.95611 0.56236 1.78930 1.47778 0.78895 1.77540 0.91704 0.94699 0.82827 1.34895 0.76717 0.73382 1.38115 0.75464 0.69507 1.42638 0.87007 1.51914 0.87939 1.60581 1.48086 1.45034 1.84558 1.87860 1.10221 0.53256 1.26821 1.63930 1.18255 1.81382 1.74663 1.69593 1.18459 0.96944 1.38249 1.03618 1.71143 1.29517 1.76727 0.74987 1.27714 1.84943 1.70933 0.85905 1.47879 1.21773 1.52138 1.36151 1.81439 1.00031 1.22746 1.09393 1.70373 0.66590 1.23467 0.86194 1.76008 1.34021 0.88877 1.84852 1.52714 1.86735 0.87567 1.52482 1.02946 0.65407 1.27019 1.76934 1.07663 1.30524 1.71889 0.85162 1.98788 0.56664 1.63480 1.80702 0.80628 1.16242 1.85779 0.74645 0.57070
0.82130 0.96144 1.55222 0.50199 1.65620 1.87431 1.07144 1.05726 1.66853 1.25405 1.87993 1.03518 1.98771 1.09705 1.86340 0.73705 1.44979 0.77923 1.24875 1.24220 1.46002 1.14198 0.63640 0.53387 1.15346 1.30217 0.69949 1.70763 1.33767 1.77035 1.66806 1.57285 0.76514 0.88796 1.19251 1.68537 1.68680 1.63771 1.98970 1.77707 0.87087 1.04923 1.37059 0.56314 0.85222 1.34093 1.08479 1.92487 0.99159 1.69631 1.63340 0.65317 1.11352 1.67195 1.32462 1.58745 1.71017 1.39209 1.08564 1.99459 1.37810 1.25202 1.51665 1.13074 1.74464 1.09850 1.99670 1.71983 1.42420 0.82050 0.97224 1.30137 1.09517 0.66547 1.03949 1.05276 1.56018 0.83331 0.98789 0.55907 1.07315 0.73520 1.37316 0.84701 0.63925 1.19760 0.65666 1.68034 1.14540 0.97370 1.19011 0.56029
1.53437 1.90878 1.94190 1.90441 1.51625 1.26180 0.97066 1.03252 1.15546 1.63872 1.61375 1.88099 1.25440 0.72994 1.41411 1.50917 1.18715 0.60723 1.25798 1.21069 0.68367 0.72704 1.67319 1.74412 0.84728 0.73765 1.68065 1.16597 1.61386 0.84468 1.29707 1.20910 1.29540 1.74919 0.57610 1.29663 1.01925 1.66220 1.57549 1.98639 1.83006 0.92595 1.39013 1.29424 1.40454 1.58651 1.03337 0.85543 1.90806 1.46225 1.62790 1.18917 1.98051 1.93868 0.76582 0.97378 1.08206 1.78439 0.75712 1.06502 1.99243 0.91084 1.00729 1.05877 1.67404 1.26940 0.58073 0.81803 0.83101 1.98511 1.26233 1.33835 1.24245 1.54839 1.35379 1.63372 1.78071 0.85686 1.34359 1.74932 1.98281 0.80715 1.36543 0.55275 0.85195 0.86060 1.16709 1.30132 0.84546 1.28199 1.85178 0.76295 1.01505
1.87525 1.62277 1.05461 1.31019 1.92093 1.24919 1.51271 0.56634 1.54811 0.71853 1.33202 0.50210 1.08215 1.76888 1.74733 1.71579 0.64226 0.91281 1.43999 0.63442 1.60663 1.75286 0.99751 1.82410 0.66272 0.62289 1.82215 1.76735 1.12434 0.88384 0.96820 0.82971 0.81160 1.69725 0.91924 1.63265 0.51463 1.06335 1.00954 1.84457 1.78287 1.86363 1.91927 0.77206 1.45814 1.41623 1.91943 0.82884 1.88166 1.67755 0.66117 1.23503 1.67977 1.09374 1.09137 1.28976 0.93744 1.77973 0.96437 1.62735 0.63329 1.72407 1.32641 1.03076 1.20784 1.03753 1.72969 1.27250 0.57775 1.26141 1.90502 1.64850 1.89234 0.56844 1.55623 0.88091 0.77998 1.87482 1.51554 1.89389 0.53391 1.32637 0.94498 1.66726 0.62457 1.31026 1.20409 1.22363 0.94803 1.17135 0.85242 1.14435 1.09632 1.72836
1.36167 0.98163 0.95524 1.43854 1.04863 1.93786 0.59116 0.79061 0.59226 1.62691 1.42947 1.49141 1.57360 1.03648 1.35111 1.01262 0.79574 1.11252 1.82227 1.09086 1.61914 0.65566 1.17406 0.72059 0.63994 1.06220 0.68042 1.71043 1.96482 1.15852 0.84752 0.77779 0.69725 0.85525 1.83629 0.89091 1.49563 1.46054 0.83940 1.58271 1.46996 1.52818 0.80354 0.52745 1.66362 0.91238 0.82936 0.53339 1.57732 1.51072 0.71967 1.76381 1.69819 1.44922 0.71915 1.65332 1.29169 0.71806 1.33700 1.89343 0.67832 0.97642 1.34452 0.84219 1.56187 1.55497 1.48359 1.32640 1.43960 1.45746 1.26211 0.89889 1.78206 0.56515 0.80942 1.16505 1.14487 1.84122 1.89228 1.52670 0.55524 1.52125 0.89173 0.79439 1.39013 1.22088 1.95232 1.95796 0.51097 1.90970 1.30327 0.80321 1.14315 1.33520 1.41819
1.40645 1.25358 1.59164 1.34855 1.68431 1.09057 1.60838 0.62978 1.42440 1.25736 1.04830 0.62385 1.16182 1.54442 1.23107 1.14998 1.73757 1.47742 1.97932 1.76506 0.53499 1.66524 1.59198 1.97511 0.79607 1.49180 1.38746 1.17536 1.44169 0.79784 1.07475 1.19908 0.82123 1.76736 1.05743 1.92532 1.85900 1.69004 1.17381 1.46796 1.08726 1.42300 0.56827 0.54298 0.58821 1.12723 1.33695 1.84542 1.36394 1.67079 0.70542 0.69673 1.95323 1.12456 0.65324 1.60882 1.41178 1.41165 1.11844 1.12073 0.99594 0.53940 1.82242 0.52414 1.83081 0.51601 1.22315 0.53954 1.29626 0.87613 1.47324 1.10834 1.05248 1.73420 1.07216 1.15935 0.68530 1.67851 0.89383 1.33148 1.04181 1.85932 1.09346 0.96890 1.75155 0.61014 0.50910 0.78658 1.27244 1.36488 1.83965 0.53554 1.10095 0.94478 1.90118 1.21819
1.81084 1.85392 1.58777 1.79105 1.35747 0.73832 1.86699 1.32746 1.62816 1.89876 0.58238 1.11074 1.84669 1.03872 0.60839 1.02316 1.93899 0.96662 0.60331 0.66074 1.50929 0.94155 1.06569 1.05188 1.81600 1.74072 1.59050 1.20882 1.40321 0.57895 1.59292 0.91492 0.61833 0.70100 0.63139 1.67366 1.78234 1.81442 0.51103 1.45032 1.55626 1.58193 1.71650 0.86139 1.25267 1.88934 1.51584 0.69538 1.02830 0.73447 1.81297 1.51851 1.54520 1.69898 1.81722 0.54194 1.76488 1.37911 1.35093 0.63052 1.09325 1.29389 1.75009 1.80255 1.87283 1.75346 1.60086 0.78382 1.12254 1.50679 1.23180 0.92948 1.80556 1.07378 0.76523 0.61668 1.35392 1.60003 1.90877 1.24624 0.66900 0.95470 0.71361 1.30923 1.60234 0.57984 1.39999 0.61482 1.95002 1.13493 1.56150 1.17476 0.95907 1.20751 0.58736 1.42784 1.47206
0.93636 1.87745 1.96354 1.30758 1.87851 0.90719 1.77392 1.09485 1.10217 1.77011 1.06375 1.43947 1.08102 1.09792 1.72460 1.17088 1.95138 0.71474 1.55516 0.57879 1.73941 1.93419 1.27777 1.72021 0.91433 1.92992 1.54776 1.34326 1.40239 1.52128 1.44281 1.10488 1.67426 0.93717 1.82768 1.46542 1.05784 1.39650 1.42093 1.50028 1.36763 0.58468 1.13951 1.40675 1.53717 1.83741 1.98157 1.98168 1.27408 0.97890 1.00583 1.09122 0.59579 0.50333 1.31649 1.97023 1.54439 1.91909 1.75378 0.54458 1.05915 1.72018 0.74940 1.62082 0.85696 1.52512 0.51993 0.99657 1.94656 1.95077 1.72367 1.30516 1.05806 0.51477 1.96453 1.49972 1.79110 0.79312 0.94545 1.25038 1.64470 0.99573 1.44868 1.16621 1.05856 1.89618 0.86711 1.88799 1.52522 0.50451 0.77339 1.08913 1.10551 1.22948 0.54984 1.77084 0.58043 0.68636
1.96470 1.47543 1.99106 1.29655 1.43242 0.83005 0.51823 0.90706 1.37291 0.96049 1.49830 1.56070 1.94829 1.82223 1.73405 1.21358 1.18667 1.75101 1.83410 1.12899 1.47875 1.77377 1.35262 1.31532 1.67524 0.85978 1.87252 1.41899 0.68334 1.66438 0.52352 0.80627 1.31631 1.65273 0.52582 0.71211 1.97833 1.37157 0.75527 1.20493 0.52448 1.94990 0.81622 0.59927 0.63300 1.32297 0.89774 1.18747 0.55610 1.16200 1.23470 0.90872 1.22117 1.27767 1.32563 1.71703 0.66920 0.97479 1.37930 1.20372 0.75779 0.65259 1.56421 1.71976 1.63809 0.70776 1.07762 1.40476 1.89359 1.34624 1.89417 1.03871 1.37020 1.30078 1.55726 1.59042 0.92095 1.45856 1.53923 1.55326 0.70121 0.68430 0.70112 0.81295 1.99602 1.26604 1.60067 1.79768 1.30049 1.71729 1.04125 1.90921 1.47617 1.06969 1.40103 0.82599 0.85168 1.38096 0.69719
1.55430 0.93423 1.11090 1.97582 1.27344 0.68557 0.99317 1.82523 1.35406 0.90078 1.95390 1.91559 1.17605 1.21703 0.71127 1.52259 1.39416 1.02668 1.69794 0.71962 1.63315 1.22169 1.83252 0.81913 1.26728 0.57758 0.83006 0.59518 1.65180 0.76849 0.82024 0.71443 1.22264 0.85573 1.52209 1.90172 1.32979 1.16204 0.78584 1.92478 0.83781 1.34403 1.05031 1.48220 1.30397 1.98227 1.99720 0.59360 1.16876 0.84138 1.46674 1.34405 1.78730 0.50742 1.32408 0.85356 1.87817 1.29594 1.83296 1.43469 1.92778 1.45428 1.54256 1.27004 1.43360 0.82475 0.61079 0.75701 1.86020 0.78743 0.83603 1.96302 0.64773 1.76544 0.86365 0.57059 0.65242 0.63563 1.94639 1.90145 0.58572 1.48829 1.94432 0.56486 0.57616 1.67117 1.17994 1.06636 1.04045 1.61936 1.41452 0.80476 1.53985 1.46133 1.18698 0.86489 1.71055 0.71178 0.75516 1.02523
1.57895 1.03330 1.64285 1.53498 0.91857 1.76969 0.66462 1.48106 1.98093 0.87635 0.95146 0.82369 0.60425 0.63542 1.46289 1.87723 1.78153 1.56250 0.51812 1.22569 0.86250 0.53426 1.55340 0.85983 1.67498 0.54657 0.64014 1.62137 1.17272 0.90620 1.80095 1.11196 0.55146 0.51445 1.39354 0.87025 1.16514 0.79824 0.51299 0.97565 0.70294 0.97512 1.28268 0.81148 0.82209 1.57920 0.64549 1.86804 0.88539 1.43590 1.35452 1.01470 1.32366 1.99581 0.85846 1.92799 0.62758 0.91555 0.97443 1.47439 1.24637 1.02571 0.93136 1.17597 1.14195 1.03474 0.58736 0.65431 0.56907 1.93775 1.83759 1.14802 0.96643 0.71053 1.22545 1.15252 1.30090 0.75992 0.96875 1.78925 1.15839 1.31900 1.69104 1.53051 1.16445 0.70452 1.76127 1.47039 1.83576 1.68379 0.72701 1.74256 1.87884 1.92645 0.54870 1.76624 1.10533 0.77775 1.08392 0.73558 0.76637
0.89112 1.70482 0.75951 1.82449 0.87365 1.62578 1.93458 0.82138 1.46423 0.88127 0.83290 1.02330 1.84261 1.65862 1.50948 1.46589 1.59990 1.69229 1.20768 0.58803 0.56882 1.14901 0.99119 0.98638 1.20526 1.51782 0.70652 0.85570 1.90227 1.21500 1.64350 0.60092 0.85519 1.53296 0.96469 0.57227 1.93680 1.59473 1.24718 1.33322 0.71841 0.98087 0.89510 0.72915 1.67175 1.30026 1.29843 0.80917 1.58960 1.90630 0.97255 1.67526 1.58967 1.44257 0.73626 1.48895 1.49904 1.24765 1.02947 0.98473 0.88264 1.87779 0.79723 0.82624 0.95500 1.98217 0.67587 0.96238 1.27863 1.14732 0.54660 1.79593 1.84415 1.95590 0.78813 1.63952 1.37646 1.97004 1.07499 0.93885 0.91797 1.03594 1.77330 1.93946 1.51340 1.04253 1.12305 1.51140 1.37112 1.53594 1.29992 1.22516 1.58221 1.50400 1.34973 1.15026 1.28655 0.52378 1.40040 0.97153 1.55255 1.24153
1.44006 1.93843 0.69901 1.94713 1.85372 1.07737 0.66728 1.54171 1.36082 1.60501 1.20889 1.93841 0.53073 1.77299 1.12816 1.54522 1.43329 0.79471 1.18622 1.31307 1.17306 1.29107 0.87426 1.51247 1.12457 0.77315 1.70840 1.32798 1.99152 0.52730 0.61005 0.79338 0.91063 1.87118 0.60805 1.38428 0.80869 1.44483 1.96014 1.00534 0.99317 1.97470 0.94434 0.50237 1.54915 0.66075 1.64102 1.93841 1.07310 1.36634 0.95645 1.20914 0.88570 0.96952 1.43108 1.82363 1.81014 0.85474 1.37989 1.21508 0.62488 0.87879 1.15482 1.20858 1.38940 0.72195 1.63609 1.21075 1.24490 0.92319 0.98069 0.90631 1.10776 1.57586 1.67036 1.35199 1.13212 1.17778 1.19386 0.80523 1.26285 0.52653 1.55388 0.98358 0.83344 0.90745 1.11897 1.52612 1.70507 1.93392 0.68591 1.34147 1.99399 1.13230 0.51369 1.79434 1.77150 0.86373 1.87364 0.57630 1.79710 1.58229 0.50373
0.63503 1.74960 1.44568 0.96913 1.88539 1.85477 1.29498 1.10537 0.95061 1.44605 0.62785 0.67250 0.89586 1.10245 1.23896 0.60168 1.12340 1.54747 1.28442 1.17788 0.74387 1.01383 1.49694 1.24188 0.80475 1.73517 0.86130 0.93541 0.85668 1.34181 1.93848 1.06479 1.94708 1.28245 1.60812 0.81676 0.97346 0.57758 1.53337 1.82287 1.88009 1.10985 1.40221 1.05101 1.80107 1.33087 0.66149 0.96768 0.72307 1.69182 0.85703 0.92130 0.97182 1.37438 0.58090 1.78500 1.05022 1.77719 1.84085 1.27260 1.18182 1.09635 1.15979 0.99625 0.97445 1.58150 1.56434 1.27106 0.88149 0.52281 1.36584 1.63219 1.57860 1.21979 1.07010 1.34267 1.24646 0.72732 0.75008 1.66532 1.03955 1.84900 1.30377 1.25955 1.73133 1.08797 1.22899 0.93993 0.73936 1.07727 1.99822 0.74001 0.68020 1.30806 1.04715 1.02891 1.09490 1.58679 0.59158 1.68901 0.65220 1.09980 1.22135 0.82978
0.99050 0.93012 0.69696 1.93894 0.99485 0.58904 1.05304 0.54466 0.73238 1.68865 1.14877 1.95883 1.05123 1.77936 1.98941 0.72848 0.72489 1.60449 1.04559 0.75773 0.81221 1.13238 1.77226 1.71174 0.89971 1.53625 1.71951 1.80156 0.90880 1.49406 1.95072 1.14393 0.98144 0.55164 1.20280 0.94429 1.62374 1.18296 0.63150 1.57695 1.11858 0.68744 0.89279 0.87774 0.79766 1.20462 1.71573 1.30449 0.83871 1.65134 1.67568 1.47165 0.51832 1.78213 1.02842 0.60015 1.42157 1.55346 1.91289 1.27114 1.47225 1.01776 1.34685 0.86268 1.71090 1.24136 1.15022 0.61416 1.20129 1.28919 1.74650 1.24785 1.17869 1.43411 1.02580 1.75179 0.92654 1.28779 0.78495 0.74665 0.58667 1.57763 1.69956 0.54705 0.51974 1.09924 1.27728 0.98607 1.60733 1.00161 1.41476 1.86664 1.29954 1.17027 0.90005 0.79820 1.67845 0.69829 0.71738 1.77736 1.24239 0.54550 0.71364 0.97633 1.56627
1.29162 1.63538 1.41371 0.73046 0.81129 1.55452 0.72569 1.45696 0.66252 1.82932 1.82514 0.87395 1.87599 1.89172 1.37579 0.88579 0.59125 0.91335 1.96058 1.58281 1.77889 1.49821 0.76164 1.09419 1.63406 1.78927 0.52046 1.70188 1.22951 0.95435 1.12437 1.38777 1.71854 0.86124 1.50534 1.20106 1.51961 0.75602 1.52763 1.68059 1.09946 0.89477 1.57297 1.61727 0.68867 1.81068 1.11465 1.06410 1.87325 1.02944 0.97147 1.00813 1.34690 1.41515 1.43707 0.77160 0.93429 1.49047 1.95644 0.66606 0.52719 1.96955 1.69828 1.80125 1.42565 0.51426 1.29898 1.12805 0.79535 1.68665 1.66657 0.97386 0.64807 0.84535 1.95329 0.64432 0.77517 0.87532 0.69343 0.86648 1.76100 1.19481 0.98370 1.05849 1.55421 0.99868 1.90630 0.58011 1.78530 0.81746 1.11920 0.88561 1.95804 1.95199 1.31561 1.75364 1.50938 1.87560 0.58481 0.50514 1.71204 0.75364 0.69685 1.62956 0.76301 1.61334
1.64301 1.62513 1.84744 1.69141 1.07982 1.97564 1.76559 1.65030 1.24257 1.17593 1.30388 1.44154 1.19158 0.82393 1.64437 1.64241 1.42548 0.85339 1.24490 1.48502 0.96012 1.07538 1.49528 1.01662 0.51286 1.85623 1.75938 0.84637 1.54182 1.64734 1.30818 1.05603 1.30630 1.34472 1.63164 1.89285 1.90589 1.75334 0.81960 0.56063 0.79271 1.74281 1.36269 0.90275 1.89056 0.95095 0.62482 0.70086 1.65734 1.08646 0.63368 0.54182 1.96147 0.91490 1.35981 1.07334 1.72439 0.67525 1.90150 1.22517 0.73146 1.44222 0.97804 0.54935 0.52036 1.56569 1.52531 1.56546 1.00915 1.65602 1.75873 1.59541 0.55771 0.79994 0.62547 1.37483 0.81257 1.97088 0.96405 1.76419 0.60154 1.55741 0.62072 1.75141 0.56663 1.78739 1.61760 1.89270 1.81034 1.82823 0.88937 1.67957 1.39910 1.13282 1.89600 1.80033 1.30578 0.98667 0.66438 1.70111 1.15599 0.84300 1.31832 0.69311 1.64569 1.69505 1.37365
1.36569 0.64924 1.56180 1.78130 1.13380 1.49311 0.58054 0.90479 1.33029 0.60921 1.34326 0.97332 1.23259 1.64755 1.62420 1.13638 1.49609 0.69068 0.61063 0.54239 1.71744 1.32143 1.26582 1.92531 0.99860 1.31322 0.73311 0.89902 1.32455 1.71042 1.14594 1.98518 1.96113 1.81573 0.66599 1.72918 1.33900 1.41183 0.50373 1.03825 1.79222 0.78668 0.98682 1.20583 1.97261 0.71736 1.46337 1.76022 0.97385 0.86868 1.20817 1.38902 1.95171 1.13969 0.66610 0.72398 1.46018 0.66552 1.29427 0.61690 0.54437 1.50143 1.44856 1.03655 1.15353 1.93117 0.98931 0.84799 0.56203 0.66491 1.23188 0.88372 0.62038 1.90566 1.47479 1.95929 1.00307 1.00199 1.59467 1.84894 0.86343 1.79742 1.94476 1.97286 0.56845 1.22999 1.31373 0.55353 1.57326 1.31267 1.53576 0.72163 0.59618 1.25569 0.95585 1.89392 1.10549 1.79137 0.81344 0.83876 1.78033 1.04315 1.44188 0.97824 1.98123 1.02296 1.00110 0.70057
1.68534 0.83012 0.55738 1.35390 0.86638 0.60003 1.66840 1.83234 1.76085 1.11802 1.73292 1.50721 1.25394 1.27563 1.65594 1.95315 1.34722 1.79905 0.76428 1.02753 1.16945 0.82606 1.86938 1.60430 1.70671 1.65584 0.91382 1.95951 1.46573 1.73855 1.93757 1.80679 1.12212 0.82918 0.58443 1.56977 0.65615 0.53550 1.92736 1.80283 1.04698 1.59687 1.90988 1.58565 1.82519 1.03264 0.66903 1.92658 1.27420 1.85552 1.72127 1.35873 0.65137 1.94897 0.89738 1.89059 1.75473 1.06732 1.19862 1.13921 1.37706 1.30438 1.80517 1.87630 1.22970 1.44132 0.76212 1.18849 1.22507 0.90612 1.14431 1.64814 0.96436 1.09565 1.88134 1.60391 1.23017 0.51313 1.00321 0.88163 1.38478 1.46758 1.23216 0.96226 0.69358 1.66147 1.19084 0.53427 1.28835 1.75966 0.70519 1.01022 1.97453 1.86560 0.81109 1.26254 1.05876 0.66850 0.95486 1.77429 1.28178 1.88779 1.68779 1.71211 1.30345 0.96467 1.66028 1.68063 0.57578
0.69694 0.68499 0.72448 1.17665 1.39719 1.14402 0.67985 0.86342 1.61497 1.99733 1.62196 1.05437 1.83621 1.83650 1.09481 1.92654 0.84647 0.89546 1.13008 1.68316 1.11477 0.96795 1.13281 0.62241 0.91743 1.78571 0.75334 0.94660 1.84259 1.01798 1.01468 1.02654 1.60498 0.76356 1.91536 0.69962 0.76555 1.52124 1.70164 0.74439 0.85487 0.75410 0.71667 1.25896 1.58576 1.74432 1.59375 1.65650 1.69959 1.80333 0.70378 1.36967 1.58052 0.95751 1.56668 1.36493 1.56470 1.07276 1.60736 1.97450 1.87109 1.01919 1.00526 1.49255 0.61230 1.60064 1.58114 0.66542 1.27295 0.89000 0.95038 0.86946 1.51956 0.51605 0.96255 1.37369 1.29283 1.74917 0.86972 0.82846 1.74733 1.29112 1.00977 1.16866 1.77314 0.57756 1.31881 1.43889 1.69815 1.38614 1.52746 1.24250 1.23338 1.57330 1.67222 1.87764 1.04345 1.38619 1.87059 0.87316 1.47642 0.55014 0.72771 1.82427 1.93064 0.73993 1.12402 1.57618 1.35845 1.99787
0.70550 1.77047 1.94985 0.77586 1.42457 0.59658 1.84846 0.50980 0.67720 1.34311 0.66295 0.53492 0.93140 1.99143 1.54942 1.07680 1.96471 1.78194 1.13370 0.92409 0.91618 0.79731 1.54783 1.58974 1.58938 1.64480 1.46655 1.17817 1.10794 1.80396 0.60347 0.83291 0.51992 1.26567 0.52902 1.50304 0.97766 1.01086 1.40942 0.53207 1.06594 1.22187 1.92147 1.72096 0.81794 0.55697 0.69367 1.94806 1.68116 1.42078 0.63625 1.25487 0.75922 1.06460 0.84978 0.52312 1.22222 0.52572 1.99164 0.67170 1.63405 1.34294 1.55903 1.02547 1.00177 1.70062 0.85003 0.61377 1.43664 1.68627 1.15781 0.67323 0.95504 0.93245 1.45312 1.92223 0.89111 1.56128 1.74635 1.05156 1.95656 1.58834 1.84376 0.99063 1.75413 1.69632 1.04938 1.82907 0.87357 1.80537 1.07830 0.63387 1.15122 0.57323 1.91936 1.16025 0.76912 1.70581 1.55505 0.54380 1.75159 0.63585 0.55698 1.92339 0.57035 1.76071 0.97113 0.66819 0.97121 1.18711 0.55166
0.58219 0.73102 0.98869 1.97767 0.67690 1.29636 1.20871 1.39870 0.89086 0.67037 1.15212 0.55000 1.33216 1.62909 1.50976 0.74817 1.97741 0.93109 1.18027 0.60217 1.08142 1.03911 0.97792 0.83864 0.91443 0.65535 0.53043 1.52691 1.33341 0.73355 1.95355 1.44374 0.54346 1.82844 0.55613 1.84742 1.06670 0.52595 0.76420 0.82446 0.61352 0.72175 1.21405 1.00288 1.00058 1.14106 0.90643 1.90935 1.71425 1.14952 1.21964 1.52512 1.34506 1.22465 1.14500 1.97584 1.82328 1.06174 1.68325 1.16956 1.16452 1.31654 0.69925 0.71996 1.81816 0.50229 1.37422 1.74586 1.35703 1.07797 1.49578 0.55840 1.98760 1.70300 0.78311 1.30757 1.49784 0.74154 0.76465 0.88577 0.86777 0.62802 1.86703 0.96906 1.50013 1.56465 0.76462 0.67438 1.67750 0.81817 0.51468 1.44836 1.41330 1.36042 1.00342 1.18355 0.97359 1.16028 0.61174 1.31246 1.52649 0.83002 0.91559 0.80428 1.10970 1.28602 0.57911 1.43632 1.98264 0.65052 1.90176 1.01747
1.77382 0.93728 1.75383 1.46894 1.54670 1.31518 1.05706 1.43593 1.55957 0.88793 1.00083 0.54729 1.46328 0.92378 1.72895 0.63997 1.26424 0.82831 1.88865 1.69772 1.28768 0.71850 0.68631 1.46944 0.82898 0.90002 0.52746 1.28260 1.78280 1.08971 1.66129 0.57803 1.23568 1.25035 0.64989 1.19680 0.81883 1.73307 1.39520 1.69747 1.28322 1.10900 1.95493 1.36167 1.01046 0.57976 1.76116 0.79491 1.61535 1.57112 1.91081 1.52447 1.62559 1.04334 1.08238 0.65886 0.79228 1.20753 0.94213 0.77460 1.47301 1.08468 1.48302 1.98424 0.99161 1.86595 1.19654 0.78870 0.60269 1.58905 1.08167 0.58539 1.95178 0.91848 1.05047 0.65037 0.73619 1.78001 1.78266 1.57970 1.85947 0.76936 0.76086 1.99865 1.06717 1.07405 1.79520 1.69071 0.62936 0.62769 1.27938 0.62220 0.85891 1.70507 0.50144 1.41363 0.83954 1.03606 1.79141 1.96512 1.65834 1.30580 1.66987 1.96770 0.92067 1.31534 1.34028 1.61152 1.27990 1.87548 1.27939 0.54887 0.83743
0.55902 1.35901 1.20203 0.74842 0.65980 1.07492 1.32041 1.15310 1.28982 1.71893 0.77392 1.08895 0.91116 1.08828 0.59027 1.23652 0.89525 0.83983 0.55231 1.20189 0.99703 1.98044 1.32763 1.51617 0.95335 1.55329 1.85569 1.53106 1.25287 1.18906 1.49029 1.60910 1.47443 1.33254 1.24664 0.76423 0.86894 1.01397 0.86960 1.84017 0.85835 0.79732 1.90856 1.44866 1.07363 1.82971 0.62981 1.06383 1.45006 1.05485 1.71440 1.80550 1.85430 1.25179 1.33873 0.90748 0.76081 1.91031 0.96063 0.73188 0.51479 0.83311 0.72478 1.87035 1.17074 1.17248 1.29310 1.35760 1.81108 1.54339 1.97582 1.07947 1.44167 1.65087 1.32861 1.41541 1.72159 1.49125 1.74275 1.71002 1.51673 1.64148 0.57129 0.76730 0.50624 1.26487 1.15221 1.54076 1.66702 0.79834 1.09803 0.83052 0.88380 0.95370 0.83526 1.25092 1.21728 1.65073 1.19449 1.44969 1.82644 1.73811 1.33783 0.75719 0.76569 1.67816 1.19390 1.08681 1.03251 1.11218 1.18340 1.72594 1.71824 1.54532
0.82792 0.68910 0.79439 0.73727 1.43305 1.63307 1.80517 1.64746 1.44519 1.53124 1.93699 1.57280 1.01180 0.71017 1.87418 0.93649 0.61657 0.63775 1.90344 1.36447 1.19483 0.75197 0.99020 1.16108 1.75127 1.42626 1.33713 0.76350 1.77406 0.99925 1.47428 1.77258 1.84973 0.86301 0.73021 0.81041 0.89535 1.44601 1.10984 0.90084 0.54670 1.57384 0.82445 0.69591 1.38582 1.62752 1.00849 1.96095 0.57548 1.74379 1.96025 1.29746 0.63682 1.26574 0.78360 1.15505 0.84763 0.67157 1.55769 1.07442 1.06486 1.86718 0.71850 1.74221 0.60779 1.27678 1.78929 0.54900 0.71280 0.88769 0.61268 1.12868 1.07129 0.89006 1.36652 0.92689 0.54410 1.33724 0.66974 1.67147 1.43098 1.25495 0.64387 1.12602 1.19154 1.67767 1.20984 1.64059 1.94421 1.43395 1.46317 0.85731 1.18094 0.74487 1.40115 1.58241 0.59790 1.09465 1.51044 1.98728 1.08629 1.55465 1.00448 0.53789 0.53364 1.13497 1.80012 0.95632 0.60370 1.36130 1.15646 1.17751 1.09947 0.63008 1.34560
0.57754 1.06973 1.52608 1.91044 0.68382 0.57629 0.77934 0.94756 0.98316 1.65087 1.81838 1.56191 1.70412 0.63446 0.76074 0.90311 1.73166 1.61529 1.66593 0.62850 1.71375 0.58093 1.52506 0.69118 1.46516 0.74654 1.14149 0.94010 1.75137 1.67078 0.89429 0.57571 1.54282 1.65599 1.45074 0.99014 1.25589 0.63982 0.97622 1.39336 0.50657 1.92863 1.11146 1.85944 1.75758 1.89040 0.62878 1.88747 1.31930 0.63753 1.61696 1.85179 1.16369 0.97165 1.42997 0.86745 1.94176 1.47952 0.54851 1.11961 1.27354 1.51241 0.81711 1.67690 1.35432 1.46587 0.56669 1.88428 1.18202 1.22065 1.61198 1.25708 0.83218 0.68403 1.01898 1.93166 1.54017 0.59176 1.27611 1.27507 1.10227 1.33570 1.03007 1.09342 1.53023 1.22483 0.96948 1.62107 1.73542 0.84756 1.16088 1.27245 1.03727 1.06747 0.78971 1.78371 1.17927 1.17378 0.66351 1.71669 0.87140 1.88523 1.21341 0.83965 1.68378 0.86508 0.57398 0.75681 1.18408 1.68674 0.78361 0.76762 1.21156 0.57366 0.73374 0.69866
0.98747 1.18129 1.64636 1.20405 1.57604 0.53170 1.64078 1.56976 1.36648 1.14116 1.43465 1.30247 1.48217 0.84121 0.98776 1.25673 1.24182 1.99965 1.67229 0.92963 0.85210 1.01850 1.29436 1.49404 1.88237 1.71165 1.79633 1.54234 1.88963 1.18458 1.05898 0.52256 1.55405 1.58276 0.78167 1.89139 1.69865 1.37741 0.97187 1.26695 1.44382 1.47887 1.13102 1.95750 0.73474 1.96370 1.06075 1.93732 0.60532 1.04614 1.31875 0.57166 1.24759 1.12136 1.15976 1.46778 1.98927 1.37403 1.12986 1.53624 1.10805 0.50508 1.70501 1.30223 0.86784 1.64049 1.11162 1.30846 1.93509 0.57606 1.38562 0.52552 1.97337 1.37536 1.23726 0.80403 0.90587 0.82119 0.98839 1.92552 1.63564 1.14569 1.26190 1.74630 1.79258 1.27119 1.60684 1.22780 0.58470 1.97054 1.14247 1.39366 1.17999 1.14040 1.91931 1.75456 1.41699 0.97286 1.91810 0.70572 1.70975 0.52363 1.62649 1.55637 1.39839 0.90186 0.53553 1.39895 1.31749 1.09640 0.94032 0.57018 0.60576 0.87231 1.86453 0.84237 1.35196
0.66688 0.90417 1.35300 1.88416 1.64000 0.86688 1.98157 1.16189 1.98481 1.19171 0.98076 1.62200 1.28599 1.13897 1.19174 0.83106 0.60756 1.18950 0.58104 1.91680 1.19426 1.93152 0.72151 1.25946 0.61670 1.68941 0.74029 1.68595 0.94378 0.59479 0.85008 1.01147 1.81148 1.77112 1.50935 1.60964 1.56535 0.75768 0.71043 1.85751 0.84860 1.54126 1.50165 1.08152 0.91114 0.97305 1.38968 1.41359 0.59271 0.61439 0.80846 0.70938 1.60781 0.73108 1.61097 0.86432 1.06722 1.30331 1.03086 0.91080 1.17987 0.99138 1.33478 1.27356 0.92590 0.52732 1.28933 1.52256 1.99993 0.88455 0.89331 1.69505 1.18346 0.54951 0.76432 1.18682 1.77924 1.82492 0.53396 1.03520 1.11580 1.04167 0.73269 1.33800 1.13605 0.99208 1.08026 1.70122 1.16864 1.14252 1.80591 1.38100 1.16834 1.64105 1.77459 1.30617 1.77710 0.56825 1.05646 1.99311 1.49686 1.35799 1.68442 1.80258 1.51529 0.87663 1.90324 1.73631 1.89460 0.76024 1.67594 1.79429 1.65758 0.50312 0.54247 0.54447 1.38002 1.75253
0.60598 1.81530 0.85198 0.56206 1.90817 0.80992 1.60444 1.09792 0.74462 1.89701 1.84019 1.22534 1.93313 0.73825 0.83536 1.73726 0.70775 0.56673 0.85885 0.98224 0.95864 1.30200 1.36751 1.10049 1.46112 0.72773 1.44295 1.76154 1.01909 0.60132 1.92896 1.03145 1.15760 1.16329 0.79756 1.45221 0.77101 0.64997 0.87348 1.22534 1.39520 0.58616 1.93300 1.13619 1.30403 1.86934 1.09214 1.16226 1.63616 1.03663 0.70286 1.36202 1.83762 1.27370 1.36500 1.97229 1.88121 1.91753 1.04763 1.06013 0.51072 1.21090 1.37516 1.34563 1.43704 1.52162 1.96720 0.52866 1.51104 1.59131 0.60209 0.75465 1.01915 1.70568 1.98857 1.69374 1.24463 0.98659 1.83744 0.77056 0.58049 1.53849 1.43977 0.68381 0.57210 0.63336 1.23076 0.94872 0.67669 1.07034 0.78538 0.76631 0.99014 1.60880 1.62409 1.89018 1.17477 1.34716 1.22753 1.96840 0.93415 1.66462 1.60279 1.25515 1.94471 1.27662 1.82658 1.27659 1.22522 1.15444 1.26660 1.25416 1.18174 0.96828 1.18080 1.37449 1.95974 1.31382 0.99328
0.68369 0.65115 1.74609 1.84513 0.72240 0.78074 1.99741 1.35590 1.15110 0.99529 1.55484 1.82510 0.68597 1.27351 1.93326 1.01257 1.62456 1.94430 1.56020 1.24827 1.70348 1.29408 0.50423 1.34213 1.92684 1.63060 0.62885 0.77575 0.56670 1.43836 0.91526 1.80146 0.84636 1.45729 1.84374 1.46808 1.81661 0.65225 1.79795 0.54911 0.92174 1.97044 1.82290 1.22420 0.99366 1.98264 1.22523 1.13876 1.08046 0.51761 0.70679 1.30184 0.98093 1.08837 0.91298 0.80708 1.15592 1.78617 1.05469 1.79866 1.73055 1.79435 1.50459 1.92402 1.65963 1.65368 0.91409 1.91764 0.82587 0.84485 0.54796 0.79482 1.11781 1.77198 0.97081 1.91227 1.04802 1.35084 0.59591 0.66158 1.43444 0.52736 1.10631 1.03270 0.65783 1.87217 0.96035 1.63300 0.94781 1.03673 0.52476 0.76362 0.66031 0.83983 1.56739 1.41301 1.29358 0.68144 1.07649 1.32100 0.76320 1.80916 0.76272 1.15549 0.70202 0.51975 1.33478 0.61440 0.74718 1.57520 1.98130 1.08979 1.01722 1.93435 1.35626 1.98519 1.21460 1.00724 0.65916 1.99443
0.86655 1.86060 1.06891 1.89864 1.66034 0.61417 1.64618 0.51424 1.04691 0.83814 0.62158 0.55397 1.46861 1.09566 0.65503 1.42019 1.14255 1.90060 1.86186 1.72454 1.86540 1.54133 1.17044 1.13298 0.74865 1.61311 1.89376 0.82363 0.85871 0.85041 1.76300 1.50248 0.63408 0.93108 1.75016 1.29299 1.01880 0.99892 1.90040 0.79031 1.30766 1.39194 1.43597 0.84413 1.48415 1.84728 1.96085 1.25282 0.64587 0.67775 0.74681 0.61056 1.07860 1.97577 1.86541 1.52980 0.71759 1.02182 0.65619 1.17421 1.05796 1.93685 1.90836 1.35703 0.86254 0.56181 1.35124 1.14957 1.30543 1.27311 1.68625 1.73805 1.09167 1.55041 1.28420 1.60474 1.21997 1.55963 1.56600 1.65002 0.88070 0.90369 0.93575 1.33261 1.32423 1.42344 1.23838 0.64007 0.55963 1.23621 1.00516 1.37251 1.21248 1.71710 0.71971 0.71211 1.28490 1.48923 1.27500 0.65610 1.93072 1.90865 1.86708 0.57507 1.55586 0.81806 0.94219 1.39262 0.62698 1.12133 0.50333 1.79660 1.65258 0.50811 0.57839 1.38572 1.60334 1.27269 0.53142 1.10665 0.84074
0.85547 1.24190 0.82404 1.48442 0.91962 1.38475 0.94092 1.12320 0.83085 0.75518 0.98487 1.34804 1.13121 1.50826 1.12155 0.65017 0.57269 1.68288 0.81141 1.55963 1.67060 0.51898 1.65080 1.03475 1.76765 1.99282 0.76783 1.20081 1.28152 1.74791 1.77847 1.37915 0.65077 1.27906 0.65016 0.66880 1.93862 0.96925 0.60676 1.72391 0.92829 1.03061 1.53430 1.82100 1.72471 1.34395 0.51275 0.81031 1.64241 1.53668 1.42134 0.90719 0.84011 1.14169 1.90583 0.91858 1.74742 1.22700 1.26176 0.97831 1.55059 1.63721 1.50266 0.69882 1.27972 1.44510 1.14726 0.66989 1.37393 0.99459 1.75717 0.93474 1.61568 1.24544 0.84365 1.04132 1.21948 0.74594 1.15389 1.40516 1.64687 0.99433 0.51716 1.58857 0.54139 1.12033 1.17692 1.33775 1.35741 1.23748 0.75515 1.33669 1.79959 1.30926 1.53365 1.75112 1.77338 1.06555 1.57992 1.63308 1.99217 1.69076 1.44303 1.98507 1.63666 1.90845 1.62631 1.39947 0.61059 1.88532 0.99886 1.30005 1.80762 1.13399 1.11458 1.00313 0.56385 1.85552 0.91803 1.10090 0.81347 1.32510
1.20036 1.26599 0.74203 1.10329 0.63854 1.36872 1.82643 1.60907 1.92581 1.92213 1.14065 1.41284 0.75458 0.53346 1.56495 1.17585 1.77188 0.97712 1.87921 1.30488 0.86523 1.61864 0.88149 0.95256 1.15589 1.36500 0.73596 1.99397 1.03152 1.19865 1.53333 1.54965 0.51411 0.70026 0.85537 1.43491 1.25813 0.92797 1.49964 1.91621 1.95013 1.30133 1.50912 1.90951 1.18529 0.77526 1.11893 1.11372 1.35276 0.63916 1.99964 1.63607 1.29558 1.31287 1.17331 1.46707 1.48058 0.99506 1.11287 0.52575 1.71168 1.66334 0.88715 0.95717 1.12682 1.51599 0.84576 1.35198 1.79787 1.01078 1.64518 1.50976 1.52626 1.83687 1.90229 0.93809 1.44919 1.38247 1.91607 1.69155 0.75517 1.23072 0.85493 1.57693 1.84636 1.81858 1.81167 1.70105 0.53204 0.61382 0.93612 0.51064 1.55561 1.16630 1.29854 1.06867 1.72361 1.25989 1.43646 1.27812 1.10283 1.61354 0.88198 0.60545 1.35297 1.90024 1.27363 1.25705 1.29916 1.70610 1.04732 1.52565 1.56481 1.11229 1.22960 1.17014 1.35595 0.96959 1.53349 1.46771 1.51602 1.82110 1.34137
0.91884 1.13961 0.80042 1.28856 1.98347 1.39097 0.95935 1.04576 1.79866 1.67130 1.76825 0.61043 1.74089 1.38803 0.74519 0.97094 1.14914 1.90263 0.63038 0.96883 1.67680 0.51859 0.56625 1.88480 1.69838 1.41244 1.57844 1.61637 1.39816 1.59397 1.55192 0.74759 1.79796 1.29225 0.70008 0.92803 1.18576 1.60253 1.88483 1.08035 1.83525 1.02608 1.49181 0.73497 1.57809 1.09193 0.68031 1.29405 0.77783 1.11436 1.35245 0.58084 1.87146 0.79481 0.65055 1.10593 1.80064 0.70606 1.96361 0.85520 1.37288 0.90351 1.75087 1.77648 0.59705 0.86544 0.77263 0.99380 0.80101 1.48156 1.60944 0.73493 0.56378 1.46831 0.71609 1.28425 0.95252 1.85518 0.90008 1.63512 1.21499 0.86673 1.20227 1.20165 0.74885 0.97715 1.37258 1.13525 1.21348 1.87448 0.92493 1.05039 1.42082 1.72509 1.29805 1.25371 1.13538 1.46772 0.87357 0.97404 1.59999 1.66977 1.44693 1.32215 0.98483 0.78914 1.51165 0.88035 0.80286 1.26748 1.71196 0.92121 0.63218 1.90085 1.53701 0.79285 1.46883 1.87449 1.86935 0.67671 1.83416 1.74171 1.96393 0.68992
0.85478 1.38529 1.17638 0.62803 1.19968 1.65977 0.70313 0.88088 1.27850 1.35378 1.31357 1.50980 0.64005 1.65213 0.75583 1.01745 1.41567 1.24606 0.55502 0.71912 0.65910 1.19897 0.99458 1.26369 1.19246 1.24486 1.08498 0.88857 0.80399 0.75443 1.47473 1.73917 1.54279 1.93440 0.90436 1.00627 0.95428 1.85815 0.88973 1.16018 1.21820 1.01053 0.76334 0.90710 1.62530 1.92269 1.44485 1.46359 0.82545 1.43119 0.72044 0.54959 0.52036 1.98168 1.29701 0.85953 0.86956 0.54665 1.49563 1.87115 1.77845 1.55170 1.68422 0.52974 1.33981 1.40943 1.77108 1.30346 0.85370 1.36642 1.39140 1.55539 0.95382 0.86925 1.78560 0.54659 0.65938 1.39953 0.95839 1.03000 1.08350 0.64938 1.68491 1.47538 1.39713 0.88524 1.85441 1.54134 0.55773 1.03740 1.70429 0.65099 0.58437 1.03811 0.57411 0.76998 1.41722 1.83155 1.90904 1.40588 0.65248 1.84377 1.66529 1.25635 0.57216 0.77823 0.57162 0.51414 1.07326 1.70279 1.31180 1.89141 1.39714 1.49716 1.82835 1.39456 1.54627 0.50575 0.64213 1.08437 1.98636 1.19423 1.72647 0.54508 1.53313
1.92088 1.77477 0.55151 0.71428 1.67602 1.41422 1.30602 1.17950 1.00670 0.79767 0.66759 0.71694 1.02880 1.58255 1.54624 0.57108 1.59041 1.11999 1.90936 1.55098 1.71208 1.59001 1.02167 1.29749 1.76850 1.27544 1.42137 1.72184 0.87658 1.34762 1.83831 0.73917 0.91934 1.56827 0.89168 1.09825 1.50541 1.54146 1.82480 1.20863 1.65205 0.87945 1.20468 1.14205 0.53575 0.87470 0.95103 0.75523 1.26466 1.16606 1.78194 1.41652 0.96079 1.59928 1.41199 1.74381 1.04633 1.57896 0.65295 1.51870 1.69221 0.94660 1.42825 0.95363 1.22612 1.32136 1.94179 1.71534 0.53419 1.53421 0.87972 1.98789 0.95282 1.76135 0.67430 1.83567 1.80088 1.80434 1.65505 1.42414 0.80921 0.72924 1.79952 1.95592 1.55338 0.61844 0.70225 1.84308 1.36741 0.66811 1.43990 1.37312 1.06980 1.28353 1.96396 1.16010 0.64017 0.79373 0.84591 0.51348 1.99059 0.80335 0.60874 1.54839 1.98295 1.20104 1.19011 1.26760 1.50665 1.99490 1.08769 1.39649 0.74338 1.75013 0.57368 1.92913 0.75799 0.99453 1.80384 1.74985 1.59522 1.65436 1.07837 1.68871 1.30066 0.92351
1.24848 0.68787 0.70513 0.50529 1.36390 1.37843 1.18499 1.24662 0.98968 0.58245 1.22398 1.69327 1.63902 1.91601 1.76623 1.13387 1.88899 1.49494 0.58755 1.12337 1.72241 1.18113 1.81041 0.87243 1.28455 0.63671 0.97454 0.63483 1.01056 1.34726 1.66324 0.88758 1.53651 1.56683 0.78344 1.30453 0.52938 0.82065 0.64771 1.29881 1.04536 0.96768 0.71794 1.61157 1.82447 1.55501 0.72514 0.79492 1.70082 1.37011 0.59380 1.85684 0.75290 1.31082 1.38216 1.68213 1.45443 0.66365 0.58854 1.89685 1.03130 1.59311 0.71343 1.82224 1.08410 0.67443 1.24333 1.18900 0.65732 1.69855 1.22670 1.26038 1.53170 1.13248 1.80842 0.51093 1.94027 0.66089 1.82374 1.16673 0.51750 1.19946 1.65592 1.49604 0.55366 1.27167 0.78792 1.62343 0.53880 1.72339 0.51379 1.21291 1.91148 1.50095 1.63279 0.53070 0.59998 1.40948 0.92557 1.92596 0.84321 0.72508 1.73926 1.75027 1.67807 0.69175 0.63623 0.59650 1.52381 1.21289 0.75924 0.54204 0.62357 0.97478 1.87641 1.12180 1.83168 1.14693 0.78970 1.92536 1.28525 1.84326 0.89935 0.59539 1.07818 0.97721 1.69783
1.09514 1.63728 1.30850 1.82526 1.75312 0.83549 1.59042 1.41979 1.03098 1.78250 1.28863 1.80839 0.76494 1.52772 1.45043 1.94006 1.22261 1.41371 1.42411 1.07313 0.88908 0.72098 1.20778 0.83817 1.03806 0.88254 1.43417 1.66966 1.46852 1.54942 0.87675 1.38479 1.46311 0.84337 0.54253 1.51293 0.67190 0.52712 0.83759 1.08650 1.42418 0.61646 1.66415 0.94386 1.09438 0.63501 1.16186 0.50965 1.11319 1.63507 1.38881 1.73933 1.54369 1.25993 1.16785 1.83508 1.65676 1.64500 0.53078 1.44989 1.91540 1.73258 1.80254 0.77555 1.40190 1.73121 0.98168 0.94619 0.92387 0.90693 1.68732 1.40019 1.68909 1.82971 0.87481 0.99392 1.57715 1.43724 0.83721 0.89221 0.90859 0.54862 0.64353 1.99028 1.89504 1.72805 0.71373 1.55737 0.65792 0.70674 0.71784 1.39083 1.13747 1.02751 1.07992 1.77122 1.76331 0.72217 1.14366 1.99853 1.46628 1.48431 1.73797 1.65327 1.51673 1.20941 1.08191 0.73833 1.40092 0.51065 1.45316 1.74588 0.92110 1.09679 1.23521 1.71106 1.68621 0.59553 1.44474 0.75819 1.04922 1.87716 1.40526 1.17970 1.06074 0.96772 1.53068 0.67262
0.67556 0.50217 0.80199 1.67225 1.20581 0.90615 0.98612 1.84067 0.61374 1.90807 0.64588 1.58173 1.13252 1.44855 0.70569 1.40066 1.29018 1.18422 0.91466 1.20179 1.18832 1.82637 1.74729 1.20254 1.53577 1.13432 1.52947 1.31556 0.61293 1.10150 1.59793 1.52582 1.30095 1.64724 1.91888 1.25337 1.55216 1.55718 1.81878 1.40111 1.03357 1.70030 1.54307 1.76823 0.81037 1.56908 0.82408 1.56910 0.90939 1.61810 1.48436 1.79859 0.72866 1.79059 1.04405 0.81161 1.95632 1.27471 0.74930 1.50888 0.91817 0.73363 0.59049 1.14518 1.59440 0.94230 1.97268 1.10147 1.13243 1.86935 1.81350 1.28869 0.96790 1.19765 1.28835 1.86979 1.21476 1.31796 1.13769 0.78391 1.00735 1.28019 1.83485 1.98968 1.10907 0.52816 1.64088 0.99747 1.36448 1.76207 1.73211 0.95205 1.37609 1.65854 1.82649 1.42817 1.92325 1.64468 0.51042 1.39545 1.03202 1.70583 0.85224 1.63490 1.38103 1.96335 1.11828 1.08193 1.46563 1.54105 1.08828 0.66952 1.68818 1.07676 1.20666 0.62875 0.74903 0.93386 1.23338 1.03910 1.45284 0.93416 1.37913 1.71757 0.93034 1.74213 1.50346 1.71982 1.93995
1.49000 1.80657 1.46481 1.45971 1.02567 1.08486 0.82095 0.68873 1.79101 1.49726 0.98579 0.88769 0.86286 1.39473 1.13350 1.42623 1.53798 0.71821 1.98210 0.86420 0.53611 1.58192 0.65312 1.45037 1.54924 1.45885 0.70383 0.82344 1.06370 1.71837 1.05529 1.01113 1.87289 0.83828 1.30544 1.28784 0.98443 0.51455 1.24302 0.91202 1.76653 1.64563 1.23796 1.43808 1.24059 1.71417 0.53088 1.19331 1.07533 1.42573 1.66064 1.30644 1.75622 0.72939 1.53135 1.63156 1.48940 1.37734 1.84328 0.66042 1.36605 0.86824 1.34183 1.04664 0.99871 1.49362 1.54223 0.89771 0.95497 1.62205 0.53681 1.34001 1.76991 0.80390 0.78369 1.54215 1.68343 1.64032 1.81104 1.72373 0.81738 1.56966 1.27387 0.84397 1.62188 1.85527 1.93593 0.57894 0.73896 0.68193 0.79664 1.37449 1.95816 1.51010 0.56430 1.95807 0.71173 0.80922 0.91094 1.76626 0.69728 1.87802 1.19781 1.57656 1.93707 0.90021 0.71681 1.01952 1.19379 0.54909 0.75841 0.52420 0.81937 1.36270 1.23539 1.04189 0.75872 1.84509 0.82373 1.20826 0.65667 1.81711 1.68155 0.51158 1.13231 1.55404 1.06303 1.73910 1.56037 1.86235
1.67920 1.63712 1.91056 0.81566 1.97192 1.47422 1.71216 0.76221 0.89776 0.97127 0.56727 1.34548 0.97963 0.55237 1.02612 1.99873 1.70190 1.40207 1.39409 0.96580 0.81996 1.42249 0.81994 0.70149 1.40749 1.15881 1.23286 1.29661 0.62097 1.23563 1.91412 1.50191 1.43138 1.97624 0.59070 0.60504 1.53804 0.75997 0.61808 1.72369 1.70574 0.68874 1.68322 1.56551 1.13474 1.51941 0.76347 1.29205 0.66134 1.22232 1.61422 0.78049 1.43570 0.89145 0.62456 1.35869 0.77650 1.98743 1.04933 1.08740 1.05775 1.41408 1.42620 1.59783 1.18964 1.10965 1.65630 1.34590 0.69027 0.60719 1.05962 0.63881 1.00889 1.32722 1.27238 1.61395 1.38431 1.45346 0.57068 0.51233 0.92825 1.01386 1.84625 0.57324 1.77513 1.31322 0.68214 0.61799 1.88110 1.88960 1.87299 1.13925 1.53265 1.11793 1.62988 1.66226 0.55919 0.57020 0.84734 1.22983 1.11420 1.88555 1.64467 0.93743 1.87215 1.24122 1.27440 1.93421 1.93787 0.73847 0.50194 1.72587 0.74366 0.76136 0.64679 1.92948 0.81894 1.34921 1.55889 1.20942 1.91639 1.25344 1.65421 0.92898 1.31956 1.75622 1.84782 0.61395 0.84095 1.20494 0.73461
1.02285 0.83105 0.94870 1.67560 1.28140 1.91639 1.95860 1.17696 1.16440 1.15571 1.55938 1.68148 1.65399 1.37436 1.65925 1.42804 1.64666 1.90344 0.51400 1.09848 1.37572 1.66026 0.92936 1.37110 0.65249 1.14073 1.87163 1.59107 0.67804 1.14438 1.36751 0.63413 1.41993 1.89070 0.91773 1.56675 0.69218 0.79577 0.62320 0.65879 1.37941 0.50662 1.09009 1.47394 1.35351 1.96410 1.84705 0.76928 0.66844 0.99176 0.70267 0.92207 1.79961 1.28103 0.55914 1.84245 0.62284 1.58681 1.33549 1.94592 0.80038 1.07472 0.89059 1.41821 0.90279 0.61276 1.45443 1.58716 1.06664 1.52001 1.99051 1.69994 0.76350 1.30495 0.78598 1.95492 1.18053 1.16056 1.61787 0.70686 0.71884 1.61221 1.52993 1.38745 0.65405 1.93040 1.50153 1.64843 0.92548 1.41144 0.77559 1.24844 1.71886 0.52351 0.72123 1.69503 1.75048 0.82408 1.43328 1.46314 1.28161 1.64796 1.37998 1.09032 0.97995 1.41506 1.80285 1.56801 0.79325 0.89073 0.53810 1.71208 0.87754 0.87191 1.35862 1.16682 1.57892 1.90838 1.09482 0.89079 1.69573 1.90697 0.69934 1.28651 1.72730 1.84895 0.64843 1.16270 1.51616 1.29129 1.17760 0.84190
1.85744 0.88072 1.64472 1.53758 1.68874 1.25457 1.62423 0.96384 1.55021 1.45012 1.71343 0.98771 1.14723 1.40241 1.41146 1.01050 1.70029 1.33577 1.97793 1.80095 0.52289 1.62616 1.32259 1.82168 1.51998 0.55334 1.48369 1.75593 1.13685 1.57190 0.75715 0.72236 1.15010 1.52994 1.81760 0.72011 0.60336 0.99573 1.14242 1.15722 1.44487 0.88723 1.23833 0.77632 0.79402 0.71574 1.05601 1.53463 1.35566 1.95053 1.07207 1.48342 0.74020 1.66158 1.58386 1.24906 0.73988 0.60547 0.94922 1.96820 0.72411 1.47491 0.67993 1.24166 1.25813 1.08873 0.62268 1.48649 0.52552 1.44382 1.22595 1.24446 0.65398 1.64392 1.91243 1.70719 0.96650 1.13087 1.46393 1.31220 0.50565 1.75982 1.77747 1.03562 0.63460 0.55567 1.00104 1.50083 1.83973 1.74959 1.28470 0.95100 1.89337 1.10259 1.54603 1.73270 1.14256 1.30240 1.00598 1.91892 0.56599 1.18081 0.76279 1.16868 1.50061 1.99740 0.72478 0.90691 0.86365 1.74724 1.68572 1.71079 1.17336 1.23644 1.93454 1.55992 0.94892 1.80172 1.54874 1.97456 0.87301 0.88935 0.72396 0.91277 1.09304 1.13365 0.52478 1.74841 0.72566 0.70966 1.59289 0.54441 1.65362
0.63073 1.45102 1.25828 1.63161 1.78756 1.61511 1.51531 1.05272 0.68970 1.66916 1.82617 0.64205 1.39542 1.15776 0.68298 0.67171 1.93149 1.60577 1.16539 0.79960 0.83183 1.46626 1.95805 1.28225 0.93174 1.24323 1.13397 1.14564 0.82332 1.76207 0.89621 0.95937 1.51774 1.29674 0.98832 1.68564 0.62152 1.28590 1.81514 1.86991 1.76095 0.55940 1.60744 0.69700 0.65951 0.62212 0.63066 1.52381 0.62709 0.66716 1.17131 0.54642 0.69721 0.92053 1.41840 1.90712 0.99255 1.94956 1.33618 0.63993 1.74496 0.97615 1.87696 1.78064 1.66955 1.74997 0.80649 0.73891 0.57688 1.87236 0.78165 1.12690 1.36894 1.25862 1.03420 1.71917 0.55354 0.65543 1.67597 0.90640 1.36900 1.52163 1.55217 1.49783 0.59656 1.13941 1.93799 1.24667 1.59312 1.24363 1.76593 0.56223 1.77283 0.92077 1.66668 0.63842 0.87485 0.94092 0.72823 0.67292 1.85965 0.94714 1.94727 1.84012 1.66598 0.72246 1.04716 1.97324 1.43044 1.42961 0.60504 1.14935 1.72268 0.50676 1.89031 0.77974 1.80642 1.91479 0.60596 1.54900 1.28711 1.35937 0.62501 0.84461 0.72064 0.66478 0.86528 1.06667 1.56992 1.18059 1.00512 0.53215 0.86580 1.04114
0.85357 0.92051 0.61642 0.61572 0.52134 1.00710 1.65943 1.35694 1.37919 1.27359 0.77046 0.63585 1.24748 0.87017 1.30177 0.68917 1.64152 1.99706 1.96055 0.58428 0.69236 1.93179 1.34835 0.81582 1.07484 0.97822 0.65703 1.37477 0.51255 1.12001 1.78050 0.75050 1.49533 1.98249 0.59119 1.92868 0.75939 1.23442 1.78404 1.67743 0.51900 1.47062 1.27838 0.98659 0.94298 1.18605 1.49275 0.97040 0.92644 0.74494 1.38409 1.87482 0.89749 1.26692 1.79038 1.87628 1.15159 1.11362 1.41919 1.51667 1.52891 1.53057 1.99120 1.21024 1.37826 1.19592 1.03602 1.22693 1.27740 1.58676 1.34624 0.62978 1.58611 1.58158 1.41846 1.44964 0.55408 1.46840 0.55577 1.09195 0.69075 1.37846 0.98217 1.31380 0.69777 1.25577 0.79360 1.72586 0.70428 1.85967 1.95144 0.80699 1.00376 1.78449 0.99532 1.32865 1.74501 0.53497 1.24501 1.78480 1.09315 1.65083 0.95905 1.00753 1.96106 0.95110 0.78349 0.67851 1.23721 0.98879 0.56804 1.25828 1.53804 1.87961 1.71335 1.49188 1.91132 0.85410 1.75952 0.65022 1.24681 1.30165 1.63580 0.54884 1.54615 1.16586 1.41756 1.74511 0.90296 1.99259 1.02697 1.99214 1.86549 0.57108 0.52303
1.40410 0.88045 0.54769 1.04110 1.60329 1.55045 0.79568 1.95582 1.00559 1.71944 1.47202 1.76851 0.69354 1.06914 0.60171 1.28425 1.08240 1.37139 1.95486 0.56652 1.20230 0.61176 1.32004 0.65809 1.42273 0.52112 1.27410 1.85820 1.78281 1.22199 1.65723 1.52620 0.55673 1.71723 0.55594 1.68054 1.98673 1.28948 1.01204 0.71462 0.88917 1.58697 1.16931 0.78465 1.11008 0.51808 0.78673 0.64708 1.48367 0.75149 1.64305 1.32913 1.63149 0.85558 0.53522 1.80345 0.61073 1.59488 1.82156 0.57080 0.88488 1.57444 0.68300 1.65076 1.76171 0.61727 1.40941 1.66480 1.39780 1.60503 0.99636 1.13077 1.46899 1.01869 0.52918 0.71446 1.81333 1.00005 0.83085 0.60843 1.26677 1.99825 1.94226 0.83975 1.38149 0.67288 0.67631 0.90205 1.53286 1.73845 1.89508 1.69871 1.52663 1.93853 0.69882 0.92668 0.64302 1.64618 1.85536 0.53347 1.76200 1.88410 0.90481 1.32083 1.68037 1.13757 1.66870 1.78213 0.60050 1.85801 1.21008 1.29375 1.43311 1.97682 1.29999 1.82844 1.47425 0.65120 1.19663 0.63203 0.76940 1.93370 1.10364 1.54804 0.90029 1.44781 1.68672 1.38160 1.84730 1.30978 1.21347 1.81044 1.18297 0.58348 1.62115 1.96635
1.48129 1.63649 1.08588 1.30966 1.13460 1.97682 0.50233 1.51159 1.17025 0.80331 0.65465 1.49353 1.85174 1.12145 0.60105 1.07786 1.04322 1.78694 1.09271 1.54655 1.76648 1.28635 1.17786 1.28626 1.79260 1.73232 1.33405 1.73536 1.53083 1.02834 0.98736 1.44052 1.44080 1.38684 1.19174 1.95980 1.30493 1.88049 1.64025 1.21167 0.73777 1.56786 1.78403 1.91896 0.73789 0.96081 1.58053 1.47406 1.16042 0.79681 1.80233 0.81555 0.56937 1.97466 0.59230 0.51085 0.79984 1.25696 1.97068 1.65705 0.83050 1.47390 0.73236 0.83520 1.97578 1.04608 0.83778 1.62521 0.50331 1.39593 1.40485 1.33270 0.81858 1.86170 1.49011 1.62046 0.59700 1.46337 0.67987 1.87083 1.95004 1.02595 1.83316 1.76138 0.93828 0.94902 1.45134 1.30010 1.53673 1.23406 1.73156 0.69131 1.92687 1.48699 0.93377 1.69260 1.76498 1.99892 1.56897 0.71934 1.08782 1.39783 1.11941 1.17812 1.01824 1.12110 0.73522 1.74220 0.70529 0.88468 0.94956 1.12609 1.65620 1.67275 1.04503 1.60774 1.65141 0.75161 0.61554 0.70292 0.78850 1.07526 0.79426 0.73946 1.09531 1.98950 0.63054 1.59736 0.58834 1.73673 1.27824 1.23219 1.01977 0.78895 1.03455 0.94477 1.19376
0.62079 1.84646 1.31813 1.45074 1.63040 1.83928 0.63737 1.02872 1.47241 0.68559 1.55054 1.77022 1.18780 1.35738 1.54020 0.93357 1.84912 1.46073 1.13271 0.90029 0.55920 0.66403 1.28649 0.94435 0.78329 1.29272 0.69128 0.71579 1.54779 1.34492 0.55106 1.04573 1.40444 0.90312 0.54580 0.73269 0.83326 0.85999 1.69920 1.78127 0.51669 0.97715 1.07782 1.51176 1.07242 1.43640 0.97567 0.52627 1.38635 1.69980 1.05052 0.97190 1.06472 1.39761 0.96071 1.64574 0.54478 1.54101 1.82677 1.30716 0.90453 1.68096 0.65831 1.20627 0.77474 1.47321 1.96538 1.01603 1.45376 0.73070 1.63579 1.89620 1.68670 1.31079 0.92448 1.16173 1.48738 1.29338 1.82081 1.08840 0.81997 0.95143 0.72296 1.34075 0.74760 0.66046 1.03930 1.07397 1.06570 1.09280 1.59003 1.41547 1.87129 0.53043 1.67465 0.51085 1.59330 0.69799 1.01475 1.55665 1.57451 1.01968 1.38657 0.98957 1.82021 0.57037 0.50353 1.73488 1.79520 1.12015 0.82143 1.44768 1.88446 1.43163 0.64008 1.88522 0.51647 1.11600 1.74402 1.82295 0.87091 1.29350 1.53065 0.67420 0.68168 0.99072 0.70162 1.66401 1.49872 1.18634 1.92614 0.82761 1.70646 0.96613 1.89506 0.50423 1.01007 1.32705
1.07216 1.61589 1.55734 1.30057 1.16906 1.85673 0.98618 0.73212 1.54816 1.80688 0.62201 1.39436 0.92459 1.11196 1.26753 0.94894 1.55123 0.82860 0.87997 0.53165 0.94770 1.52632 1.93900 0.52649 0.99298 1.40295 0.72237 1.22851 0.67299 0.91938 1.49832 1.23928 0.91680 1.43412 1.38624 1.93929 1.34639 1.36776 1.88011 1.40199 1.58969 0.82859 1.51805 1.90963 0.81498 0.63318 1.96987 1.15145 1.91475 0.90662 0.63239 1.80513 1.44683 1.41316 0.64803 1.66062 1.58735 1.06773 1.74104 0.87596 1.29443 1.57671 1.34942 1.90387 0.90425 1.68023 1.46836 1.42553 1.02073 1.24713 0.70440 1.45642 0.94151 1.97632 0.66507 0.83401 1.21663 1.56182 1.85386 0.80899 0.88529 1.32635 0.99918 0.60566 0.99292 1.31446 1.20896 1.10241 1.99258 1.56229 1.76784 1.37274 1.38249 1.64565 1.93209 1.79922 0.64917 0.60035 1.16287 1.09196 1.62741 0.52045 1.09969 1.88483 1.84949 1.97640 1.24846 0.56201 1.29357 1.55168 1.73236 1.95159 1.21266 1.99839 0.85753 0.94948 1.24494 1.34038 0.78786 1.12104 0.72757 1.31634 0.80666 1.61825 1.14839 1.63149 1.00882 1.06884 1.35110 0.87455 1.81483 1.97981 1.66111 1.27961 1.03250 1.78015 1.68138 1.06298 1.30704
1.57569 1.34492 0.85787 1.33296 1.82395 1.92732 1.21330 1.11991 1.24896 1.55744 1.96799 0.80401 1.12878 1.21483 1.06034 1.98450 0.89054 1.10848 1.31022 1.33137 1.63067 1.37217 1.84923 1.76723 1.67721 1.80118 0.88465 1.12853 1.47460 1.18453 0.54845 1.10848 1.62479 1.44424 1.28572 1.20606 0.78273 0.86485 1.88152 1.29825 1.33226 1.39760 0.98220 0.85175 1.77546 1.76810 0.69462 1.71911 1.12793 0.76396 1.80680 0.89816 1.93490 1.51229 1.22555 1.77346 0.91005 0.89629 0.88910 1.84855 1.13958 0.51380 0.82167 1.36791 1.25233 1.47554 1.51627 0.96496 1.29316 0.88423 1.72716 0.61669 1.83124 1.96995 1.87291 1.07857 1.43664 1.10270 0.93083 1.94992 0.92019 1.08237 1.96073 1.03092 0.52742 0.81750 0.82842 1.87350 1.09070 0.99999 0.56106 1.41963 1.58978 1.62094 1.86251 0.93822 1.29341 1.04665 0.86500 1.74639 1.77037 0.79185 1.47513 1.89938 1.07832 1.80809 0.51209 1.07455 1.43819 1.83470 1.99943 1.87621 0.73683 1.79186 1.27135 1.84081 1.44150 0.52804 1.92367 0.83910 1.07739 0.52233 1.55152 1.48866 0.69022 1.85485 1.59775 0.78734 1.96629 0.97641 0.94707 1.71698 0.89494 1.74140 0.50931 0.94541 1.83356 1.82290 1.80625 1.70835
1.84031 1.42916 0.65354 1.91702 1.16621 1.99075 1.38138 1.15374 0.59916 0.88199 1.50282 1.79602 0.52407 1.51156 0.58380 1.77824 1.04962 1.41135 0.77669 0.72187 1.27450 1.25268 1.92058 1.49531 1.55066 0.85496 0.99145 1.29115 1.79169 0.90780 1.40040 0.75796 1.22570 0.51740 0.65623 1.24827 1.44777 1.06862 0.56569 1.56175 0.86435 1.35201 1.89471 1.72575 1.55558 1.47365 0.63090 1.87525 1.85906 0.85711 1.75797 1.06439 0.67275 1.86171 1.95624 0.64819 0.66486 1.19646 1.74179 1.85684 1.29604 1.86256 1.86598 1.78838 1.07176 1.34981 0.83299 1.86162 1.27792 0.80219 1.34013 1.73842 1.60249 0.86099 1.60727 0.64034 1.58420 1.25662 0.71530 1.44984 1.13881 1.80098 1.01150 0.92766 1.45203 1.44028 0.76362 1.80805 1.94089 1.15151 1.20141 0.70386 0.85896 1.96093 1.66363 1.43450 0.75280 0.60783 1.12616 0.62651 1.57505 0.76920 1.00185 0.64520 1.83449 1.53777 0.65373 0.90542 1.86364 1.66797 1.99916 0.57120 1.18892 1.66875 0.80099 1.73934 0.60768 1.98446 1.60213 1.80555 1.94119 1.46819 1.22054 1.46200 0.94922 0.70761 1.00622 1.45809 1.48992 1.58056 0.95029 1.90083 0.51706 1.65099 0.61069 1.79628 1.98610 0.66352 0.75280 1.37388 1.76342
1.90819 1.48417 1.97356 1.36192 1.59760 0.72979 0.89082 1.85444 0.53283 1.43945 0.78404 1.60092 1.11125 1.79341 1.24832 0.67243 1.66434 0.92159 1.23621 0.54308 1.77201 1.65655 1.22652 1.60327 0.85388 1.52389 1.48788 0.53189 1.31811 1.42926 0.73471 1.24509 1.50509 1.70969 0.77622 1.12351 1.15534 1.91817 0.96349 1.78758 1.01546 1.22440 1.25020 1.53512 1.55462 1.22656 1.30577 0.55950 1.53061 1.51841 1.75201 1.25658 1.17829 0.69985 1.84467 1.94426 1.03692 1.08686 1.12422 1.77182 1.73228 0.58632 0.74889 1.91298 1.16221 1.78006 1.81689 1.91240 0.57235 0.68352 1.59244 1.17497 1.09498 1.02542 1.74253 0.85817 1.29668 1.23829 0.79828 1.64405 1.72226 0.88395 1.01518 1.12275 1.60475 1.30463 1.36769 0.69571 0.90660 1.69013 1.84887 1.32295 1.25873 0.56981 1.41811 1.87573 1.90218 0.99775 1.61877 0.72524 0.54133 1.82435 1.90239 1.90043 1.35946 1.72798 0.53449 1.05701 1.99848 1.12717 1.98034 1.05999 0.69540 0.81789 1.99840 1.45861 0.96512 1.99908 0.78024 0.84238 1.19990 0.58852 1.44233 1.43622 1.94586 1.88815 1.68090 1.74369 1.53225 1.07529 1.62789 0.90494 1.89538 0.70287 1.45458 0.66960 0.99031 0.77125 0.97267 1.18897 1.48996 1.17415
1.71670 0.56005 1.75941 1.61095 1.76407 0.78215 1.11892 1.58388 0.64044 1.97646 1.55968 1.76988 1.51013 1.87312 0.90770 1.35490 1.26442 0.97790 1.51657 0.94531 1.74743 0.78135 0.85134 0.67208 0.79123 1.37135 1.53217 0.90049 0.82295 1.24813 1.61882 1.08465 1.89259 1.50933 1.99601 1.81508 1.72898 1.46860 1.84289 0.57749 0.85735 1.40289 1.72878 1.92335 1.49698 1.87124 1.10457 1.41484 1.20735 1.12017 1.72055 0.91187 1.66225 1.71888 1.84439 1.13651 1.84300 1.11648 1.82904 1.84425 1.47344 0.96990 1.22146 1.44102 1.82928 0.66015 1.96139 1.46119 1.55555 0.88714 1.15182 1.19070 1.61367 1.81889 1.76783 1.55330 0.89494 0.94710 1.56635 0.63186 1.98857 0.88301 1.64273 0.66943 1.44473 1.50360 1.84887 0.67308 1.43225 1.96896 0.99622 1.22639 1.93773 1.84218 1.22815 1.07248 1.06635 0.70317 0.51553 1.17374 1.14925 1.30694 0.99029 1.29828 0.91021 1.82476 1.09770 1.64983 1.35799 1.96457 0.93199 1.06237 0.63253 0.71220 0.60136 1.71160 0.53776 0.93719 1.54776 1.41709 1.53855 0.83315 1.44036 1.74153 1.32991 0.75708 0.70552 1.69325 1.15713 1.63736 1.98347 0.81207 0.60991 1.41426 1.61328 0.51568 1.77432 1.74415 0.77950 0.64693 1.46104 1.86772 1.99410
1.03700 1.07762 0.80262 0.71347 1.47754 1.11831 0.68396 1.94933 1.32202 1.39111 1.81324 0.91332 1.99440 1.22685 1.64802 1.57716 1.36028 1.24305 1.00151 0.97868 1.90142 0.74784 1.79686 1.92280 1.38252 1.73172 1.65557 1.61950 1.36127 0.77937 1.96940 1.72962 0.83517 1.73128 1.36592 1.22602 1.80968 0.70451 1.57311 1.40531 1.15244 0.84249 0.60821 0.55018 0.86682 0.95470 1.37397 1.38215 0.75856 1.29722 1.16539 1.82463 1.99649 0.85300 1.97466 1.61862 1.46839 1.38788 1.69037 1.45945 1.57088 1.80355 1.85216 0.70057 1.04607 1.02712 0.51593 0.75264 1.34345 0.64951 1.86694 1.95792 1.77848 0.63519 1.61766 1.11820 1.61240 0.95616 0.73639 1.57532 1.95170 1.59288 1.67477 1.36427 1.09771 1.27092 0.52880 1.35345 0.75965 1.06602 0.60191 1.49095 1.77481 1.42605 0.51181 0.92222 1.69934 1.80635 1.01533 1.47193 0.85590 0.68579 1.03901 1.02319 1.75320 1.13213 1.08958 1.80370 0.92270 1.36508 1.14832 1.36522 0.75666 1.82999 1.24458 1.21819 1.22266 1.30103 1.70830 1.77264 0.94780 0.64330 0.76980 1.28351 1.26552 1.40002 1.00456 1.04760 1.33203 0.76267 0.95724 0.98737 0.74773 0.90900 1.73836 1.61315 0.91113 1.94085 0.71632 1.20123 1.16502 1.96163 1.58318 1.66723
1.36850 0.78124 1.06677 0.79874 1.47606 0.82777 0.96057 1.31023 1.14936 1.10962 0.63653 1.70927 0.73621 1.52265 1.52529 1.24147 1.53615 0.91118 0.90117 1.10897 0.87323 1.11493 1.04284 1.48876 1.88915 1.44146 1.95279 1.54267 1.00373 1.07681 0.93391 1.89759 0.58982 1.18214 1.23330 1.89579 1.99224 0.79279 1.10765 1.69570 1.03099 0.99260 1.43522 0.52282 1.02584 1.39364 0.57000 1.55247 0.62089 1.47398 0.86697 1.19971 1.91795 1.83985 0.62763 1.36925 1.59923 0.91303 1.52679 0.81406 1.97801 0.57294 1.17940 1.80553 1.85910 1.10317 1.99966 1.85328 1.32391 0.57933 1.43868 1.06653 1.90984 0.51315 1.82664 1.14632 1.14256 1.61157 0.96147 1.98600 0.53153 1.54285 0.61074 1.93601 1.56372 0.69843 0.91857 0.62946 0.63723 1.48105 1.11640 0.94421 1.96370 1.12855 1.12109 1.61592 1.75533 0.83925 1.01212 1.66290 1.69126 1.19383 1.05051 1.02523 1.76066 1.84707 1.80642 1.81095 1.82462 1.23331 0.88096 1.56127 1.10521 1.75520 0.65231 1.60376 0.52014 1.90139 1.13944 1.79637 1.44157 0.63720 1.40071 1.07647 1.75939 1.32365 1.48138 0.65178 1.52448 0.53414 0.97481 1.73051 1.65230 1.96134 1.51968 0.86288 0.83517 1.51204 0.86548 1.73173 0.94719 1.81021 1.07595 1.91138 1.01030
1.94326 0.88777 1.85998 0.52888 0.92745 0.55985 1.60330 1.13068 1.55842 0.69452 0.68522 1.55316 1.21199 1.35415 1.96237 1.10014 1.03919 1.50695 1.40334 1.79208 1.41925 1.22790 1.09967 1.66729 1.13056 0.91668 1.48591 1.22607 1.18041 1.92212 0.96080 1.48871 0.50516 0.80548 1.73038 0.99644 0.78717 1.67723 0.57804 1.57131 1.34121 0.64039 1.13182 0.57263 1.99850 1.21473 1.21896 0.59613 1.38451 1.16545 1.21991 0.58567 1.99170 1.23256 1.60168 1.09286 1.05972 1.36437 1.96380 1.48828 0.51923 0.65439 1.72984 1.78844 0.55810 1.08824 1.82841 0.78344 0.51025 1.75041 0.84672 0.54438 0.71542 0.70574 1.46675 1.47705 0.76344 1.92765 1.63730 0.51812 1.58628 1.29966 1.92130 1.45567 1.60046 0.82031 1.95522 1.53684 1.57877 1.88015 1.42893 1.14387 1.01592 0.74146 0.75495 1.46734 1.73359 0.50248 1.96306 1.25735 1.78321 1.47605 0.65547 1.02962 1.62421 0.72061 1.80843 0.57197 1.54708 0.58507 1.29528 1.81485 0.80998 0.89776 0.83749 0.76964 0.98124 1.50168 1.82625 1.25527 1.07643 1.60537 1.80362 1.06818 0.58144 1.23891 1.51174 0.84392 1.22421 0.50186 0.63434 0.68604 1.95104 1.62220 1.51831 1.92119 1.32705 1.50351 0.92117 1.59168 0.76922 1.09981 1.60882 0.77383 0.82556 1.84783
1.53311 1.75174 1.37195 1.26443 1.26800 0.79316 1.90381 1.59509 1.06450 1.25581 1.54896 1.36901 1.60444 1.01787 0.66137 0.98847 1.09178 1.54331 0.56250 1.56770 0.50347 1.12239 0.80311 0.60288 0.94230 1.32338 1.38852 0.58125 1.34771 1.57634 1.16750 0.74245 0.92135 1.88755 1.99672 0.76565 0.69273 1.06890 0.93560 0.51012 1.89546 1.97268 0.86334 1.86386 1.82516 0.98558 1.98881 0.75736 0.87616 1.62240 0.94264 0.81358 0.70414 1.28993 1.90871 1.21357 1.68685 0.65911 1.39974 1.18810 0.79320 1.19727 1.18334 0.72938 1.32300 1.16851 0.80968 1.52104 0.78437 1.83231 1.15145 0.75406 1.18640 0.62929 1.62435 1.77351 0.92167 1.73382 1.98538 0.74230 1.60364 1.39241 1.39596 1.62854 1.46402 1.79499 1.58763 1.22223 1.14637 1.32928 1.72126 0.63826 0.61567 1.23951 1.68366 1.31497 0.88185 1.69630 1.94172 1.56206 1.58891 1.63239 1.20925 1.71263 0.61588 1.52186 1.07489 1.83086 1.90305 0.62972 1.39675 1.31193 1.75151 1.28647 0.83374 1.98584 1.86066 1.57495 1.35191 0.85298 1.08329 0.66769 0.55141 1.00964 1.94865 1.27118 1.92239 1.28092 0.81570 1.20592 0.83004 1.96729 1.77845 0.51263 1.63528 1.46146 1.72649 1.36229 0.58871 1.94207 1.37385 1.05548 0.68794 0.60798 1.09913 1.48626 1.81480
1.67629 1.95847 0.79412 1.07901 0.87525 1.42152 0.87480 1.89420 1.96794 1.16919 0.65666 1.24883 0.69042 1.69638 0.51667 0.86387 1.70766 1.45205 1.78055 1.36769 1.82174 1.48138 1.32952 1.37550 1.07153 1.58210 0.54571 1.67761 0.93048 1.14211 1.60151 1.55057 1.21716 0.54965 0.50999 0.92422 1.23800 1.30275 1.93958 1.59646 0.65278 0.92361 1.55104 1.77733 0.87800 1.83149 0.65996 1.46167 1.87141 0.69171 0.86591 1.39581 1.86458 1.52705 1.99426 1.00976 1.18235 1.33357 1.82525 0.98280 1.21285 1.60533 0.97950 1.79305 1.12412 1.08880 1.50995 1.87993 1.08017 1.80345 0.70392 0.50327 1.37823 0.89903 1.87621 1.25439 1.09312 1.07883 1.55900 1.38541 1.83420 1.31010 1.31292 0.97070 0.58509 1.57132 0.75187 1.38162 1.74207 0.89869 0.95374 1.69616 1.04494 0.93846 1.59916 1.15993 1.57595 0.53797 1.17820 0.90178 1.51995 0.60675 1.29912 1.88873 1.89529 1.59671 1.88252 1.03668 1.37353 1.06750 0.73795 1.33490 1.21055 1.76547 0.90507 1.86037 1.13085 1.22416 1.74251 1.03584 1.23504 1.35087 1.40055 0.92431 1.40879 1.73815 1.05364 1.49485 0.94095 1.95748 1.48723 1.53199 1.31278 1.33670 1.28666 1.08925 1.96056 1.87714 0.90986 0.55318 0.99991 1.32478 1.13809 0.97640 1.69210 0.80309 0.65288 0.81219
0.80765 1.91302 1.61992 1.96631 0.77883 1.25985 1.05712 1.27843 1.04197 0.72512 1.24879 1.15597 0.87181 1.86683 1.96151 1.78504 0.75410 0.61038 1.62115 1.71459 0.91542 1.41792 1.80605 1.87336 0.63619 1.56241 0.62855 1.41596 1.57649 0.91083 1.13659 1.26171 1.48536 0.93083 1.01620 0.72390 0.70295 1.67506 1.07210 1.92211 0.93017 0.62879 0.93212 0.81935 0.70116 1.47503 1.22975 1.92634 1.62408 1.02115 1.95921 1.42963 1.61426 1.37216 0.62592 0.77988 0.50689 1.65163 0.64308 0.63648 1.08580 1.53457 1.74860 1.87101 0.53116 0.87348 1.83948 1.22828 1.12029 1.26849 1.12530 1.76752 1.45325 0.78786 1.16745 0.64657 0.70966 0.79601 0.79237 0.54719 0.80600 0.97869 1.07104 0.78717 0.73392 0.59986 1.13895 1.08479 1.48012 1.79210 1.23744 0.79201 1.62835 1.81999 1.76709 0.81248 1.13058 1.32310 1.04657 1.14353 1.67100 0.69228 1.53634 1.56705 1.18273 1.42548 1.65605 0.71303 0.51287 1.92714 1.31496 1.64870 0.82151 1.37699 1.40588 1.25149 1.88494 1.26505 1.71213 1.62606 1.05798 1.41434 1.74110 1.27858 1.99196 1.39803 1.39955 0.56429 1.24792 1.37880 0.66024 1.50627 1.67136 1.71544 1.68837 0.95512 1.37223 0.64907 1.56778 1.69689 1.76938 1.29237 1.65749 1.39172 0.66425 0.68893 0.76136 1.22047 0.87460
1.51977 1.29757 0.70388 1.31130 0.50307 1.00569 1.63103 1.81861 1.87760 1.93520 0.70779 1.17975 1.35637 1.23757 1.87086 1.88954 0.64045 0.54996 0.73599 1.60273 0.59898 0.80930 1.26135 0.57415 1.37579 1.42899 1.85613 1.67168 1.83636 1.64168 0.60591 0.88751 0.98524 1.90621 1.21432 0.73780 0.56586 1.39328 0.75279 1.52435 1.32414 0.76248 0.86963 0.71577 0.87632 1.77699 1.71539 0.62269 1.01108 1.75769 1.84519 0.65692 0.89121 1.07119 1.94059 1.88297 1.04772 1.70902 1.46660 1.98026 1.56199 0.58741 1.50493 0.69480 0.80819 1.53410 1.87305 1.40619 1.88897 1.29219 0.73335 1.52695 0.94495 0.88316 1.13037 0.94428 0.90974 1.33286 0.84215 0.91639 0.58161 0.66365 0.72034 1.03721 0.89633 0.87403 1.72377 1.72516 1.89746 1.44445 0.99295 0.78945 1.31500 1.77279 1.58877 1.81611 1.58877 1.90432 1.70224 0.71118 0.62996 1.17675 0.87008 1.78015 1.91549 0.58291 0.67774 0.89859 1.96838 1.96468 1.39411 0.66415 0.72368 1.16802 1.17098 0.98861 0.71811 1.41895 1.57257 1.65592 0.75054 1.33014 1.62481 1.62201 1.16900 1.87173 1.40637 0.91352 1.78362 0.97732 1.43410 0.91312 0.59331 1.39445 1.64763 1.48800 1.27558 0.96667 1.32657 1.64593 1.41636 1.03924 1.00970 1.98963 0.91039 0.90172 1.58948 1.64754 1.46238 1.85672

Best known: 2727.77
