101 101 1297
0 0.0 0.0
94 -7.0 9.0
12 -7.0 8.0
17 -15.0 16.0
619 -2.0 13.0
61 0.0 3.0
3 -9.0 6.0
4 2.0 5.0
13 -13.0 9.0
44 -15.0 10.0
12 -14.0 2.0
35 1.0 0.0
114 -40.0 24.0
29 -54.0 -15.0
76 -43.0 10.0
106 -73.0 -2.0
157 -76.0 4.0
43 -45.0 31.0
4 -29.0 36.0
38 -78.0 11.0
212 -31.0 25.0
42 -67.0 17.0
10 -31.0 4.0
19 -51.0 10.0
856 -30.0 -9.0
13 -51.0 24.0
67 -80.0 -10.0
144 -34.0 4.0
310 -45.0 25.0
85 73.0 32.0
1061 78.0 59.0
344 58.0 53.0
22 57.0 55.0
15 20.0 85.0
219 -12.0 81.0
44 -8.0 86.0
370 12.0 33.0
74 19.0 86.0
82 -11.0 44.0
3 -2.0 67.0
39 25.0 76.0
54 -29.0 44.0
22 4.0 80.0
171 -2.0 84.0
65 -8.0 54.0
405 -16.0 34.0
19 -14.0 80.0
7 -17.0 32.0
586 19.0 39.0
15 -20.0 82.0
149 17.0 42.0
141 -4.0 5.0
9 -20.0 25.0
261 -12.0 14.0
4 -11.0 11.0
5 -12.0 4.0
21 -1.0 21.0
25 -1.0 1.0
86 -9.0 21.0
86 9.0 3.0
124 5.0 14.0
123 -9.0 27.0
11 -20.0 11.0
41 0.0 30.0
279 -12.0 15.0
149 -3.0 17.0
9 -58.0 -60.0
65 -71.0 -58.0
155 -32.0 -34.0
6 -59.0 -37.0
83 -48.0 -19.0
11 -71.0 -49.0
735 22.0 -4.0
4 13.0 -10.0
56 22.0 -17.0
26 13.0 12.0
5 3.0 -5.0
34 27.0 -4.0
13 2.0 -3.0
1017 -2.0 -22.0
85 30.0 1.0
10 22.0 -6.0
7 -27.0 62.0
6 -20.0 64.0
524 -26.0 69.0
16 -20.0 66.0
15 -29.0 67.0
117 -84.0 -10.0
48 -69.0 -22.0
43 -79.0 -4.0
64 -84.0 -19.0
30 -63.0 -12.0
3 -76.0 -14.0
21 -70.0 -4.0
514 30.0 39.0
625 23.0 39.0
7 30.0 48.0
257 36.0 21.0
603 32.0 16.0
4 42.0 30.0
4 62.0 16.0

1.57683
1.14221 1.60739
1.58816 1.95061 0.97628
1.59369 1.94946 0.63844 0.85165
0.80206 1.86054 1.72527 0.58880 1.16091
0.86844 1.41496 0.93678 1.22696 0.53452 1.68835
1.46591 0.52545 1.06453 1.48413 1.78116 1.52184 0.75326
0.88600 1.48765 1.13542 1.89129 1.08988 1.54244 1.25285 1.75348
1.81144 1.04579 1.52063 1.77203 0.57307 1.43665 1.85604 1.85198 1.54007
1.24074 1.72838 1.28270 1.24906 0.75857 0.53124 1.56455 0.94454 1.03273 1.24064
1.38011 0.62461 1.97503 1.98669 0.92040 0.56489 0.91260 1.42093 1.72399 1.91573 1.05163
0.67866 0.70615 1.60066 1.64281 1.85050 1.09241 1.49840 1.84570 1.48888 1.72298 0.63819 1.97913
1.45827 1.82123 1.26588 0.82821 1.43481 1.39237 1.46976 1.51814 1.88369 1.53378 1.30988 0.98109 1.47646
1.49086 1.90384 1.59957 0.61476 1.71431 1.03057 0.66849 0.70106 1.98064 0.88389 0.61343 1.22029 1.85255 1.79640
0.91696 1.24170 1.00628 1.74841 1.23580 1.54140 1.85740 0.74676 1.03327 1.60815 0.52863 1.99806 1.63864 1.73177 1.45324
1.76572 1.04252 1.89535 1.92483 0.62911 1.89282 1.94263 1.22493 1.19224 1.14870 0.60408 0.55067 1.10097 0.63307 1.67565 1.88314
1.47944 1.33104 0.51361 1.92243 0.62925 0.53177 1.70463 1.67240 1.24924 1.00928 1.79315 0.77815 1.08988 0.66360 1.41929 1.72820 1.39700
1.81222 1.28389 0.76626 0.56398 1.23628 1.44549 1.27661 0.62784 1.19525 1.49890 1.23626 1.07347 0.69065 0.92238 0.60103 1.55519 0.53701 0.72194
1.41140 1.81939 1.12636 1.17055 1.95696 1.64079 1.42924 0.55900 1.93970 0.76285 1.76500 1.54767 1.01101 0.66237 0.68823 0.85412 1.29936 1.18928 1.34154
1.68987 1.46574 1.80341 1.97125 1.93167 1.47287 1.75250 1.44943 1.47125 0.59209 1.86241 1.26437 0.94714 1.19377 0.70904 1.80966 1.83660 1.70640 1.64636 0.68006
1.88866 0.65440 1.82964 1.36273 1.90944 1.21958 0.93770 0.57770 0.94366 1.21278 1.30052 1.98295 1.42832 1.48610 1.67972 1.43541 0.90960 0.96169 0.92943 1.87540 1.58140
1.72837 1.88931 1.85540 1.48747 1.65493 1.77809 0.97637 1.54664 1.85085 1.34549 0.52707 1.33468 1.38546 1.40426 1.29357 1.86326 1.61423 1.36200 1.58179 1.99491 1.23599 1.32583
1.40884 1.59860 1.27244 1.63736 1.96176 1.74877 1.06817 0.95769 1.55681 0.91788 1.79067 1.61917 0.80931 0.53928 1.68642 1.48656 1.00049 1.55509 1.83423 1.47624 0.90616 0.87916 1.78088
1.63373 0.85451 1.24983 0.69013 1.45532 1.63453 1.05418 1.25151 1.50839 1.04935 1.23697 1.11045 1.74605 1.30679 0.65058 0.60334 1.94564 0.99686 1.80655 1.46538 0.70129 0.69142 0.53182 1.07790
1.16727 1.71590 1.86202 1.12756 0.63203 0.54808 1.61570 0.85975 1.55249 1.17802 0.62883 1.35456 0.93441 0.79918 0.84048 0.50990 0.97129 1.61079 1.33089 0.78266 0.95154 0.74087 0.54202 1.97079 1.11888
0.80074 1.56991 1.57477 1.03206 0.63056 1.01828 1.89616 1.64001 1.98609 0.54984 1.63204 0.61023 1.59027 1.48209 1.48447 1.33440 1.29270 1.36254 1.32825 1.78542 1.96695 0.92069 1.98940 1.51785 0.61379 0.61693
1.09258 0.80255 1.92429 1.56847 0.93768 0.89183 0.72437 0.67480 0.74180 1.99835 1.47451 0.80418 1.18973 0.84198 0.51330 0.51564 0.92536 1.96907 0.99307 0.59959 0.73379 0.60811 1.82182 1.08008 1.87293 1.96432 1.61131
1.56992 1.64586 1.37360 0.93625 1.44197 1.37349 0.73374 0.97951 1.46282 0.92290 0.80951 0.56386 1.83174 1.88198 1.17354 1.52038 1.55607 0.59398 0.61145 1.79622 0.88818 0.92676 0.87978 1.79361 1.99232 1.03236 1.45938 1.72843
1.26451 0.58596 1.17840 1.67241 1.33508 0.68431 1.23776 1.17404 1.94066 1.43496 1.60500 0.92113 0.78877 0.51719 1.01155 1.99359 0.66926 1.50393 0.80912 1.91076 1.72717 1.94979 1.47604 1.96528 1.89948 1.35073 1.77719 1.93322 0.66365
1.98559 1.24904 1.68762 0.68702 1.37729 1.72292 1.47322 1.35334 0.61015 1.82764 0.58371 1.39273 1.61973 1.70547 0.70473 1.64127 0.50625 1.26133 0.79365 1.18897 0.97357 1.11365 0.77724 0.69410 1.48179 1.88454 0.51549 1.45072 1.24815 1.29218
1.29592 1.15576 1.98994 1.24625 1.54530 0.80649 0.82027 1.05020 1.45649 1.35749 1.99430 1.00278 1.80880 1.90700 1.32809 0.51354 0.69014 1.93764 1.29636 1.61157 1.49037 1.82805 0.69982 0.55951 1.48241 1.34014 1.95544 0.75619 0.51102 0.60309 1.65489
1.59772 1.80770 0.95936 1.20965 0.90858 0.81324 1.80412 0.75407 0.61862 1.39576 1.96675 1.03107 1.76314 1.62928 0.93298 1.13047 1.46067 1.43634 1.12760 1.28913 1.95939 0.56534 0.90891 0.51319 1.48621 0.92833 1.35793 0.52383 1.48430 1.58115 0.89829 1.95587
1.52819 0.82814 0.57020 1.30374 0.68211 0.70980 1.66845 1.67075 1.63769 1.16223 0.81869 1.81693 1.25548 0.57403 1.49358 1.25293 1.61911 1.31894 0.68072 1.33725 1.95388 0.59120 1.11063 0.55753 1.90537 1.35794 1.05540 1.26452 0.80549 1.32860 1.73638 0.74552 0.55661
1.98148 1.59084 0.76832 0.55872 1.45078 0.97289 1.77161 1.85829 1.15574 1.27303 1.96085 1.70934 1.23074 1.06241 1.72273 1.17859 0.50578 1.81482 0.66015 1.92325 1.59908 0.79411 1.19649 1.26230 1.78546 1.96233 1.70049 0.54358 1.03564 1.03646 1.09307 1.64458 1.17701 1.27921
0.77841 0.92877 0.63917 1.83934 0.78779 1.14555 0.78119 1.60191 1.56141 1.59854 0.76574 0.81220 1.86400 1.07434 1.39381 1.11189 0.76890 1.38282 0.97542 0.68099 0.99390 1.72857 1.99620 1.00834 0.71191 0.82476 1.34861 1.77968 1.30645 1.25560 0.93935 1.74781 1.67836 1.07987 1.50721
1.02592 0.59318 0.64896 0.74533 1.47194 1.33538 0.59054 1.77063 1.90128 0.63679 0.95189 1.29189 0.70516 1.43281 0.86664 1.26758 0.65390 1.72801 0.58810 0.87132 1.27688 0.85999 1.98492 1.40459 1.30284 0.70440 0.92868 1.58397 1.02178 1.47949 0.74423 1.06700 0.64057 1.74739 0.62428 1.56148
0.96727 1.27948 1.37318 1.10719 1.46839 0.95455 1.04774 0.87892 1.63887 1.11214 0.72527 1.15435 1.44042 1.53746 1.66770 0.70674 1.60307 0.77291 0.86365 0.75541 1.74679 1.17109 0.53693 1.88859 1.90236 1.73423 1.80829 1.88839 1.09120 1.08298 0.61202 0.86196 0.51561 1.83062 1.78887 0.69720 1.79533
1.17970 0.90126 0.51414 1.82595 0.87855 0.74287 1.92783 1.43029 1.72131 1.51305 1.12560 1.47276 1.61619 0.97746 1.31466 1.44905 1.78392 1.41090 1.40157 1.62410 1.90546 1.72806 1.79695 1.99514 0.74319 0.76183 0.68391 1.03369 1.56166 0.55033 0.69983 1.32611 0.68308 0.71311 0.84494 0.95544 0.53251 1.50790
1.90921 0.83326 1.76707 1.66381 0.55298 1.97981 1.15474 0.57621 1.13214 1.74666 0.60944 0.51467 1.91940 1.41300 0.61394 1.06672 1.93928 1.84627 1.57835 0.97566 1.67520 1.71470 0.97547 1.54100 0.83752 0.63217 1.68587 1.87623 1.45972 0.97988 0.60371 1.77766 1.35710 1.75077 0.63027 1.62681 1.79388 1.44300 0.90953
0.64237 1.62652 1.44887 1.64627 1.06913 0.96732 0.73247 0.89584 1.23773 0.67286 1.01407 1.76514 1.10976 1.79314 1.62088 1.10989 1.41018 1.49346 1.10270 1.02769 1.66766 0.75328 1.66660 1.13851 1.22529 1.62686 0.87134 0.65526 1.29166 1.67121 1.89316 1.90027 0.70650 1.44289 1.81836 1.09394 0.96258 1.17387 0.54573 1.91575
1.76863 1.32389 0.50720 1.94821 1.18358 1.19940 1.07723 0.65133 1.95940 0.70319 1.16290 0.89413 0.95030 1.91413 1.62208 0.58010 0.67742 0.89926 1.11590 1.34691 1.88496 0.70287 1.29762 0.52203 1.92278 0.92471 1.15762 0.77801 1.18033 0.65987 1.02446 1.51012 0.58281 1.76605 1.99114 0.75258 0.82157 1.64292 1.31902 1.54949 1.12961
0.71073 1.45548 1.70310 1.07357 1.13218 1.28807 0.55488 1.08594 1.65765 1.17512 1.71889 1.30601 1.12762 1.70673 0.58208 1.04397 0.60576 0.73093 1.82635 1.00639 1.68899 1.28649 1.63055 0.91373 1.20296 1.78226 1.08041 1.89541 1.61261 1.72172 1.10817 1.56940 0.96240 0.68547 1.47772 0.86463 0.73803 1.97949 1.83179 0.62437 0.80715 0.80730
1.26419 1.01930 1.05906 1.49574 1.41954 1.89362 0.58621 1.50447 0.93871 0.66397 1.60632 0.91465 1.77109 0.52371 1.86493 0.62213 0.63923 0.58444 1.96772 0.80358 1.52441 1.14843 0.85681 0.90802 1.03158 1.73568 1.07686 0.74565 1.25226 0.53946 0.76267 0.54981 0.69648 1.56700 1.77207 1.88206 0.77102 0.70031 0.67137 0.88803 1.23261 1.57402 1.65576
0.58958 0.99920 1.93032 1.94559 1.51667 1.21487 1.73005 1.66813 1.44488 1.31535 1.13618 1.42193 1.16029 0.54124 1.57329 1.34496 0.64218 1.64661 1.62467 1.65978 0.99314 0.85305 0.80822 1.84810 1.07112 1.47449 0.54442 1.70812 0.91965 1.44209 0.94378 1.81762 1.99102 1.25086 1.87593 1.98168 1.17395 0.78503 1.34101 1.96954 1.74664 1.94043 0.82311 0.99344
0.85356 0.70352 1.70094 0.84179 1.05568 1.38017 1.02765 1.34667 1.09620 1.64804 1.22741 1.35718 1.46086 1.93137 1.39556 1.30972 1.17750 1.13719 1.70907 0.97783 1.33342 1.46509 1.82850 1.58997 1.89750 1.60659 1.36652 0.82697 1.72697 1.72554 1.38258 1.42157 1.46322 1.27129 0.95055 1.37045 1.88955 0.68790 0.99452 1.09679 0.77665 1.75425 1.93457 1.85302 0.57021
1.03876 0.88055 1.02845 1.38197 0.83384 1.44293 1.05260 0.68262 0.97038 1.69312 1.20825 1.71424 0.95770 1.43701 0.86264 0.57638 1.25184 1.99242 1.98770 1.52809 1.67817 1.75825 1.05996 0.69813 1.06514 0.75447 1.98043 1.75368 1.53751 1.51913 0.64561 1.37167 1.11848 1.78055 1.92494 1.53607 0.86267 1.15914 0.88349 0.50756 0.90790 1.56793 0.91630 1.92879 1.94070 1.87997
0.62231 0.69011 1.21804 1.91076 1.84932 0.64500 0.92252 0.81700 1.45083 1.88657 0.76599 1.81076 1.35192 0.51215 1.37854 1.39264 1.78271 1.63076 0.74486 1.42412 1.92571 1.82767 1.69443 0.58720 1.32054 0.55573 1.75890 0.97096 1.31441 0.85717 1.86102 1.64637 1.64624 1.07336 1.92270 1.85259 1.71255 1.32616 0.58944 1.09750 0.80660 0.61652 1.19245 0.57505 1.84793 1.76536 1.89614
1.32819 1.18931 0.80423 0.57268 0.52310 0.87393 1.32465 0.99216 1.78390 1.40796 0.71052 1.81739 1.46098 0.74428 1.88870 1.84748 1.90925 1.81757 0.65513 1.73803 1.75521 1.81941 1.94797 1.23738 0.74138 0.64193 0.94669 1.86210 0.73306 0.62351 1.51072 0.97002 1.30276 1.37326 1.13024 1.37733 0.70742 0.86135 0.96821 0.96436 1.03752 0.87554 1.99135 1.69268 1.09829 1.43011 1.17369 0.88096
0.67011 1.96373 0.75424 1.19781 1.37731 1.30927 1.89966 1.41177 0.96226 0.56436 1.76710 1.78292 1.58015 1.05526 1.50292 1.98633 0.77986 0.55024 1.97198 1.34865 1.22562 0.97808 0.97903 1.18056 0.92202 0.50088 1.04251 1.39656 1.52610 1.50071 1.82560 1.58907 1.95379 0.93067 1.53953 1.76735 0.70035 1.75928 0.54119 1.25694 1.38218 1.67298 1.13340 0.94385 1.09863 1.58478 0.55530 1.31571 1.27425
1.93891 1.26167 1.86562 1.51614 1.02951 1.44258 0.96103 1.42212 0.69322 1.36854 1.50233 1.73639 1.66904 1.95541 0.63592 1.65298 1.49273 1.56252 1.37800 1.68410 1.19672 1.72632 1.82203 1.53621 1.87896 1.62733 1.66389 0.88951 1.44022 1.47485 1.96239 0.81665 1.97956 1.95817 1.54722 1.09277 1.83223 1.62518 0.50359 0.55926 1.87576 0.54811 1.37130 1.76648 0.81753 0.51919 0.89903 1.23640 1.62345 1.99279
0.72143 1.11774 1.20681 1.22645 1.63253 1.20519 0.98646 0.94041 0.59266 0.92175 1.10859 0.68171 0.80361 0.62600 1.57361 0.60668 1.78841 1.20417 1.60535 1.06290 1.81109 0.85902 0.53577 0.86464 1.39192 1.83535 1.14032 1.38777 1.29052 0.75293 1.24973 1.29589 0.62549 1.69936 1.88356 1.57023 0.97976 1.96079 1.91693 1.55494 0.86112 1.64093 0.59631 0.55678 0.94960 0.59728 1.15285 1.64166 1.14351 1.10014 1.06521
1.80490 1.39692 1.48217 0.95815 1.18640 0.99674 1.08235 1.53314 1.75135 0.93085 1.67584 1.58130 1.89004 1.73494 1.34383 1.48556 1.41830 0.52999 0.60207 0.88665 1.09798 0.56830 1.86966 1.96708 0.61180 1.35874 1.72330 1.95066 1.47288 1.08552 0.60293 0.97484 1.26300 1.54663 0.75220 1.19581 0.54843 0.68399 1.32873 1.53849 1.39462 1.54229 0.91316 1.30683 0.84687 1.56201 1.14013 0.59761 1.02720 0.95593 1.48613 1.67716
1.38919 1.93978 1.63801 1.67081 0.56987 1.54905 1.19122 0.77602 0.62736 1.50835 1.86914 1.48140 1.88369 0.68401 1.62597 0.77857 0.52308 1.26793 1.28931 0.83257 1.97736 1.91719 0.76287 0.91979 1.10499 1.32623 1.80699 1.05278 1.04602 1.84479 0.66443 1.66588 1.03960 1.26565 1.12178 0.69408 0.76731 1.35739 1.82641 0.58402 0.66739 0.76225 1.30442 1.24737 1.75001 1.98210 1.21182 1.06407 0.95778 1.57231 1.46419 1.97367 0.87998
1.27086 0.53809 1.02554 0.93581 1.90480 1.99115 0.53808 1.83245 1.50136 0.92649 0.76123 1.79073 1.43981 1.33414 1.10804 1.98990 1.81601 1.78889 1.52334 1.46184 0.98193 1.41811 1.71578 1.20270 1.22161 1.23334 1.38411 1.76547 1.29273 0.88418 0.72594 0.53332 1.82917 1.68077 1.03687 0.83775 0.58803 1.30077 1.49586 1.76147 0.50267 1.12971 1.57318 0.57722 0.56835 1.66924 0.99549 1.96797 1.90593 0.61098 1.01235 0.60438 1.84365 1.99984
1.38228 0.89396 1.33163 1.37161 0.99073 1.36323 1.58860 1.03492 0.79072 1.44319 1.49549 1.23080 0.87050 1.41923 1.68541 1.87087 0.81814 0.63813 0.59018 1.48965 0.98872 1.02142 1.27278 1.17358 1.14400 1.54702 1.49439 0.55833 1.80683 0.97049 1.93987 1.04590 1.75803 0.65712 0.66670 1.09573 1.83248 1.65159 0.58153 1.47340 1.80169 1.32084 1.08893 1.38980 1.87434 0.60556 0.88631 1.33125 0.97170 0.67649 1.69734 1.61610 1.18636 1.35210 0.53552
1.59910 1.57035 0.67322 1.91626 0.51152 1.44765 1.80916 1.61308 0.77740 1.37357 1.82824 1.04482 0.69584 1.25720 1.93434 1.85185 1.48049 1.70547 1.96586 0.75509 1.63270 0.61447 0.75530 1.50411 1.06066 0.86883 0.97498 1.53387 1.42249 1.10372 0.54861 0.55871 1.46716 1.37870 1.91138 1.14545 0.61259 1.43832 1.73862 1.80087 1.76404 1.74773 1.45812 1.34547 0.81876 0.74276 1.21157 0.61293 1.21245 0.84512 1.66416 1.37398 1.22797 0.87819 1.83369 1.88099
1.64730 0.66470 1.00093 1.23881 1.47917 0.87434 1.93990 1.73132 0.71039 1.46821 1.63902 1.40168 1.52026 1.99636 0.98621 1.46096 0.85375 1.83677 0.77573 0.71364 1.09197 1.32557 1.88314 0.89291 1.89692 1.15390 1.89358 1.45891 1.00521 0.84115 1.32753 1.22481 1.24780 1.52778 0.73794 1.90438 1.29727 0.82145 1.71443 1.00078 1.73431 0.53515 0.59189 1.13399 0.64564 1.16392 1.72809 1.11178 1.19977 0.80298 0.89743 1.71086 1.47600 0.67706 1.12270 1.24041 0.74637
0.73377 0.92303 0.94183 1.08245 1.20914 1.49070 1.27103 0.57654 1.37495 0.91270 0.81242 0.62890 1.09343 1.58195 1.66722 1.87187 1.32355 0.69263 1.45830 1.46588 0.78079 1.73609 1.10622 1.48935 0.53940 1.99710 0.86460 1.52885 1.04066 1.49599 0.81811 1.58187 1.39503 1.53910 1.35136 1.41609 1.86437 0.57242 1.68445 1.75057 1.50235 1.19072 1.73438 1.56436 0.71541 0.60514 0.74489 1.14661 1.50615 1.31216 1.90265 0.57284 1.79322 0.73814 1.99832 1.87590 1.72946 0.91885
1.87060 1.52527 1.81626 1.40571 0.58914 0.52056 0.80664 1.38256 1.22076 1.41794 0.71958 0.61433 1.03605 0.57336 1.60197 1.00088 1.14496 1.59998 1.93968 1.05989 0.78915 1.47207 1.12485 1.19562 0.63398 1.81955 0.70593 1.69032 1.30969 0.75523 1.64050 1.64296 1.34468 0.62232 1.10522 1.22078 1.13254 0.60530 1.51135 1.94582 1.71497 0.62845 0.74485 1.71479 1.75157 1.12082 1.49682 0.58845 1.10802 0.96693 1.81812 0.54235 1.70494 0.81198 1.40843 0.68011 1.39215 1.35224 1.03496
0.87072 1.76470 1.81725 1.69801 1.43327 1.05089 1.71987 0.72217 0.83650 1.74728 1.35096 0.92210 0.89833 1.01544 1.71850 0.79962 0.86872 0.66691 0.82503 0.88677 1.85376 1.48135 1.49585 1.23213 0.57472 1.80386 1.27146 0.58861 1.04656 0.87415 1.53732 0.95728 0.65149 1.02173 1.22487 1.30089 0.86182 0.91797 0.76391 1.81703 0.64781 1.81673 0.83340 1.79445 0.92091 1.44758 1.95769 0.69018 1.30774 1.77225 1.05875 1.79346 0.95724 0.98269 0.92060 1.83502 1.16359 1.32806 1.20885 1.90654
1.52206 0.78924 1.01571 1.01934 1.26157 1.33881 1.34882 1.55217 1.49370 1.15026 1.17926 1.67375 1.36182 1.17435 1.99835 1.20333 0.56441 0.88009 1.86190 1.90712 1.69245 0.53751 1.97285 1.14015 0.70071 1.03022 1.33181 1.55048 1.23954 1.40511 1.73555 1.02353 1.39384 1.19594 0.99805 1.02702 1.80002 1.38917 0.90784 1.65648 0.54403 1.20981 1.34627 1.95221 0.77193 0.97678 0.72672 0.54631 1.71803 0.68432 1.26447 0.66722 0.81007 0.93814 1.52588 0.97390 0.64039 0.93256 0.79617 1.22986 0.55786
1.69188 1.70442 1.42823 1.52629 0.87425 0.96951 0.83193 0.85188 1.64775 1.16389 1.42987 1.27924 1.08002 1.66571 0.82430 1.34527 0.92611 0.56880 1.11365 1.73046 1.36246 0.90882 1.68025 0.88173 1.88312 0.66859 1.28284 0.76620 1.33799 0.91691 1.92807 1.50265 0.71897 0.88499 1.07319 0.86789 0.59729 1.32253 1.09579 0.65174 1.08719 1.81538 1.50410 1.88773 0.66730 1.07891 0.75036 1.45086 0.60924 1.59839 0.99026 0.59050 1.55327 0.84056 1.62708 1.69204 0.94456 0.56222 1.21090 1.76074 1.06578 1.47866
0.92116 0.84834 1.40929 0.94223 1.22590 1.52983 0.74501 1.29948 0.76336 1.69394 1.64894 0.73109 1.38394 1.87405 1.44458 1.55627 1.56523 1.53952 1.55378 0.54535 1.32631 1.14510 0.89016 1.38467 1.53268 1.52574 1.68994 1.15662 1.53043 1.57535 0.55653 1.87485 1.02424 1.66185 1.65381 1.04783 1.22977 0.77300 1.19503 0.77766 0.76026 1.27879 0.66155 0.67026 1.80550 0.70625 1.88167 0.77738 1.09465 1.49581 1.31756 0.64187 1.92456 1.85533 1.85059 0.54406 0.97376 1.30684 1.55879 1.30067 1.78171 1.14637 1.95009
1.62976 1.94317 1.26005 1.62411 1.56615 1.04535 1.23881 1.50598 1.22196 0.65654 1.98658 1.12666 1.66875 0.72738 1.59904 1.50626 0.53935 1.29675 1.92209 1.43280 1.85465 0.99877 1.88084 0.51793 0.68709 1.54703 0.53968 1.79430 1.73857 1.13839 1.80490 0.76247 1.17556 0.69900 0.99580 0.74772 1.54236 1.93863 0.66370 1.89374 0.86894 1.07605 0.82670 0.63575 1.85705 1.22360 1.91872 0.61340 1.64413 1.49456 0.80004 1.83984 1.50886 1.12012 1.15934 1.59632 1.35134 1.58281 1.61500 1.68740 0.75976 1.77054 0.52544 1.24860
0.86790 1.59979 0.78275 1.13852 0.75211 0.54625 1.21285 0.51164 0.77509 1.15447 0.82947 1.62410 0.94568 1.08304 1.67968 1.23729 0.98784 0.94725 1.21957 1.70612 1.18964 0.64187 0.72070 1.68313 1.63457 1.29605 1.95766 1.51799 1.58935 1.53157 0.81102 1.40518 0.93341 1.20412 0.54168 0.60137 0.59808 1.26415 0.60920 1.80076 1.88184 0.92204 1.28624 1.40100 0.51201 0.56040 0.97774 1.72386 0.80917 0.74613 0.92702 1.70327 1.60493 1.80481 1.37583 1.87395 0.91318 1.96443 0.60212 1.33900 0.88420 0.50614 0.68534 1.58305 1.68623
1.07629 1.24954 1.00876 0.51745 1.16528 1.52887 1.53844 1.44437 0.74422 1.88086 1.69416 1.32448 1.20313 0.94784 0.90066 1.81361 1.58316 0.68200 1.13757 1.44314 1.36525 1.55020 1.05734 0.76667 1.96236 1.90221 1.64162 1.22590 0.54524 1.56374 0.82990 1.23355 1.98242 1.42238 1.77025 1.01844 1.97324 0.86526 1.23500 1.36568 1.79119 0.81561 0.67767 0.59492 1.89035 1.08155 1.24655 1.53019 0.54139 0.99064 0.89542 0.84861 1.32711 0.91925 1.43118 1.21230 1.21308 0.77036 1.67351 1.79289 0.79388 1.46630 0.62600 0.94756 0.63883 0.83785
1.13397 0.71008 0.53523 0.52659 0.90911 0.79489 1.69388 1.40439 1.21632 1.59807 0.57815 1.12055 1.07822 0.64548 1.20967 1.87724 0.92502 1.11361 1.83756 1.24082 1.83778 1.84569 1.31794 0.90623 1.05112 0.84350 1.85773 1.30842 0.59817 0.78124 0.62877 0.78310 0.91557 1.95218 1.87880 1.06537 0.86577 0.77054 1.71570 1.41381 1.84005 0.99048 1.37738 0.60006 1.66145 0.50868 1.27739 0.50747 0.96940 0.76841 1.54705 1.19255 1.75803 1.65307 0.99269 0.82988 1.19534 1.01145 0.86755 1.32860 0.91810 1.29823 1.43943 1.79634 0.95298 1.51211 1.57436
0.63679 1.79380 1.88524 0.56694 0.55631 1.49158 1.32057 1.71856 1.24131 1.25409 0.51878 1.69640 0.66658 1.64331 1.90384 1.00561 1.36126 1.07362 1.59649 1.78451 0.95118 1.44844 1.60533 1.37542 1.84435 1.79429 1.86437 0.86169 1.75274 1.37457 1.28468 1.66370 1.94074 1.52850 1.40622 1.09325 1.99084 1.42941 1.07682 1.98028 1.81165 1.73887 1.97813 0.55900 0.58941 1.73704 0.63163 1.58281 0.92923 1.22386 1.94834 1.97733 1.12597 1.19999 1.26964 1.39052 1.43957 1.45676 1.63516 1.98913 1.19243 1.53432 1.80503 1.36170 0.93898 1.67731 1.51677 1.90543
1.99016 1.11723 1.42554 0.85522 1.72836 1.50589 1.22285 0.55549 1.16671 1.31913 0.68584 1.59127 1.43653 0.89965 0.83367 1.04273 0.56804 1.58654 1.66586 1.69894 1.86375 0.80583 0.99939 0.99521 1.76731 1.88480 1.15161 1.32154 1.00288 1.76568 0.96530 0.55250 1.91554 1.96193 0.82530 1.60747 0.54179 0.93931 0.77949 0.64357 0.56363 1.55200 1.81856 1.64151 1.07925 0.71063 1.27070 1.09199 1.73669 1.41299 1.06273 0.79725 1.37219 1.65046 0.57655 0.62293 1.11827 0.78967 0.78695 0.98693 1.03789 1.13561 1.14352 0.99781 0.74372 1.63392 1.72057 1.78676 0.65693
1.83377 0.96202 1.29032 1.55652 1.97355 1.65035 0.84863 0.66103 1.83659 0.65108 0.62841 0.57065 1.21636 1.26641 1.59199 0.89599 1.31371 0.93071 1.57331 0.92412 1.43998 1.49351 1.86186 1.60992 1.22796 1.15366 1.82667 0.59930 1.63743 1.39892 1.09047 1.18035 1.89238 0.97456 1.61757 1.61084 1.95762 1.12654 0.83072 0.60203 1.33314 1.94323 0.64291 0.55304 1.42625 1.02382 1.81544 1.81944 1.16774 0.63741 0.55680 0.59740 1.44101 1.52755 1.48608 0.57397 0.62633 1.98644 1.69774 1.39371 0.77873 1.16834 1.65334 1.69244 1.80244 1.54328 1.99848 0.51087 0.79346 0.86888
0.65723 1.53101 0.67877 0.96690 1.59581 0.92854 1.41756 1.39211 0.66433 0.61323 1.30419 1.95459 1.31629 1.18683 0.57715 1.32561 0.84277 1.95278 0.85929 0.87013 0.64473 1.29779 0.66907 1.02302 0.86080 1.26987 0.75321 1.91200 1.24940 1.93846 0.57770 1.06732 1.04604 0.92625 1.42694 0.97303 1.92387 0.68653 1.65068 1.16246 1.37274 1.52018 1.49106 1.53900 1.31660 1.08193 1.47074 1.96567 1.92265 1.46465 1.48160 1.88445 1.45529 0.71635 1.18890 0.87771 0.65580 1.60000 0.94460 1.77628 0.50941 1.60825 1.40406 0.55145 1.37539 0.88281 1.20060 1.81177 0.68533 0.75183 1.21068
0.53620 1.67651 1.80159 1.09193 1.33037 1.06470 1.81008 1.72491 1.29458 0.56356 1.27998 0.54842 1.29704 1.81894 0.57569 1.54435 1.58985 1.95813 0.66337 0.88887 1.49734 1.57914 1.83941 1.81944 0.97289 0.70795 1.68033 1.35497 1.08719 1.26051 0.94317 1.84449 1.56049 1.04496 1.32397 1.45322 1.64680 1.34589 0.79620 1.68458 1.40523 0.63860 1.87172 0.91261 1.03852 1.47154 0.77478 1.60510 1.73262 1.39698 1.67283 0.81975 0.88800 1.05147 1.62870 1.31723 1.73652 1.55604 0.85313 1.42581 1.67051 0.74055 0.68041 0.71036 1.22331 1.32205 1.61653 1.66161 1.94462 1.51201 0.51223 0.88620
0.92958 0.95819 1.64003 0.50201 0.99656 1.53056 1.40482 1.09581 1.69544 1.84167 1.83222 1.29042 0.78071 0.52927 1.06958 0.81934 1.25224 1.52237 0.71878 1.68201 1.88429 1.10029 1.54464 1.58332 0.93962 1.91239 1.16091 0.80788 1.04763 0.82617 0.75691 1.65065 0.97989 1.06847 1.43378 1.01195 1.98533 0.83358 0.56290 0.93685 1.91551 0.63019 1.35949 0.81442 1.26387 0.75884 1.11076 1.05805 0.60517 0.81005 0.71330 0.83948 0.88881 1.12144 1.97258 1.56261 0.67422 1.09115 0.64119 1.52330 1.98251 1.17649 0.82688 1.88468 1.55467 0.78730 0.77608 0.52646 1.99396 0.78411 0.50901 1.91320 0.64160
0.52049 0.80602 0.95330 1.32666 0.72878 0.52874 0.99212 1.10988 1.78680 1.51743 0.66280 1.51747 1.07770 1.33260 1.62923 0.50665 1.46380 0.96014 1.32286 1.40781 1.24672 0.98715 1.20424 1.68617 1.08703 0.78825 1.15833 1.43090 0.75032 0.58386 1.28248 1.21652 1.87739 1.74461 1.47017 0.98386 1.97116 0.60140 1.30585 1.81602 1.54782 0.71819 0.69207 1.35943 1.41968 1.71262 1.98997 1.51860 1.52161 0.76140 1.08739 0.86589 1.03652 1.09908 1.77074 1.05352 0.72702 1.04433 1.96573 0.62080 1.60946 1.16896 1.40470 1.83235 1.55431 1.91223 0.83034 0.63621 1.68151 1.36267 1.10534 1.78895 1.89653 1.51287
1.56091 1.34190 1.59785 1.90334 1.62682 1.98605 0.50312 1.49767 0.57993 1.03947 1.43802 1.09083 0.76023 0.73078 1.87347 1.57117 1.08092 1.76661 1.21849 1.52475 0.82011 0.81765 1.78880 0.96193 1.33998 0.61641 1.97296 0.84584 1.38343 0.80401 1.81623 1.57364 1.93457 1.77101 1.09603 0.89561 0.58209 1.53058 1.76305 1.81432 0.52218 1.66666 1.06081 1.45816 1.16578 1.46367 1.32391 1.71385 0.80973 0.60311 1.44464 0.62818 1.12700 0.78003 1.24482 1.58691 1.68000 0.94745 0.69849 1.79099 1.72028 0.97643 0.58043 1.01907 0.73749 1.75007 1.92947 1.52019 1.24792 1.86034 1.87457 1.06887 1.15401 1.12665 1.30102
1.92797 1.95062 1.45359 0.53520 1.72240 0.83119 1.20177 1.35251 1.85395 0.74604 0.50151 1.83441 1.23088 0.82759 1.70445 1.94826 1.81558 1.82309 0.76560 0.81880 1.66050 1.92582 1.51261 1.19630 1.79600 1.17738 1.62772 0.80991 0.51218 1.14847 1.60521 0.84412 1.97790 0.89902 1.59301 1.41639 1.27426 1.36289 1.34676 1.14396 0.83832 1.49236 1.76974 0.67187 1.15679 1.27974 1.66760 1.54169 0.95241 1.91602 1.52878 1.95097 0.98944 1.51849 1.74088 1.15317 0.98310 0.75449 1.82912 1.24588 1.00672 1.56791 0.98127 0.92817 1.90749 0.69126 0.81322 1.02932 0.75427 0.89135 1.07376 0.74743 0.83284 1.29720 0.52848 1.03633
0.59139 1.33615 1.25105 1.86852 0.62316 1.94309 1.22987 1.54933 0.78210 1.66111 0.98459 1.28097 1.32134 0.78503 1.28085 0.97344 0.63958 1.81106 0.60538 0.55158 1.16468 1.89841 0.84018 0.87519 0.67506 1.41730 1.58947 0.99541 1.73584 1.09649 1.86861 1.75039 0.59592 1.58715 1.31300 1.69764 1.70831 0.72967 1.68634 1.01360 0.82632 0.75753 0.91122 0.84990 1.58110 0.66302 1.21206 0.55639 1.03392 0.90572 0.64197 1.56902 0.74495 0.99899 1.25362 1.46968 0.50449 0.60811 1.38675 1.12803 1.16518 0.61908 0.98222 0.81770 1.76633 1.07797 0.69849 0.73365 0.88384 1.81399 1.99291 0.50292 1.45161 0.83086 1.93577 0.80069 1.35091
1.93921 0.93683 1.75366 0.99901 0.54869 1.42765 0.63033 1.27500 0.53876 1.79212 1.49096 1.43978 1.43777 1.11784 0.69955 1.15870 1.18072 1.21589 1.37662 1.37914 0.50918 0.67259 1.08492 1.66569 0.60855 1.22821 0.69240 1.35448 1.16618 0.70161 1.26923 1.83438 1.29146 0.52328 1.85754 0.72200 0.64149 1.25824 1.38036 1.47241 1.01255 0.95154 1.56500 1.02462 1.76405 0.89116 1.13733 1.40650 0.85769 0.53092 1.22206 0.56176 1.20844 0.95658 1.64209 0.62616 1.56754 0.78190 1.54270 0.97156 1.87800 1.57194 1.73079 1.02615 0.56259 1.24683 1.72748 1.88615 1.08427 1.71742 1.00639 0.86565 0.54225 0.60024 0.87360 0.64592 1.52727 1.84989
1.43493 0.96296 1.75039 1.55935 1.90621 1.78347 0.87657 0.83213 1.65603 0.84300 1.54772 1.42675 1.22562 1.30392 1.08349 1.80569 0.83898 1.26047 1.49399 1.32204 1.25805 0.55354 1.69879 0.68419 1.91854 1.46767 0.79654 1.89669 0.87990 0.51969 0.77202 1.14653 0.76551 1.40369 1.19367 0.92093 1.93336 0.82042 1.27461 0.94718 1.13476 0.84354 0.94306 1.51299 1.86252 1.29851 0.56893 0.96357 0.84997 0.98003 0.97422 1.15912 1.77105 1.31191 1.52359 0.96882 0.63269 1.24984 1.36173 0.79477 1.04818 1.87099 1.73317 1.93325 1.79669 0.93618 0.65197 1.93663 0.59153 0.77430 1.12605 1.63574 1.77980 1.67722 1.08804 1.55846 1.97001 1.61264 0.96086
0.64863 0.57417 1.41798 1.76588 0.80329 1.04244 1.55563 0.64394 1.35489 1.24977 1.18989 0.50058 1.43966 1.88675 0.74283 1.30666 0.58608 1.91143 1.25147 1.82681 0.93793 1.43640 1.95229 1.91902 0.99502 1.93470 1.98682 1.58768 1.74569 1.46104 1.93029 0.78518 1.63881 1.78834 0.94687 1.03787 0.54317 1.91792 1.91097 1.37267 1.14168 1.73553 1.91526 1.17244 1.16578 1.65405 1.64991 1.72552 1.17350 1.45019 0.64718 0.52278 1.73400 1.56085 0.66299 1.05504 1.84231 0.85921 1.15445 0.76874 1.52314 1.86690 1.43902 1.17285 0.82236 0.93508 1.15072 1.21912 1.17817 1.12061 1.97450 1.94866 1.40183 1.85209 0.77466 1.23825 1.66483 1.66652 1.73704 1.69126
1.53615 1.20878 1.26974 0.98679 0.98495 1.92953 1.14297 1.81335 1.51287 0.52059 1.29237 1.28021 1.15054 1.35979 0.69584 1.24814 0.86088 1.28358 1.88626 0.77380 1.11474 1.65737 1.65331 1.14739 1.54036 1.22881 1.50263 1.79198 1.62753 1.00279 1.94844 1.62201 1.07772 0.73490 0.92771 1.52170 1.87240 1.01038 0.53882 1.90177 1.23120 1.87674 0.74271 0.93813 0.70135 0.90539 1.64023 1.49294 1.42055 1.92005 0.78461 0.63050 1.70530 1.26953 0.74138 1.28299 1.79838 1.91646 1.48805 1.67210 1.23850 1.62678 0.51550 1.25282 1.29276 1.43645 1.65328 1.14930 0.71780 1.92366 1.24714 1.59378 1.08937 0.50541 1.20832 0.80281 1.24495 1.12751 1.72045 0.64208 0.54612
0.90314 1.90851 0.60361 1.70157 1.24656 0.74775 1.57348 0.58245 1.83200 1.92249 0.55255 0.78626 0.60148 1.91271 1.86179 0.85639 0.98233 0.99931 1.87766 1.55524 1.12254 1.56158 0.97666 0.87376 1.63541 0.63072 1.57302 1.48352 1.64642 1.80961 1.05763 1.04541 0.55351 1.21370 1.41777 1.89400 1.39570 1.80315 1.39905 0.64688 1.67063 0.72122 1.79723 1.48732 0.85480 1.20349 0.54039 1.72748 0.67928 1.17467 1.97630 0.78734 1.35883 1.13935 1.80532 1.57174 1.16468 1.23597 0.88661 0.60775 0.97958 1.12964 1.00098 0.54043 1.03536 1.64977 1.68526 1.10804 1.25968 1.90845 1.56506 1.33336 1.24030 0.69901 1.68502 0.83422 0.79398 1.22114 1.48137 1.62740 0.58442 0.74992
0.69620 0.96693 1.52481 1.13374 1.79476 1.95485 0.50154 1.61197 1.55623 1.06714 1.10066 1.31713 1.96135 0.72620 1.46991 1.00295 1.32374 1.16932 1.95998 0.68124 0.84750 0.78430 0.91217 1.06284 1.37464 1.55258 1.35587 1.25629 0.62407 1.84992 1.69299 0.66976 0.80645 1.75427 0.76225 0.67356 1.97965 1.81546 1.54877 1.28632 1.27746 1.37951 0.57015 1.12844 0.87528 0.74966 1.53221 1.46836 1.34322 0.61733 1.72419 1.69882 1.67481 0.59818 1.99068 1.23189 1.80183 1.98655 1.90978 1.08298 1.54993 1.39254 1.26847 0.79549 1.68626 0.75585 1.41895 1.14812 1.06204 1.83704 1.73822 1.30426 1.39073 1.15930 0.97791 0.64976 1.40934 0.75366 1.21957 1.26538 0.50829 1.74959 1.93390
1.59886 1.01405 1.01248 0.90004 1.88298 1.40918 0.76047 1.55644 1.39580 1.88371 0.86045 1.19061 1.14844 1.86598 1.49253 1.10523 0.53643 1.75137 1.58218 1.08214 1.59347 0.83453 1.09486 0.68344 1.15501 0.77130 1.73768 0.59996 1.62774 0.75100 1.64811 1.56576 1.09343 0.83974 1.91090 1.67450 1.11389 0.72690 1.53430 1.89251 1.63624 0.66344 1.81884 1.65379 1.24313 1.95337 1.70945 1.41881 0.68180 1.46396 1.28920 1.42113 1.59555 0.84839 0.94358 0.68671 1.84770 0.56347 1.56623 1.85858 1.87516 0.69171 1.52578 0.60183 0.67492 1.60358 1.74009 0.71896 0.88626 1.01405 0.93718 1.25993 0.59456 0.94199 0.59781 0.52032 1.40149 0.90002 1.49257 1.62455 0.60554 1.94420 1.16071 0.64079
1.06840 0.89948 1.66181 0.52649 1.09117 0.64280 0.86241 1.42306 0.99738 0.83067 1.90497 1.77913 1.78606 1.83129 1.77115 1.17433 1.64660 1.92317 1.94152 1.21424 0.74145 0.67217 0.60490 1.49774 0.69569 1.78218 1.42182 0.69779 1.91612 1.81479 1.93151 1.63879 0.72115 0.70743 0.82400 0.74139 1.44769 1.66614 0.62087 1.28777 1.99618 1.28614 0.55067 1.58655 1.69085 1.01114 0.73897 1.07087 1.82781 1.88526 1.81247 1.62665 1.32212 0.77516 1.32272 1.36746 1.13121 1.63672 1.73172 0.69240 0.61415 1.30387 0.78177 1.48747 1.18411 1.23766 1.98402 1.48367 0.86575 1.88945 0.63031 1.11116 0.55696 0.59913 1.39687 1.64754 1.32745 0.87220 1.43928 1.21446 1.29141 0.50484 0.91486 1.01448 1.67798
1.33530 1.90819 0.84780 1.30126 1.88420 0.88134 1.62992 0.51055 0.75020 0.51071 1.18447 1.04060 1.93938 1.53882 0.79589 0.63864 0.60013 1.47259 1.52409 1.86620 0.85298 1.66007 0.92844 1.80269 1.53229 0.88541 1.13048 1.28376 1.45474 0.64783 0.92953 1.86872 0.80530 1.52467 0.61400 1.92683 1.63941 0.73179 1.93835 1.75600 1.93904 1.28621 0.64378 1.38980 1.43409 1.99901 1.15204 0.74095 1.42905 0.55302 0.58009 0.50105 0.71040 1.41087 1.91300 1.63114 1.34018 1.83928 1.69143 0.79303 1.36913 0.98304 1.28286 1.96899 1.14085 1.40989 1.14386 1.49013 1.38396 1.83070 1.05905 1.40041 1.45057 0.58575 1.55987 0.97100 1.54853 1.65413 1.58229 0.96251 1.07694 1.31221 0.75495 1.65240 0.73662 1.32205
1.82949 0.98875 0.52825 1.76460 0.72689 1.37906 1.57911 0.57471 1.26808 1.35605 1.63041 1.09421 1.75840 1.16330 1.79531 0.60625 0.59821 1.68837 1.03495 0.71006 1.18217 1.64552 0.62159 1.01284 0.95417 1.58526 0.72844 0.56776 1.32968 1.27216 0.62192 1.95844 0.58936 1.12740 0.55758 0.59483 0.83449 0.85473 0.53719 1.98869 1.31373 1.90566 0.74749 1.72598 0.98227 1.55658 1.84797 1.01660 1.15747 1.17090 1.91545 0.73103 1.19471 1.96361 0.75069 0.89258 1.21147 0.97471 1.52460 1.29613 1.68325 1.59011 1.46544 1.32040 1.64762 1.28325 1.23760 0.50913 1.16851 1.69874 0.92115 0.55096 1.61205 1.59440 1.88906 1.51693 0.72855 0.68413 1.15234 1.53652 1.64449 1.84568 1.49479 1.33340 1.12506 0.96455 1.00535
1.33303 1.50657 1.32007 1.97730 1.97831 1.47333 0.54724 1.34526 1.79770 1.63559 1.91160 1.32235 1.54170 0.89387 1.53950 1.12984 1.87258 0.94576 1.30843 0.59169 1.03379 1.55199 1.60674 1.84419 1.30517 1.08519 0.67088 1.41432 1.37107 0.89366 1.35982 1.95239 1.09161 1.26700 1.79361 1.35854 0.74848 1.52791 1.49048 0.60089 0.74794 0.92727 1.91137 1.98765 1.48959 0.52299 1.78717 1.17594 0.73065 1.99267 1.45372 1.78649 1.76845 1.13468 0.64715 1.52738 1.11376 1.26399 0.89163 0.54197 1.72906 1.39512 1.49523 0.98841 0.61642 0.74283 1.49416 1.78710 1.73791 1.39009 0.88975 1.51723 1.00003 0.55372 1.22666 1.31298 0.52343 0.66702 1.74661 1.99358 0.59078 0.60331 1.34146 1.66554 0.80469 1.68519 1.47165 1.70264
1.39737 0.63032 1.26384 0.58842 1.34145 1.90659 1.76931 1.89169 1.45434 1.73617 0.50143 1.95448 1.82264 1.41826 1.63324 0.68501 1.56655 1.64110 0.65532 1.24050 1.81236 0.77174 0.73556 1.89134 1.17297 0.64329 0.67454 1.20313 0.89153 1.75374 0.73319 0.56313 0.88328 0.93239 1.92685 1.73893 1.97853 1.28980 0.81531 1.27359 1.16754 0.89472 1.89746 1.25155 1.73497 0.71516 1.60655 1.93012 0.53224 1.92211 0.96522 1.58509 0.63576 0.96904 1.76367 1.97266 1.26303 1.69939 1.65924 0.66997 1.57414 0.66312 0.83463 1.90580 1.51270 1.24568 1.56013 1.17100 0.80279 1.76088 1.07780 1.46347 1.92724 0.70640 0.51192 1.82525 0.62932 1.45472 0.79033 1.89262 0.60648 1.84881 0.68775 1.23608 1.53936 0.90422 0.74242 1.15087 1.02577
0.65072 0.58896 1.85874 0.50351 1.69837 0.97251 0.92398 1.81398 0.94364 1.65100 0.72473 0.87485 1.82609 1.83519 0.65403 0.91533 0.53672 1.00334 0.91171 1.79953 0.75801 1.01393 1.98483 1.35603 0.91484 1.18070 1.83327 1.47749 1.04731 1.13832 1.75454 0.59557 1.01421 0.52237 1.95214 0.67250 1.59677 1.28760 1.16171 1.49202 1.90671 1.44964 0.61043 1.71537 1.15692 1.98471 0.55162 1.62771 1.89746 1.93180 1.61442 0.98018 0.95034 0.74898 1.83370 1.14277 0.50451 1.35468 1.62456 0.68242 1.87032 1.92407 1.52461 1.39158 0.72754 0.84934 0.94368 1.04302 1.52324 0.52019 1.42477 1.84053 1.78848 1.39981 0.74568 0.73085 1.00545 1.85916 1.52717 1.57207 1.64858 0.66522 0.78711 1.49226 1.09431 1.66897 1.03080 1.80901 1.21398 0.55510
1.93402 1.35658 0.98031 1.53847 1.67229 1.07586 1.79364 1.37638 1.91899 1.27682 1.17837 0.90413 0.94521 1.57066 1.63378 0.77754 1.00613 0.52205 1.08099 0.57679 1.24810 1.52524 0.86468 0.58757 1.53437 1.91624 1.53733 1.52682 1.32861 1.69933 1.01762 1.41890 0.74445 1.87100 1.28683 0.88291 1.83818 1.34873 1.45782 1.41983 0.96972 1.05433 0.92909 1.79432 0.73028 1.04416 1.47583 0.73643 1.39930 0.90766 0.59676 0.66003 1.47618 0.65408 1.45043 1.29927 1.70111 1.48427 0.99221 0.74849 1.50431 1.00847 1.96166 0.57065 1.98655 1.08207 0.79532 1.09796 1.50256 0.71876 1.73913 1.14001 1.62507 1.53085 0.92238 1.42131 1.73056 1.91046 1.98506 0.77737 1.72411 1.28596 1.84783 0.76451 1.42498 1.33404 0.79116 1.86049 1.95254 1.40601 1.95425
0.77003 1.24958 1.92178 0.55102 0.95232 0.85397 0.96926 0.58337 0.50238 1.19070 1.86294 1.45403 1.27579 1.06334 0.68149 1.06594 1.58019 1.07221 1.67763 1.58069 1.55572 1.82367 1.98530 1.86299 1.00090 1.00728 0.76796 0.72812 0.83172 0.62516 1.02352 1.91567 0.97409 1.40339 0.65437 1.91430 0.90964 0.88520 1.94329 0.93602 1.23832 0.51945 0.89699 1.66572 1.28591 0.83957 1.02358 1.37117 1.40432 1.02829 1.89861 0.50986 1.62479 0.99933 0.95777 1.13394 1.45177 0.88097 0.76821 0.79572 0.68513 1.95056 0.59751 1.54863 1.76971 0.81406 1.51950 1.01238 0.54224 1.19657 1.57214 1.45116 0.82788 0.77978 1.34132 1.98557 1.29805 0.93984 1.94724 0.89248 0.83768 1.82232 1.12861 1.90600 0.68470 1.15088 1.28101 1.84594 0.82893 1.34950 0.81414 1.21492
1.71143 1.57305 1.70396 1.28703 0.54453 1.74580 1.70259 0.82550 1.75691 1.64649 0.59887 1.77159 1.69942 1.93192 1.03914 0.99148 0.56136 1.59535 0.85806 1.51309 1.89539 1.44471 0.77058 1.74491 1.20923 1.01984 1.61384 1.01852 1.36535 0.91549 1.57948 1.25010 1.14345 0.58402 1.98311 1.13223 0.93100 1.39878 1.34184 0.93432 0.76540 1.77744 1.00923 1.73400 1.10611 1.52009 1.75175 0.96208 0.58695 0.85224 0.82208 1.40837 1.65344 0.95048 1.61788 1.90896 0.65445 1.35789 1.68616 1.96937 1.67744 1.00851 1.07062 0.82422 0.95381 1.05136 1.49118 1.60248 0.82335 1.42351 1.29742 1.29351 1.12231 1.77546 1.41630 1.16874 0.64591 0.55533 0.67810 1.41792 1.81040 1.93231 1.65534 1.60709 0.50878 1.77706 0.83046 1.81897 0.57964 0.50316 1.46958 1.68645 0.56475
0.61034 0.69291 1.45481 1.75011 0.87874 0.78014 0.64129 0.62265 0.79571 1.62040 1.20551 0.96749 0.60659 1.40313 0.55817 1.83039 1.00667 0.92622 0.77707 1.32107 1.24961 0.62656 1.67607 1.16518 1.36742 1.00054 1.01258 0.73505 1.63345 0.84519 1.49909 0.55552 1.94991 1.36354 1.87536 0.71286 1.50852 0.70355 1.82767 1.34730 0.71878 1.03190 1.65137 1.75984 1.99199 1.22899 0.63593 0.84391 1.17671 1.10617 0.80042 1.51906 0.77809 1.92131 0.87372 0.99508 1.02641 1.32135 0.63872 1.17573 1.84409 1.73975 1.19831 1.27809 1.45744 0.62428 1.37481 1.02424 1.97461 0.65849 0.70085 0.87042 0.74114 1.60402 1.91614 0.61450 0.92971 0.77588 0.90011 1.19781 1.77898 1.30097 0.92805 1.73935 1.70050 1.64214 0.81377 1.38851 0.71250 0.70541 1.60684 1.88958 0.58375 1.95273
1.62684 1.18054 0.65521 0.56139 1.44778 1.68408 1.20416 1.58144 1.40188 1.61129 1.56373 1.49602 1.45831 0.51097 1.31435 0.99713 1.00522 1.41435 1.56816 1.19402 1.34561 0.56713 1.57444 0.90317 1.96134 0.61081 0.64343 0.76446 1.73445 0.92276 0.58686 1.05427 0.80582 1.30805 1.67169 1.71574 0.90755 1.80327 1.03618 0.86241 0.80150 1.59089 1.65490 0.79880 1.72582 1.27968 0.75482 0.92404 0.61553 0.58407 1.81742 1.66470 1.91049 1.90791 1.98349 1.20822 0.50440 0.74784 1.07812 1.72147 1.20658 1.47465 1.71919 1.41799 0.64955 1.68960 1.12525 0.62112 0.65572 1.57391 1.48963 1.69087 1.28337 1.79399 1.19234 1.91624 1.47894 1.43198 1.71807 0.59799 1.05672 1.57552 1.16488 0.93587 1.64895 1.59449 1.93030 0.53590 0.70654 0.82253 1.88198 1.41854 1.00504 1.87974 0.53796
0.69516 1.02901 1.49616 0.71322 1.57707 1.46757 0.92555 1.25154 1.49854 0.56032 0.56130 1.87932 1.84457 1.65056 1.59127 0.77853 1.88117 1.23693 0.55528 1.28386 0.82458 1.98088 1.99020 1.98917 1.30696 0.58690 1.08963 0.94301 0.88200 1.95390 0.98459 1.62379 1.92888 1.31052 0.72186 1.51834 1.60578 0.85239 1.46677 0.92421 0.66002 1.54018 0.68034 1.94528 1.67731 1.67200 1.86199 0.63681 1.96868 1.95938 0.67395 0.89112 1.34611 1.59975 1.15528 0.98204 0.54411 0.95767 0.98736 1.28584 1.02891 1.65835 0.61692 1.90070 1.08350 1.81899 0.51844 1.77829 1.00534 1.87758 0.78348 0.82110 1.33470 1.96347 1.11276 1.77712 1.67294 1.32058 1.69966 1.12373 1.70915 1.50947 1.61134 1.14092 1.85482 1.78452 0.88143 0.77836 0.75450 1.75311 1.01814 0.60763 1.69248 1.15253 1.37938 1.52513
1.55574 1.05662 1.65596 0.62724 0.92966 0.83155 1.37293 0.53999 0.83210 1.00126 1.92473 0.80933 1.44021 0.66949 1.77884 1.56032 1.79390 1.27257 1.54030 0.50095 0.53044 0.97343 1.29487 1.48098 1.80963 1.72387 0.86680 0.95266 1.11799 1.60153 1.13806 1.97499 1.53090 1.26785 1.50021 1.46469 1.33788 0.73280 1.48572 1.24093 1.68968 1.20523 0.65235 0.68386 1.69914 0.98973 0.60076 0.86783 1.39638 1.11148 0.77782 1.17709 1.58917 1.13516 1.07972 1.40366 1.72178 0.92887 0.73131 1.89858 0.84104 1.23805 1.33085 0.84598 1.46271 0.95469 0.52596 0.65239 0.70849 1.25291 1.44735 1.47563 1.98610 1.86459 1.96500 1.02310 0.61848 1.30542 1.55892 0.52465 1.85222 1.20904 1.79010 0.57341 1.04047 1.25835 1.07672 0.65547 1.44441 1.66281 1.37928 1.13132 0.86667 0.81988 1.48540 0.95015 1.11432
1.74289 1.92679 1.31479 1.35843 1.63729 1.68715 1.63169 1.07824 1.02059 0.88679 1.36133 1.69221 1.86265 0.56276 0.92494 1.91130 1.75227 1.63600 1.12351 1.71974 1.35776 1.68835 0.96707 1.17521 1.18737 1.23884 1.42065 0.68617 0.67995 0.68020 0.86835 1.22205 1.21121 0.67400 1.85929 1.20857 0.54480 1.99099 0.63939 0.59148 0.53290 1.90387 1.10589 0.81896 0.63811 1.07109 0.86291 0.85148 1.78848 1.06527 0.50318 0.78941 1.95041 1.00377 1.31578 0.53846 1.37941 0.68156 1.12358 0.59203 0.69560 0.58870 0.92921 1.68733 1.44975 1.51146 0.64112 0.53290 0.97960 1.86576 0.63574 1.07090 1.28668 1.59933 1.57412 1.48961 1.30543 1.83884 0.86912 1.60345 0.78443 1.76669 0.98646 1.06136 0.82077 1.39335 1.61459 1.65263 0.84639 1.56383 1.51440 0.93965 1.64573 0.94041 0.56116 0.87779 1.15642 0.62661
1.81656 1.57075 1.58904 1.85677 1.98271 1.13641 0.56492 1.71552 0.70915 1.52396 0.87377 1.87167 1.87481 1.54989 1.11412 1.32236 1.36102 1.43826 1.04819 1.42999 1.56472 1.19866 1.45494 1.22767 0.57163 1.74576 1.92000 1.76830 0.59614 1.88216 1.46262 0.90107 1.96760 1.07838 1.16805 0.59939 0.65397 1.53023 1.60871 1.45145 1.41963 0.74317 1.11288 0.75078 0.67901 1.44070 1.81027 1.16707 1.94721 0.71337 1.68210 1.23026 1.20300 0.87662 1.46470 1.48555 0.72815 0.74370 1.10533 0.57197 1.19806 0.81156 0.67310 1.24432 1.31484 1.30616 0.91563 0.77794 1.02369 1.97277 1.33791 1.47983 1.00714 0.95407 0.98663 1.38975 0.69648 1.43419 1.18980 1.89406 1.72374 1.85671 1.00131 0.60562 1.06646 0.62119 1.48185 1.07946 1.15543 1.14213 1.01429 0.70456 1.57461 0.84990 1.82808 1.20259 0.96705 0.93484 1.55031
1.84426 1.32462 1.37523 1.81472 0.59398 1.42282 1.49745 1.14386 0.59854 1.47037 0.87987 0.89766 1.41787 0.77043 1.84143 0.70358 1.09024 1.77165 0.54579 1.87283 1.97099 1.83112 1.36408 0.81747 1.15621 0.62116 1.61975 1.65354 1.04464 0.85944 0.98019 1.04910 1.43646 1.00997 0.85495 1.19904 1.14931 1.55959 0.95587 0.55459 1.08534 0.56917 0.55872 1.33054 0.91294 0.74609 1.29896 1.46987 1.05107 1.62016 1.43993 1.76944 1.64975 1.66175 0.56101 1.61004 1.32818 0.64143 1.02585 0.60914 1.65738 1.61318 1.19524 0.99368 1.98166 0.90760 0.68304 0.90398 1.97267 1.68473 0.81183 1.81121 1.17166 0.51008 1.82364 0.60180 1.67475 1.32884 1.27932 1.38498 1.90901 1.22598 1.37886 0.54776 0.75792 1.19188 1.29513 1.41080 1.02772 1.82786 0.92062 0.76864 0.55040 1.85987 1.47955 1.47331 1.60523 0.76293 1.84063 0.58780

Best known: 1581.25
