101 101 1409
0 0.0 0.0
13 -5.0 70.0
122 -17.0 69.0
30 -19.0 85.0
3 9.0 99.0
5 15.0 82.0
422 -21.0 102.0
13 -16.0 68.0
22 15.0 72.0
173 12.0 78.0
41 1.0 102.0
8 15.0 91.0
8 9.0 83.0
110 2.0 82.0
198 -7.0 76.0
384 -17.0 79.0
193 12.0 70.0
238 -18.0 99.0
265 -9.0 104.0
3 9.0 -24.0
469 23.0 -34.0
7 9.0 -44.0
6 12.0 -30.0
108 16.0 -36.0
10 40.0 -21.0
40 39.0 -15.0
635 42.0 -6.0
49 29.0 -43.0
149 20.0 -8.0
403 24.0 -38.0
42 47.0 -15.0
70 34.0 -28.0
201 41.0 -39.0
66 39.0 -30.0
526 23.0 -34.0
6 38.0 -8.0
279 20.0 -40.0
160 21.0 -9.0
3 46.0 -13.0
4 90.0 67.0
105 70.0 39.0
46 78.0 73.0
474 49.0 47.0
7 45.0 75.0
7 86.0 61.0
99 86.0 59.0
126 54.0 65.0
119 46.0 38.0
46 63.0 68.0
273 55.0 74.0
91 62.0 69.0
294 58.0 70.0
4 25.0 17.0
81 7.0 1.0
285 8.0 6.0
90 12.0 -2.0
462 14.0 -7.0
65 13.0 -1.0
6 8.0 12.0
4 25.0 13.0
529 11.0 3.0
165 15.0 -7.0
4 4.0 -6.0
394 18.0 -4.0
3 10.0 -1.0
60 16.0 -10.0
899 96.0 5.0
169 60.0 28.0
10 75.0 -19.0
47 107.0 5.0
37 70.0 -4.0
23 110.0 -2.0
25 90.0 3.0
444 80.0 -17.0
3 59.0 -21.0
99 83.0 14.0
58 -56.0 62.0
7 -39.0 71.0
11 -40.0 72.0
15 -41.0 77.0
381 -37.0 78.0
7 -31.0 70.0
39 -52.0 81.0
502 -50.0 81.0
115 -41.0 77.0
85 -35.0 85.0
3 -41.0 71.0
136 -57.0 72.0
111 -47.0 74.0
66 -56.0 70.0
50 -32.0 82.0
252 -50.0 69.0
4 -57.0 86.0
119 -33.0 79.0
746 -64.0 71.0
6 -58.0 56.0
51 -74.0 69.0
322 -65.0 57.0
1023 1.0 56.0
5 12.0 41.0
10 24.0 53.0

1.03075
1.34933 1.63631
1.00495 1.62027 1.56594
1.03451 1.80880 1.22872 0.95477
0.75527 0.80576 1.28004 1.49871 0.52731
1.09565 0.69300 0.84674 1.07239 0.75128 0.61684
0.83062 1.11411 1.21467 1.77486 0.79237 0.73914 1.86426
1.05888 1.36304 1.56196 0.85710 1.62928 1.80134 0.80321 1.56612
1.23084 1.28704 1.85870 1.05682 0.75963 1.93921 0.55070 0.96972 0.66230
1.63901 1.66990 0.55232 0.87520 1.35789 1.17975 1.81428 1.35847 1.06000 0.99396
1.57922 1.04574 1.17089 1.57848 1.58056 0.76730 0.62560 1.46676 1.63149 0.86538 1.68639
1.62334 1.97320 0.61828 0.86724 1.63758 0.80689 0.67337 1.58827 1.44099 0.54721 0.68798 1.22845
1.90985 0.76849 1.31749 1.08305 1.20562 0.77154 1.00393 0.84308 0.86287 1.47858 1.88655 0.90071 0.85369
1.88372 1.80253 0.80609 1.83171 1.82112 1.13878 1.74664 1.69667 0.72829 0.87612 1.87132 0.63875 1.89441 1.40993
1.95607 1.19099 0.69850 1.04814 0.68562 0.82272 1.04060 1.28166 1.86343 1.02758 0.95086 0.82481 1.64041 1.87492 1.36428
1.65972 0.87517 1.48601 0.98349 1.70288 1.67921 1.85760 1.58953 1.24998 1.86812 1.28095 1.97051 1.26074 0.58449 1.29834 1.35084
1.77851 1.46984 1.98084 0.59948 0.64362 1.26772 0.76452 0.73530 1.83886 0.95855 0.77205 0.62035 0.81693 0.76581 1.69387 0.61038 0.61333
1.25870 0.50218 1.11911 1.81067 1.42769 1.17023 1.33546 0.71643 1.90048 1.39673 0.61167 1.18500 1.81525 0.96904 1.44705 0.50224 0.94500 0.53524
0.67129 1.00464 0.52273 1.09683 0.97858 1.50998 1.55627 1.90942 1.45425 1.31803 0.56981 1.62471 1.72300 1.16308 1.88615 0.83881 0.89700 1.97134 0.95754
1.92933 0.77916 0.78266 1.38969 1.82551 1.40664 0.60220 0.59801 1.10478 1.32026 0.81811 0.69326 0.93533 1.05402 1.76376 1.46191 1.20654 1.53180 0.66561 0.67398
1.01432 1.35905 1.58916 1.72254 0.61884 0.64389 1.79810 0.72818 0.73712 0.97956 0.60810 0.65985 1.27053 0.71851 1.96419 1.13914 0.60152 1.03906 1.51272 1.96983 0.70490
1.74293 0.75145 0.63813 0.74772 1.16905 1.86044 1.54832 0.93776 1.00710 1.12337 1.53868 0.82502 1.32468 0.83568 0.98234 0.92782 1.37581 0.83993 1.06400 1.12989 1.77636 0.63992
0.68367 1.78070 0.60617 1.11728 0.74416 1.29442 0.89099 0.94517 0.71369 1.42394 0.95849 0.96589 1.89814 1.50188 0.66061 1.98439 0.64449 0.93306 1.41082 1.52811 1.59739 1.19802 1.76283
0.81596 1.63531 1.54796 1.10643 1.68266 1.52370 0.86558 1.03845 1.50858 1.39508 0.60843 0.51407 0.78225 0.64766 1.21155 1.14747 0.93602 1.31222 0.72904 0.94964 1.75357 1.70156 0.70914 1.52787
1.95593 1.37109 1.20137 1.11190 0.85235 1.69398 1.50398 1.42765 1.35233 1.73437 0.94667 1.00536 1.42232 1.08719 1.51339 1.04300 1.88267 1.56081 1.82901 0.97698 0.62989 1.32966 1.38476 1.60135 1.44467
0.50454 0.56076 1.88502 0.50891 1.37430 1.08416 1.33802 0.81442 1.48765 1.59278 0.99910 0.51193 1.27239 1.10285 1.84683 1.22070 0.76015 1.55961 0.93495 1.67659 1.89319 1.44282 1.45873 0.94207 1.10914 1.73678
0.82459 0.89232 1.96582 1.43599 1.84314 0.89332 1.80058 0.60243 0.61996 1.83179 1.01304 0.86361 1.47602 1.69549 0.58899 1.07258 1.28760 1.28815 1.34961 1.75512 1.24716 1.02530 0.70919 1.00517 1.04944 0.86023 0.99029
1.17694 1.72605 1.04621 0.71901 0.74186 1.59251 0.76434 1.26596 1.68428 0.73949 1.36798 1.34574 1.47706 1.90036 0.78681 1.27914 0.53484 0.54429 1.05502 0.97561 0.56896 1.96355 0.85981 0.97756 0.98324 1.50745 1.32005 0.53748
1.86921 1.98557 1.10738 0.60271 1.56900 1.21483 0.77072 0.63737 1.94808 1.70735 1.87043 1.69610 0.57472 0.84499 1.06977 1.68530 0.55638 0.96812 1.66743 1.73239 1.13239 1.83334 1.46793 0.83966 1.53753 1.77295 0.68840 0.79590 1.93944
1.46196 0.55585 1.31334 1.62099 1.33046 1.75274 1.24618 0.64860 1.33604 1.85944 1.00814 0.96691 1.24461 1.00159 1.70378 1.95591 1.12505 0.57916 0.64398 0.60326 1.74330 1.87190 0.63455 0.64451 0.79575 1.52909 1.13051 0.50238 1.17152 1.22303
0.94953 1.05255 1.46156 0.54355 1.22114 1.28652 1.45907 1.39089 1.27876 1.77959 1.72047 1.21042 1.32174 0.87995 0.74667 1.32965 1.48653 1.35922 1.63514 1.66991 1.05423 1.20710 0.51510 1.29852 1.24761 0.80551 1.63084 1.76378 1.84523 0.75343 0.69033
1.56471 1.92641 1.54612 0.69636 1.86804 1.72356 1.69713 0.70233 0.60855 1.08455 1.74246 1.70675 0.54044 0.97608 1.70840 1.37541 1.68801 1.91267 1.03405 1.77857 0.61201 0.92284 1.43596 0.81469 1.04731 1.04428 1.26771 0.84679 1.78634 1.84205 0.95218 1.01759
1.04180 1.02624 1.65977 1.72746 0.78556 0.79385 1.50814 0.77108 0.88649 0.50244 0.89794 1.11435 1.69361 0.94452 1.35980 1.21829 1.16708 0.86941 0.77161 0.74880 0.55475 1.02683 0.67144 1.21354 0.77309 0.51497 0.99898 0.80468 0.81863 0.55823 1.95386 1.19592 1.33069
1.32211 1.56535 0.55888 1.48266 0.80965 1.11329 1.23079 1.02532 0.55022 1.24154 0.52432 1.41432 1.39530 0.81559 1.65352 1.13639 1.46222 0.59480 1.41307 1.97459 1.98031 1.08542 1.67612 1.98304 0.56135 1.41257 1.42509 0.63279 0.52689 1.03441 1.59869 1.39835 1.17185 0.93848
1.83429 0.71135 1.17122 0.93541 1.06505 1.14735 0.50592 1.11882 0.80204 1.85928 1.71865 1.89547 1.16169 0.63940 1.86646 1.03475 1.19347 1.37270 1.96889 1.08081 0.93151 0.73143 1.15156 0.84570 1.91438 0.50942 1.97603 1.08170 1.83775 1.81997 1.83297 1.42829 0.83395 1.62457 0.76023
1.25322 1.22818 1.23739 0.84481 1.95946 1.73791 1.98255 1.45726 1.05980 0.80004 1.86519 1.20285 1.41677 0.94347 1.15233 0.84179 1.14003 1.73990 1.47584 1.55598 0.90438 1.36105 1.41419 0.80053 0.53514 1.08506 1.00641 1.53812 1.34085 1.90746 1.06305 0.86724 1.77928 1.84776 1.74688 0.94523
0.87731 0.76719 1.61171 1.94152 0.52846 0.92653 0.54983 1.96668 0.92412 0.91232 1.28885 0.60346 0.81646 1.82040 0.96595 1.09628 1.05721 1.29064 1.92206 1.87828 0.69008 1.20122 1.78526 1.81804 0.56047 1.33160 1.65624 1.95619 1.66027 1.74826 1.53533 1.03810 1.74385 0.98590 1.81683 1.21462 1.56260
0.65493 0.67729 1.77441 1.48615 0.57160 0.80740 1.83339 1.92241 0.93748 1.42919 1.03821 1.78953 1.14194 1.94724 1.52419 1.15022 1.82043 0.58571 1.05992 1.49005 0.86353 1.61033 1.69149 0.74335 1.06264 1.61234 0.55461 0.67014 1.32096 1.58387 1.18754 0.56435 1.28545 0.94911 1.05291 0.68522 1.60154 1.80686
0.75397 0.83075 0.60912 1.90582 1.39170 1.38840 0.59729 0.50704 1.03932 0.64346 1.50321 0.97015 0.95663 1.25844 1.24030 1.07041 1.20575 1.47760 1.37956 1.32707 0.55686 1.04060 1.47246 1.83397 0.57189 1.51515 1.07927 0.68977 1.47593 0.93339 0.83818 0.67991 1.47080 1.69867 1.07651 1.47398 0.72019 1.86871 1.23901
1.04165 1.23322 1.67565 1.54139 1.18018 1.77409 0.79394 1.53964 1.60500 1.00311 0.89943 1.30348 1.31757 1.46970 1.11590 1.67574 0.93998 1.22499 1.83916 0.54747 0.61725 1.93482 1.78441 0.70811 0.84238 1.23122 1.46035 1.59331 1.01967 1.98195 1.91454 1.35891 1.25612 1.13146 1.73224 1.93814 0.95871 0.84898 1.07035 0.62614
1.90300 0.59953 1.26874 1.32542 1.89605 0.98600 0.68916 1.00561 1.98116 1.92368 1.37571 0.68806 1.62519 1.64245 1.09038 1.92007 0.50760 1.76403 0.91578 1.08485 1.45196 1.52388 1.30383 1.92747 1.35331 0.93930 1.30726 0.80040 0.92895 0.68367 1.89286 0.97015 0.55928 0.76511 0.85591 0.90152 0.50701 0.82204 0.59129 0.77623 1.52105
0.70539 1.57520 0.51466 0.84994 1.35328 0.56304 1.90065 1.45937 0.98569 1.06515 1.71085 1.96737 0.69334 0.96081 1.60568 1.08584 1.22215 1.56844 0.80178 1.47407 1.29235 1.94115 1.13033 1.67945 1.92722 1.90586 1.09884 1.43723 0.70279 1.51340 1.25335 1.30997 1.20363 1.24383 0.95579 1.31896 1.98728 0.97013 1.96772 1.15324 0.80126 1.77652
1.40798 1.46144 1.37286 0.66486 1.79561 1.54382 0.94433 1.91241 1.17837 0.86911 1.25234 1.93405 0.70535 1.98270 1.11173 0.83914 1.03419 1.07468 0.92264 1.69698 1.06421 0.71103 1.27856 1.23758 1.73718 1.20370 1.32754 1.80198 1.35393 1.67536 0.69465 1.25147 1.78615 0.60999 0.73619 0.95072 1.70656 0.69976 1.55803 1.62633 1.07245 0.60180 1.34346
1.23518 0.97189 0.76233 1.08008 0.84116 1.71362 1.35476 0.80696 0.70971 1.37278 1.06738 1.18656 1.26836 1.06406 0.98918 1.22618 1.93026 1.61603 1.65273 0.53854 1.96689 1.56170 1.85969 1.51384 1.40662 0.68560 0.67838 0.72331 1.40446 1.40018 0.67836 1.36663 1.58404 1.92294 0.55938 1.85563 1.44003 1.14858 1.85988 0.56488 0.55706 1.52781 0.78278 0.57099
1.10858 0.75771 1.01551 1.19325 1.46927 1.92175 0.91731 0.50593 0.56298 1.01045 0.82699 1.13975 1.82881 1.49497 1.02634 0.92662 1.33816 1.74565 1.77615 0.57261 1.77432 0.50345 0.56940 1.12709 1.04275 0.56605 1.94564 1.13912 1.02681 1.68392 1.25112 1.25008 1.96093 0.62275 0.60217 0.64774 0.85305 1.00204 1.26645 1.70299 1.34260 1.57611 1.02973 1.62313 1.06882
1.09609 0.63669 1.24279 0.90321 0.74493 1.85487 1.02995 1.57324 1.21236 1.54582 1.15831 1.97783 1.43426 1.42580 1.79400 0.61911 0.75333 1.16458 0.74323 1.67447 1.43057 0.98344 0.88835 1.37849 1.71285 1.20781 0.51459 1.45566 1.68616 1.80047 1.24782 1.49480 1.85588 0.84413 0.82074 0.61446 0.84628 0.93326 0.83438 1.77091 1.13318 1.70167 1.28320 1.89912 1.50858 0.50385
1.29744 1.87627 0.98274 0.65136 0.83104 1.48933 1.75114 1.20588 0.68308 0.54364 1.44631 1.70294 1.68223 1.06630 1.63867 0.55560 1.41408 1.44382 1.43308 1.39222 1.70007 1.06433 0.61706 0.53735 1.78279 1.11786 0.72912 1.92132 1.77283 1.07215 1.90214 1.35920 0.85723 0.93653 1.49432 0.65144 0.64091 1.68408 1.39297 0.82124 1.96580 1.91074 1.54250 0.99033 1.80606 1.02375 1.97729
0.80320 0.86008 1.62734 1.07622 1.11628 0.57717 1.56226 0.68655 1.54147 1.95592 1.47295 1.55250 1.86577 1.72950 1.03772 1.18767 1.17133 1.48113 1.39926 1.71006 1.35039 1.98628 1.81087 1.74222 1.19037 1.38164 1.39492 0.80142 1.29159 1.20613 1.25759 0.52863 0.74489 0.96062 1.23944 0.83315 1.29601 1.50805 0.77886 1.14441 1.81164 1.37256 0.50377 1.14332 1.24028 0.91919 1.84379 1.57686
1.67749 0.74434 1.61435 1.52767 1.31139 1.23622 1.39914 0.65624 1.78287 1.23329 1.86565 1.55356 1.33994 1.94217 0.81929 1.59352 0.97664 1.73534 1.15441 0.80736 0.62150 1.82708 1.83267 1.21658 0.81527 1.06005 1.03191 1.75014 1.64979 0.83453 0.77119 0.97568 0.95371 1.73421 1.30753 1.15374 0.92378 0.88091 1.59192 0.93031 0.66135 1.85181 1.67509 0.79899 0.90505 1.02801 1.44013 1.28965 1.71362
1.51104 1.22346 1.33529 1.98103 0.54662 0.52053 0.73637 1.05505 1.99502 1.21988 1.03473 0.56646 1.32639 0.53002 1.48122 1.61767 1.85517 1.71695 0.85185 1.46313 0.58552 0.88834 1.88696 1.42304 1.27278 1.90023 1.12061 1.08414 1.85537 1.24930 1.73168 0.98959 1.87084 0.87336 1.39639 0.68924 0.90767 1.07142 0.77959 1.08549 0.80292 0.80091 1.31116 0.76894 1.94039 1.53443 1.57535 0.86907 1.36165 0.85725
1.32563 1.66960 0.57112 1.71370 1.30562 0.77303 0.82251 1.86167 1.94330 1.02826 1.92042 0.80075 1.48183 1.73236 0.90649 1.00803 0.81905 1.51125 1.40181 1.30390 0.73920 0.77093 1.32892 0.58416 0.89710 0.98511 1.42327 1.16414 1.91905 0.70485 0.83722 0.62437 0.95936 1.79151 0.69565 0.93886 1.42407 1.69321 1.95369 0.90535 1.22036 1.76944 0.89830 0.85644 1.57310 1.22950 1.11281 1.74212 0.94928 1.26983 1.80294
0.78513 0.97012 1.52620 1.72636 0.83569 1.74082 0.98295 1.47991 1.27844 1.00078 1.05276 1.49284 1.02784 1.75815 1.23556 1.23654 1.95145 1.55034 0.66920 1.13656 1.69440 1.66101 0.71061 0.82896 1.16567 0.61322 0.72095 0.79855 1.96331 0.54826 1.50205 0.84623 1.24934 0.73455 1.17739 1.53042 1.38385 0.50057 1.51247 1.26508 0.74866 0.83579 1.77312 0.71458 1.49108 1.68311 1.71998 0.70511 1.29331 0.68055 1.39884 1.13343
1.30719 1.12525 1.71855 1.31480 1.99730 1.43167 0.79632 1.89145 1.61775 1.68400 1.38114 1.63888 1.17442 1.16669 1.62581 0.93193 1.04735 1.05137 1.58344 1.56586 0.53667 1.17069 1.56928 1.29346 1.00526 1.44139 1.28863 0.51097 1.31067 0.83573 1.62539 1.31540 1.71571 0.85176 0.58870 1.80775 1.53885 1.28379 0.53799 1.31709 0.87784 0.93609 1.57768 1.19878 0.85775 1.81288 1.02719 0.86186 1.61749 0.68691 0.67665 0.51848 1.75626
1.10244 1.92802 0.58098 1.85672 1.84016 1.85108 1.95824 1.25776 1.24383 1.18676 1.15841 0.81944 0.59750 1.65862 1.96363 1.70403 1.71465 1.48325 1.52952 1.50468 0.76149 0.55050 0.68740 0.90739 1.03115 1.39527 1.60312 1.60748 1.61161 1.11236 1.53027 0.97474 1.71823 1.72562 1.49937 1.46170 0.91675 1.40652 0.70539 1.45959 0.51161 0.60622 1.36633 1.27866 0.81022 0.70055 1.81655 0.74540 0.97285 1.04536 0.86477 1.91673 1.91341 1.15907
0.97968 0.98506 1.07769 0.59636 0.82754 0.80386 1.67085 0.63454 0.65527 1.63018 1.01841 1.39992 1.03459 1.69113 1.05841 1.92880 1.79735 1.96845 1.47354 0.92081 0.80050 0.55494 1.41005 0.58428 0.54880 0.56951 0.68346 1.25651 1.16817 1.86972 1.50343 1.76848 1.44724 1.33821 1.90648 1.34688 1.32898 1.14031 1.97760 0.78243 1.05368 1.57248 1.78247 1.60446 0.81242 1.18426 1.65384 1.68823 1.58447 1.66311 0.93263 1.45016 0.85214 0.93467 0.92974
1.57073 1.91716 0.80031 0.88678 0.95791 0.94587 1.36847 1.18342 1.87905 1.63166 0.75648 0.86038 0.56054 1.51060 1.14972 1.25552 1.85958 0.52121 0.84400 1.49801 1.92248 1.45937 1.85416 1.89192 1.97531 1.87692 0.62387 1.15421 0.63479 0.85652 1.42844 1.84565 1.43992 1.11824 1.51505 0.51429 1.48787 1.99614 0.99137 0.74948 1.42762 1.63971 1.89903 1.92083 1.68363 0.91609 1.16294 0.91736 1.56015 0.81056 0.69707 1.40209 0.65525 1.00627 1.23922 1.24054
1.26336 1.29591 0.57928 0.89075 1.44266 1.23630 0.99190 1.80823 0.94195 1.44296 0.78390 1.12432 0.71240 1.83935 1.94148 0.98858 1.49085 0.55559 0.87364 1.70770 0.69931 1.46406 1.65481 0.74882 1.20965 1.20063 1.37706 1.50841 1.32942 1.97683 1.95529 0.84309 1.70255 1.08707 0.91319 1.48351 1.32405 0.56073 1.96880 1.95993 1.11593 1.39989 1.73398 0.66317 1.70485 1.93208 1.90328 0.73070 1.98876 1.09117 1.44154 0.96882 1.94662 1.32078 1.91426 1.01125 0.58370
1.65889 1.48087 1.87214 1.27319 1.99343 1.48551 1.49029 0.67454 1.43512 1.45014 1.10586 0.90235 1.52946 1.71934 1.57234 1.16017 1.86759 1.10433 0.71876 1.15956 1.32369 0.80557 1.94502 0.99632 1.04324 1.13242 0.88895 1.10280 1.67979 1.78413 0.90677 0.69305 0.95082 1.65799 1.78641 0.70335 1.72150 1.66256 1.04150 1.78531 1.20894 1.14783 1.54772 0.73755 0.82247 1.82955 1.23792 1.51099 1.00731 1.41112 1.99652 1.30432 0.86231 1.93700 1.38055 0.75706 1.73190 1.06470
1.27521 1.95404 1.74146 0.64251 1.64323 1.25369 0.73305 1.64541 1.08047 1.03317 0.57283 1.90473 1.26481 1.01052 0.52798 0.59171 1.24522 0.63588 1.60547 1.02830 1.04267 0.61078 1.15396 0.65915 1.46813 1.94775 1.18704 0.97936 1.25930 1.54747 0.73817 0.69385 0.79212 1.09101 1.38337 0.79562 1.31432 1.70472 0.67384 1.40300 0.62692 0.78342 0.70105 1.25532 1.22904 1.77546 1.15263 0.68303 1.16961 1.35760 1.29240 1.75607 1.55951 1.60345 1.44770 1.07836 1.97045 1.23596 0.98219
0.81939 1.77666 1.54631 1.48359 1.73267 0.59782 1.84998 1.04376 1.22696 1.58904 0.96691 1.73099 1.95928 1.83302 1.27967 0.94982 1.07470 1.83976 0.74652 0.97683 0.83509 1.20214 0.79162 0.68206 1.70543 0.82647 1.00834 1.73170 1.43254 0.58903 0.56653 1.59748 0.61222 0.53302 0.88228 1.06046 1.52594 0.86009 1.94398 1.26128 1.21191 0.92943 0.65405 1.53967 0.99391 1.44119 1.59977 0.80159 1.68746 0.97634 1.83278 1.92328 1.35037 0.76014 1.25189 1.89476 0.71794 1.21234 0.62161 0.82329
1.39799 1.96074 1.54159 1.09661 1.62596 1.84396 1.95627 1.82707 0.67047 1.21109 1.33658 1.11999 1.48611 1.61741 1.02564 0.51426 1.49678 1.15600 1.87895 0.92082 1.63020 1.35434 0.99925 1.08378 1.88842 0.91988 1.26698 1.01716 0.74423 0.73878 1.35418 1.85315 0.56434 0.61976 1.24814 1.06362 1.74284 0.56879 1.53740 1.68031 0.53551 1.21522 1.37613 1.67473 0.86352 1.11331 0.73455 1.23954 1.41322 1.33301 1.51018 1.86330 1.13975 1.61889 0.96308 1.62170 0.69711 1.04046 1.10780 1.15122 1.69161
1.89674 0.86332 1.82436 1.27627 1.76120 1.29139 0.76760 1.08275 1.46364 0.70320 1.28443 1.09826 0.91694 1.39598 0.65596 1.25114 0.59478 1.35291 1.27741 1.75023 0.62711 1.15380 0.58910 1.27218 1.17188 1.59430 1.11586 1.53819 1.22383 1.63831 1.56403 1.01829 1.01177 0.53985 1.22377 1.26143 1.86270 1.87231 1.50624 0.64225 0.61861 1.64623 1.76268 0.50168 0.92257 0.56654 0.73361 1.71314 1.06594 1.34138 1.89406 1.48090 0.98315 1.38739 0.63816 0.95640 1.75034 1.97080 1.04306 1.03679 0.58002 1.23869
0.95330 1.49495 0.76539 1.80497 1.71948 1.25230 1.16299 1.24506 1.62364 1.17807 1.88108 1.43608 0.85749 0.90387 1.78652 1.09845 1.23324 1.25493 0.82261 1.92073 1.83391 1.75280 1.04962 0.61379 1.72820 1.47717 1.59919 1.76669 0.75154 0.86032 1.13704 1.57154 0.60290 1.28742 0.76279 1.17805 1.22992 1.53937 1.19829 1.76358 0.52129 1.01051 1.48073 1.22900 1.02875 0.86215 1.82926 1.50239 1.11800 0.59699 0.54050 0.96608 1.78483 1.02124 1.99469 0.77511 1.81225 1.88195 0.90176 0.94542 1.41818 1.36030 1.90536
1.54518 1.09715 1.54509 1.54264 1.67734 1.84119 0.93851 0.98604 1.72302 1.27091 1.73465 1.83023 1.21930 1.02148 0.73610 1.16259 0.79516 1.08114 1.33436 1.97448 0.87956 0.59593 1.49497 0.84583 1.30136 1.03289 0.88235 0.82220 1.83249 1.89810 1.93163 0.89680 0.60617 0.74258 1.11093 1.65927 0.87540 1.27101 1.81437 1.18690 0.83589 1.52736 0.65129 1.21343 1.60057 0.74527 1.55277 1.76905 1.28329 1.66365 1.49438 1.83561 1.90516 0.90394 0.59136 1.64765 1.82978 0.85830 1.77521 0.89582 1.64100 1.66999 1.97478 0.62711
0.57481 1.77464 1.85830 0.65165 0.72080 1.07993 0.81637 1.68116 1.34545 0.59313 0.94108 0.93540 1.63533 1.07085 1.89944 0.81366 1.96253 1.05441 1.06806 1.17794 0.50720 1.20890 0.69255 1.91492 1.13948 1.54208 0.84398 1.63708 1.78266 0.80686 0.62935 1.15749 0.72561 1.42963 1.86707 1.52260 1.00451 1.83608 1.12189 0.72819 0.98805 0.69029 0.92490 1.02057 1.59957 1.06724 1.95271 0.94966 0.53262 1.17786 0.82170 1.13895 0.72217 1.98194 1.88391 0.85921 0.91950 1.82140 1.78365 1.50916 1.50574 1.15391 0.54849 1.77820 1.50746
0.87218 1.45289 0.55933 0.76160 1.56607 1.71089 0.95565 0.57156 1.25105 1.53894 1.04018 1.75317 1.76527 0.85988 1.66854 0.60860 0.55551 1.95438 0.93883 0.69849 0.54208 1.51820 1.15249 1.69257 1.17477 1.69673 1.11433 1.52625 0.99091 1.28427 0.94556 0.99691 1.32845 0.67383 1.22396 0.72445 0.92471 1.05356 0.52243 1.16680 1.24057 1.41859 1.97865 1.61747 1.10616 1.77403 1.75313 1.43436 1.19318 1.96300 1.91721 1.81715 1.94291 1.26197 1.75559 1.52035 1.94589 1.06221 1.24896 0.72529 0.72669 1.05958 1.31701 0.86209 0.79123 0.78149
0.74417 0.70054 1.53403 1.26793 1.81804 1.59631 1.75590 0.80726 0.52930 1.34895 1.04636 1.80132 1.16064 0.66646 1.06875 0.89307 1.93200 0.96837 1.52719 1.76486 0.68585 1.17459 0.58312 1.07289 1.24863 1.36382 1.74363 1.44825 0.79377 1.42296 1.00959 0.79261 1.92068 0.74467 1.89338 1.23588 1.52714 1.79073 1.08363 1.11658 0.61696 1.66459 1.37649 0.90692 1.92354 1.13567 1.49526 0.66447 0.91691 0.93863 0.60151 1.70736 1.04615 1.11508 1.60439 1.60154 1.72173 1.44621 0.74029 1.97747 1.80098 1.06251 1.20790 1.99294 0.97220 1.61656 1.54975
0.91631 1.99490 0.52442 1.93351 0.83734 1.07581 1.18799 1.16914 1.50561 0.96950 0.78464 1.02866 0.84502 0.59712 1.08304 1.73095 1.39613 1.11682 0.91894 1.80903 0.85927 0.71008 1.22176 1.12322 1.09344 1.19606 1.82434 0.56849 1.19724 0.89114 1.13288 0.65172 1.77843 0.86862 0.70412 1.79504 0.63654 0.82534 0.65814 1.56736 1.97059 1.54132 0.69170 0.62415 0.86847 1.03256 1.06653 0.56963 1.91581 1.57732 1.02301 1.13326 0.87839 1.41018 1.97325 1.40196 1.13493 1.76155 0.75584 0.62932 1.79578 1.93956 0.77882 0.94215 1.06421 0.70693 1.19175 1.19803
1.48518 0.53099 1.90213 1.45190 0.89241 1.73601 0.86996 0.53540 1.31285 1.59646 1.53859 1.41889 0.81369 0.71428 1.86292 1.54174 0.59429 1.61609 1.76802 1.58564 1.72513 1.01992 1.92483 1.80070 0.78977 1.64118 1.11845 1.76846 1.76645 1.75275 1.62423 0.73816 1.21603 1.90873 1.45563 1.00855 1.19212 1.73839 0.76441 0.99509 0.79074 0.51533 1.54636 0.51459 1.18416 1.74203 1.22926 1.68926 1.61912 1.71620 1.12210 0.90807 1.14654 1.46863 1.32299 1.77944 1.03169 0.75833 1.80910 1.30696 0.88187 1.47436 0.77608 0.98771 1.52885 0.65910 1.12623 0.99458 1.31227
1.82538 1.41949 1.00008 1.69970 0.57611 0.97698 1.51477 1.04958 0.99903 1.35755 1.48305 1.68707 1.12938 0.61355 1.12641 0.88740 1.35203 1.28001 1.66027 1.99645 0.77325 1.20731 1.67819 0.66260 0.91778 1.71127 1.13836 1.06368 1.04967 1.21599 0.92736 1.89181 1.53132 0.89516 0.70491 1.34635 1.74772 1.66040 0.78706 1.97617 0.72065 1.49298 1.22596 1.40094 1.24938 0.83143 1.08674 0.81227 0.75452 1.51868 0.51336 1.06807 1.27634 1.34799 0.50149 0.96881 0.88759 1.32421 0.55320 1.47994 1.95334 0.55404 1.43806 0.78824 1.85825 1.40989 0.75236 0.84476 0.56869 0.77274
1.06923 1.53785 1.62214 0.90443 1.20419 0.83075 1.17294 0.93940 0.50162 1.55605 1.19198 1.33005 0.53542 1.98450 0.55163 1.76245 1.44112 0.81415 1.87447 0.93450 1.46791 0.60193 1.68621 0.84802 1.96739 0.54030 1.82624 0.96132 1.59314 0.91858 0.78350 1.86891 0.83487 1.11397 1.02333 1.13047 1.20059 0.65591 0.77654 1.34875 1.94267 1.54343 0.60952 0.52353 1.08552 1.35634 1.05954 0.71469 0.70995 1.78441 0.88187 1.73775 0.75948 0.55693 1.55432 0.98580 0.86931 1.55817 1.65386 1.43028 0.57453 1.74509 1.19848 0.81590 1.44960 1.95526 1.29144 1.90772 1.61156 0.55218 1.71930
0.60331 1.81960 1.17471 1.47763 0.69882 1.52371 0.95799 0.50641 0.72655 1.44152 1.90772 1.57459 1.90309 0.56046 1.64305 0.53794 1.47370 0.59644 1.81334 1.72556 1.64516 0.74883 1.25621 1.71466 1.19455 1.93215 1.21685 0.76547 1.50084 1.66820 1.77408 0.63114 1.95062 1.04085 1.04173 1.59124 1.40001 1.17716 1.35443 1.42394 0.88362 1.80970 1.12309 1.76712 0.71319 0.52216 1.94261 1.05569 1.00397 1.30645 0.57111 1.23749 1.44735 1.50346 0.72425 0.53593 1.63627 0.85580 1.53595 1.03911 0.64212 0.63210 1.52594 1.07832 1.79927 1.55464 0.77038 1.81638 1.60846 1.06226 1.14365 1.45971
1.42646 0.88114 0.96103 1.07824 1.25528 1.95084 0.94231 0.89849 0.99349 1.14953 0.56640 1.69222 1.16616 0.60774 1.25162 1.04425 1.01823 1.48373 0.74072 1.32897 1.82052 0.84820 0.91569 1.38699 0.59994 0.71643 0.63802 0.72851 0.86149 1.97308 1.27043 1.76580 1.69017 0.98439 1.78960 1.22726 1.36889 1.49722 1.02176 1.99738 1.75232 1.71118 0.60009 0.74588 1.94733 0.96549 1.44060 0.92503 1.06187 1.22355 1.84872 1.73100 1.19103 1.37794 1.84911 1.25347 0.85359 1.73492 1.13746 1.55641 1.71897 1.00902 1.87794 1.06830 1.05116 0.54709 0.78633 1.00543 0.58601 1.46554 1.15602 1.50660 1.71399
1.30613 1.59071 1.85132 1.96371 1.58224 0.61599 1.15234 1.44312 0.96385 0.52142 1.92673 1.10726 1.90456 1.99661 1.10819 1.27155 0.57636 1.44563 0.67377 0.68379 1.22422 1.82231 1.97240 0.82343 0.75721 1.36605 0.71860 0.99221 1.91241 1.26701 1.98911 1.33406 1.44507 1.80307 1.23380 0.76751 1.88147 1.88699 1.40052 0.92166 1.26837 1.62619 1.01264 1.05290 1.24719 1.70986 1.38162 1.62889 1.46075 1.68128 1.23637 1.01371 0.60261 1.17119 0.58352 1.45054 1.91395 1.33075 0.59452 0.80191 1.37698 1.79580 1.03013 1.78577 1.28596 1.57482 1.07190 1.59270 1.22404 1.55782 0.84412 1.56780 0.55016 0.51159
1.50704 0.69385 1.84541 0.66708 0.72218 1.47353 0.91684 1.65855 0.93138 1.25436 0.68110 1.00454 1.59309 1.79839 1.46495 0.52206 1.21604 1.68686 0.80798 1.35908 0.90628 1.00497 0.91423 0.92808 0.50542 1.06442 0.62990 1.72948 0.71130 1.13921 1.81347 0.69374 0.65845 0.73955 0.95253 1.41690 1.45904 0.72865 0.54755 1.19741 1.83509 0.77578 1.95783 0.51155 1.16332 1.09774 0.94342 0.73142 0.50979 1.35035 1.43667 1.56076 0.80380 1.35023 1.28442 1.70827 0.85688 1.83328 0.77138 1.73748 1.90138 1.48250 1.39120 1.37937 1.68538 1.17339 1.93035 1.13228 0.60683 1.50258 1.73811 1.55719 0.60269 0.86541 1.05393
0.59565 1.00593 0.79339 1.92712 0.83536 1.53533 1.50258 0.98940 1.81460 1.89654 0.91438 0.71205 0.57273 1.18616 1.05050 1.31684 1.32408 1.28253 1.21413 1.51153 1.69958 0.86172 1.37960 1.77083 0.67620 0.61719 0.77552 1.46676 1.32041 1.82547 1.92767 1.77291 0.87720 1.02346 1.94914 1.09075 1.64518 1.50140 0.89300 1.11247 1.74006 0.54790 1.01407 0.93942 1.75676 0.80643 1.59601 0.64131 1.74841 1.11019 0.57648 1.65084 1.38423 1.03626 1.67733 1.05020 1.59465 1.57728 1.99608 1.13190 1.62777 1.67205 1.58097 1.73077 1.47123 0.80303 1.34936 1.79585 1.86060 1.56156 1.98345 1.10451 1.77623 0.78277 1.75170 1.65037
1.41470 1.85689 1.32902 1.42471 0.50839 0.54042 1.82379 0.81512 0.67749 0.89504 1.45545 1.44941 0.76642 1.47007 1.34167 1.52293 1.73611 0.76836 1.45940 1.68965 0.71651 0.50796 1.92102 1.62241 0.82451 1.61272 1.44642 0.83512 1.96398 1.91063 0.80499 1.50784 1.54276 1.56705 1.93434 1.17207 0.97596 0.71710 0.64291 1.90440 1.65572 0.86373 1.88818 0.82016 0.77042 0.94020 1.97411 1.22483 1.37348 0.56032 0.88723 0.63060 1.19175 1.96564 1.69894 1.13005 1.42249 1.56064 0.90809 0.89895 1.30381 0.91335 1.42954 0.92564 1.14520 0.65705 1.27740 1.54131 1.37887 0.73840 1.10510 1.43447 1.32017 1.16466 0.56068 1.47193 0.72260
1.95868 1.41221 1.68911 1.12014 0.79572 1.37675 1.71284 0.63062 1.17266 1.03556 1.05151 0.99634 0.80084 0.78380 1.08632 0.97342 1.40806 1.87180 0.85864 1.87588 0.63292 1.63146 1.77522 1.08593 1.45426 0.99014 0.71141 1.20480 0.53588 0.92241 1.82657 1.02454 1.45099 0.59703 0.94888 1.13313 1.86053 1.02496 1.28601 1.65715 1.70615 0.99830 0.85819 0.81120 0.89491 0.90285 1.31330 0.75721 1.95371 1.60175 1.30853 1.97303 1.77517 1.35733 0.91211 0.99383 1.31016 1.10792 0.50046 1.35913 0.89849 1.60024 1.57020 1.18816 1.74721 1.11174 1.12733 1.22054 1.83331 1.93827 1.41172 0.84419 0.57470 1.10380 1.36575 0.98514 0.66828 1.49108
1.75537 0.93278 1.12403 1.28923 1.26922 1.60255 1.88554 1.13976 0.60650 1.08725 0.68728 1.63591 1.87869 1.77699 1.95933 1.75222 1.43126 1.00294 1.99362 1.17700 1.81900 1.94218 0.88293 1.51992 0.58986 1.92073 1.99286 0.56676 1.54541 1.57425 0.55816 1.85238 0.63509 0.96482 1.79746 1.14897 0.62430 1.08085 1.75286 0.80934 0.96644 1.82134 1.58501 1.80913 0.57704 0.85595 0.73270 0.92018 1.12180 1.33511 1.25007 1.55937 1.50527 0.94731 1.52094 1.26526 1.26825 0.90870 1.54139 1.45480 1.44745 0.72540 1.09403 0.52418 0.79968 0.84826 0.54851 1.83927 0.98426 0.96640 1.48273 1.01283 0.86753 1.58693 1.64896 1.43408 1.45733 1.99411 1.35426
0.92012 1.82610 0.68032 1.06687 1.65210 1.01092 1.79174 0.51894 0.56426 1.10539 1.31866 1.30782 0.58978 1.11351 1.29663 1.70271 1.90779 0.54742 1.04131 1.51698 1.79672 1.99221 1.18057 1.31033 1.27374 1.04290 1.17427 1.71294 1.15595 1.48780 1.11610 1.32811 1.60845 1.94476 0.93280 1.97926 0.85223 1.41909 0.57035 1.48786 0.65900 0.97294 1.93316 1.14053 1.18983 0.83268 1.73053 0.74419 1.41654 0.56866 1.26630 1.50728 0.84085 0.76671 0.85014 0.56251 1.54096 1.82582 0.61689 1.65456 1.50781 1.06354 0.95716 1.47023 0.54978 1.51303 1.67985 1.34993 1.78889 0.60546 1.45128 0.59215 1.47113 0.84669 0.99852 1.99630 1.56607 1.37366 0.60786 1.63785
1.11436 1.00988 0.66011 0.51280 0.82928 1.71605 1.89989 1.63727 1.37599 1.12776 1.94918 1.07032 0.56607 1.29360 1.29976 1.53155 1.15658 1.92653 1.29580 1.68192 1.10546 1.32402 0.51112 0.71387 0.82480 1.51083 0.71256 1.03733 1.55006 0.69282 0.66839 1.20931 1.98355 1.57727 1.88699 1.99098 1.24482 1.84903 1.73751 1.06097 0.92660 1.20014 1.23641 1.66800 0.73984 1.64941 1.99168 1.22267 1.48151 0.65629 0.94543 0.81929 0.94525 1.44911 1.84720 1.12754 1.03661 0.89080 0.72415 1.88870 0.90502 1.29670 1.64051 1.43047 1.19322 1.98043 0.82086 1.63237 1.74692 1.32106 1.59631 1.76463 1.03216 1.23676 1.56177 1.48515 1.60809 0.76264 0.56350 1.90435 0.61721
1.13797 1.69885 1.39094 1.80748 0.51700 1.33480 0.80458 1.72767 1.77562 0.68000 1.98856 0.60111 0.85924 0.62680 0.79751 0.53639 1.22638 0.72569 0.78126 1.48378 0.50437 0.82653 1.05967 0.90146 1.28649 1.11492 1.01804 0.72014 1.01453 1.15444 1.62306 0.87028 0.57542 0.66226 1.81688 0.54928 1.58430 0.85523 1.88528 1.87335 1.77829 1.31126 1.64823 0.65398 1.96327 1.84816 1.97817 1.71626 1.33386 1.51361 1.77658 0.97718 1.97445 1.25241 1.45505 1.28323 1.89037 0.57717 0.63834 1.95833 1.48337 1.64375 1.08624 1.76912 1.56510 1.06849 1.96004 0.97442 0.91981 0.72296 1.30347 0.95401 1.61483 1.76137 1.38159 0.57209 1.18867 1.08201 1.83779 0.83630 0.50645 1.38996
1.98986 0.79748 1.55955 0.97631 1.14909 1.39451 0.61367 1.86359 1.60736 1.59343 1.73538 1.42866 1.91307 1.42524 0.66350 0.53983 1.23174 1.57659 0.68973 1.33613 0.97354 1.28817 1.33233 1.84595 1.27210 1.20807 1.35845 0.87468 0.68128 1.05594 1.67525 1.42693 1.93725 0.59399 0.54994 0.73101 0.80870 1.68193 1.89910 1.87535 1.97827 0.54979 1.57610 0.92461 0.89548 1.11561 1.83168 0.73784 0.88120 0.58514 1.24170 1.80772 1.10831 1.64055 0.92410 0.85843 1.39490 0.99362 1.22684 1.67760 1.20574 0.98888 0.52921 1.84812 1.18745 1.14599 1.75224 1.59325 0.52182 1.89471 1.35597 0.99925 1.36180 1.51642 0.80427 1.35697 1.36815 1.73039 0.59559 1.74553 0.75386 0.96139 0.61105
1.91327 1.36983 1.63930 1.04612 1.61792 1.09241 1.22653 0.66614 0.71147 1.82765 1.67967 0.97766 1.74849 0.60089 0.52870 0.81600 1.70728 0.87090 1.54344 1.52490 1.16876 1.89276 0.78944 0.61259 1.28155 1.42540 1.64457 1.96453 1.72174 0.67282 1.96804 0.62446 0.75772 1.40634 0.75872 1.49810 1.66373 1.72276 0.74477 1.64932 1.89112 0.87758 1.74770 0.64954 1.71181 1.41516 1.53525 1.57378 1.23231 1.54651 0.71059 1.03416 1.98503 1.93934 0.73022 0.93789 0.73772 1.39958 0.63528 0.65954 1.24390 1.57261 0.56534 0.97263 0.88252 0.54294 0.60483 1.99470 0.73820 1.77104 0.65968 1.67976 1.30013 1.36335 0.52207 1.81674 1.12503 0.62063 0.78006 1.13119 1.44459 1.09173 0.80457 1.62406
1.21221 1.25353 1.62654 1.10104 1.86361 1.74083 1.47090 0.50843 1.55412 1.18086 0.60667 1.21298 1.44867 0.77310 1.99893 0.94392 1.75646 1.76869 0.56342 0.76501 0.53453 1.10014 1.10327 1.16375 1.26374 1.13286 1.48631 0.77223 1.21450 1.73035 1.96662 1.76592 0.97422 0.96140 1.99183 1.04154 1.99011 1.82327 1.26755 0.92189 1.87161 1.62097 0.81820 1.85416 1.42827 1.38180 1.23848 1.53738 0.72106 0.76091 1.14181 1.85382 1.59474 1.60242 1.10179 1.24332 0.77241 0.74276 0.60170 1.07687 1.80340 0.95757 0.96465 1.46842 1.57867 1.90757 0.63420 1.05648 1.22690 1.26067 1.94902 1.68715 1.06425 1.87980 1.65373 1.46871 1.34927 1.29371 0.94953 0.59944 1.39542 1.77426 1.78743 1.24045 1.46411
0.73176 1.03621 1.75850 1.18322 1.19704 0.61224 1.10178 1.16919 1.57040 1.12860 0.51686 1.86592 1.91613 1.82352 1.79788 0.54844 1.43989 1.52083 1.17941 1.17270 1.49399 1.36944 1.02324 0.63855 1.97879 1.62798 1.35962 0.73524 1.73479 1.36474 0.75223 0.61426 1.47054 1.57188 1.95340 1.53160 1.16650 1.87666 1.51209 1.26764 1.19266 1.26954 0.52849 0.84951 1.79987 0.67300 1.26282 0.54372 1.03045 1.99977 1.74886 1.87575 1.19493 0.60972 0.53606 1.60318 0.60975 1.53606 1.49449 1.96801 0.87390 1.52847 1.37361 1.80715 1.18735 1.41010 1.52644 1.38989 1.25490 1.31239 1.94308 1.72807 1.31036 0.54636 1.18566 1.81862 1.94773 1.42639 1.17508 1.97642 1.81118 1.76384 1.55273 1.56113 1.41082 0.69437
0.55726 1.65298 1.99839 1.36619 0.62955 1.47201 1.47776 0.62454 0.95024 1.03980 0.67451 1.08871 0.58440 1.71012 1.24919 1.18050 1.11448 0.68918 0.87821 0.91554 1.78725 0.88892 1.76448 1.30772 0.90281 1.93774 1.29038 1.80402 0.68126 0.87297 1.00244 0.60185 1.09699 0.97587 0.58082 1.99938 1.30860 1.62456 1.57080 1.48600 0.59766 1.08733 1.23321 1.67348 1.92713 1.26761 1.80720 1.46864 1.28993 1.81061 1.61847 1.18021 1.65868 1.04728 1.31892 1.68462 1.28806 1.18958 1.53693 1.24073 0.91181 0.91232 0.85829 0.65013 1.99812 0.56842 1.03413 1.55246 0.84003 1.26049 1.39800 1.14441 0.56324 1.01551 0.79707 0.74717 1.94070 1.79152 1.25104 1.40664 1.05673 1.29106 1.00936 1.25766 0.83261 1.28305 0.64254
1.61608 1.85078 1.56336 0.76998 1.07119 1.53153 0.73575 0.84396 1.30970 1.16047 1.58088 0.71018 1.22203 0.94681 0.73411 1.76448 1.93159 1.57789 0.80777 1.58424 1.21512 1.32748 0.66192 1.12120 0.85723 1.10477 1.45863 1.12101 1.86487 0.99030 1.09584 1.48794 0.58837 0.73254 1.80376 1.10963 1.93853 1.41200 1.60087 1.99442 1.67468 1.05103 1.77993 1.34405 0.81602 1.94595 1.60785 0.62267 1.03923 0.62993 0.93971 1.29789 0.65614 1.19530 1.97280 1.97490 0.68719 1.91053 0.58171 0.64798 0.60922 1.75404 1.14957 0.81359 1.43466 1.38196 1.22156 1.99360 0.65655 1.13108 1.25429 0.57653 0.62828 1.01010 1.44034 1.11788 0.65061 1.94431 0.58810 1.12849 1.04596 1.70174 0.54554 0.56118 0.77640 1.36801 1.23568 1.82075
0.92476 1.92525 1.71715 1.42104 0.78289 1.36786 1.29966 0.72533 1.73987 0.99949 1.07591 1.09580 0.82470 1.23138 0.56905 1.74303 0.71125 0.53248 1.89414 1.49566 1.85188 1.54248 1.81996 1.81007 1.03765 1.32344 0.96797 1.67651 0.59688 0.89268 1.71280 1.45168 1.39462 1.43749 1.01353 0.63617 0.71921 1.54052 1.87448 1.53671 1.37200 1.15378 1.40582 0.63000 1.20576 1.58273 1.01010 1.17750 0.85862 0.57317 1.76276 0.69738 1.07556 1.51882 0.94147 1.13996 1.38690 1.11469 1.70386 1.56324 0.59833 0.70840 1.26617 0.95655 0.63922 0.85863 1.61115 1.51098 1.99012 1.80065 1.35055 1.56892 0.75956 1.93230 1.26805 1.13854 1.84167 1.73721 1.65312 0.76548 1.11959 1.82190 1.31093 1.77440 1.99793 1.61427 1.31607 0.91926 1.14947
1.94187 0.98336 0.82274 1.80540 0.90737 1.56530 1.94425 1.79230 0.70625 1.68483 1.00014 1.97254 1.89999 1.10470 0.84432 0.69197 1.67616 1.38355 1.80717 1.39679 1.93844 0.91406 0.90162 1.09524 0.92854 1.73285 1.32175 1.36349 0.82024 0.60875 1.74969 1.47614 1.48708 1.32096 0.50839 1.71936 1.13674 1.80434 0.89062 0.57428 1.55447 0.58124 0.72297 0.93876 1.74357 0.77945 1.18914 1.44176 0.98849 1.77855 0.91166 1.13181 0.54920 1.87358 0.52540 1.66853 1.91424 0.71605 1.71064 1.82941 1.89974 1.17332 1.32901 0.82256 1.40541 0.94749 1.03007 1.66926 0.60909 0.91946 1.37712 0.69965 1.12493 1.23016 0.54727 1.76103 1.11816 0.74966 1.11302 0.94116 1.45771 1.30519 1.42177 1.69668 0.88779 1.05204 1.40855 0.91421 1.75261 1.93111
0.74714 1.29690 1.85150 1.59495 1.71170 1.54799 1.12691 1.91751 1.18983 1.24610 1.32915 1.99238 0.79056 1.92246 1.86614 1.65369 0.77304 1.27913 1.71082 1.59697 1.98488 1.51644 1.30945 0.64667 1.91764 1.92628 1.76394 1.31025 1.95866 1.57070 0.88226 0.75249 1.57292 1.20901 1.62503 1.07107 1.66948 1.41919 0.80757 1.98186 0.80519 1.48410 0.68522 1.43301 0.86962 0.72576 1.38202 1.22261 0.99918 1.11139 0.50760 0.91332 1.39379 1.50720 1.46005 1.57204 1.01035 1.61350 1.11127 1.61816 1.55029 1.50660 1.39767 0.84207 1.36686 1.16600 0.61738 1.34557 1.87612 0.87794 1.14188 1.43596 1.60971 1.38307 1.33217 1.41744 1.22796 1.54680 1.22509 1.53117 0.51152 1.19192 0.77356 1.57290 0.72785 1.49048 1.58820 0.94444 1.50725 0.80319 0.75589
1.50312 1.27926 1.16020 1.90125 1.52994 0.74181 1.56493 1.05746 1.23673 0.95727 0.67030 0.75516 0.53320 0.73947 1.83580 1.79520 0.57175 1.67450 1.11663 0.75433 1.54470 0.90764 1.12813 1.62374 1.97888 0.70161 1.57721 0.88385 1.21861 0.61658 1.68719 0.73684 0.64889 1.60935 1.96067 0.81188 0.70341 1.86398 0.68121 1.52630 1.23681 1.74674 1.87479 1.99120 1.65263 1.26937 0.88300 1.06407 1.89226 1.58387 0.82430 0.92969 0.85401 1.63097 1.96376 1.75095 0.98646 0.65243 1.30900 0.63704 1.78074 1.04202 1.18038 1.83728 1.06299 1.94135 1.94238 1.55196 1.94074 1.40310 0.71472 0.80666 0.70714 1.50962 1.48719 0.90778 1.32370 0.99890 1.47001 1.93381 0.68554 1.01866 1.44061 1.50965 0.90590 0.75357 1.92589 1.54909 0.61810 0.92848 0.71181 1.67791
1.89069 1.07785 1.96122 0.92556 0.80656 1.95733 1.02352 0.53620 1.45948 1.86545 0.79943 0.93283 0.86916 1.06826 1.64686 0.61745 1.82114 1.44686 1.62886 1.02965 1.14629 0.52817 0.59791 1.97241 0.56800 1.15830 0.75586 1.32196 1.18705 1.20837 1.02683 1.56376 1.81040 0.94865 1.51995 1.59994 0.59958 1.47974 1.24072 1.71127 0.95186 1.10470 0.87026 1.31497 0.84460 0.68191 0.52652 1.06855 1.48827 1.56086 1.99992 1.71535 0.65141 1.16162 1.13225 1.64817 0.60298 1.73849 0.92593 1.29434 1.39901 0.84253 0.50037 1.09936 0.88248 1.33040 1.97481 1.06955 1.51110 1.14799 1.75640 0.91086 1.52652 0.83400 0.93420 0.58298 1.93366 0.60592 0.58310 0.90157 1.10473 0.65389 1.60009 1.22582 0.61845 0.60329 0.76405 1.30493 1.53491 1.32221 1.40075 1.51683 1.94973
1.45617 1.75940 0.88046 1.46358 0.64000 1.43536 0.68466 1.33566 1.64655 0.74717 0.90912 1.37006 0.72401 0.54260 1.01333 1.20398 1.07821 1.97269 1.88963 1.26941 1.97652 1.35292 1.75742 0.72253 1.32551 1.16518 0.64778 1.00640 1.34244 1.80191 1.33517 1.45598 0.71324 1.80475 0.74428 1.69183 1.55142 0.78842 0.51706 1.57217 0.87346 0.62568 1.14358 1.38499 0.85392 0.55128 1.00946 1.14343 1.51475 1.71296 1.62776 0.61430 0.58733 1.14533 0.62256 1.21870 1.96079 1.96970 0.71029 0.60853 1.60012 1.73732 1.45601 0.71010 0.78063 0.65388 1.82167 0.52328 1.74396 1.14773 1.64536 1.97048 1.34917 0.52756 1.66381 1.09782 1.73845 1.03362 0.92162 1.98856 0.96793 0.60418 1.93839 1.39234 1.99487 0.62638 1.43353 1.28212 1.94722 1.14261 0.89110 1.46501 1.45881 0.88906
1.58083 1.49795 1.54065 0.86680 0.83118 0.76805 0.87360 1.42281 1.58459 1.12326 0.69498 0.93275 1.54599 1.15522 0.79287 1.09216 1.08431 0.98736 1.15110 0.83372 0.97727 0.85514 1.11777 1.68360 1.21645 0.89815 1.14421 1.27750 1.23856 1.34573 1.72224 0.50654 1.51955 0.88735 1.35964 1.30530 0.70250 1.52912 1.01351 1.50265 0.60297 1.81622 0.79056 1.39835 1.66950 0.92238 1.69802 1.77862 1.61731 0.84486 1.36202 1.55190 1.25311 1.30637 1.81316 0.88503 0.72897 1.24650 0.84476 0.53657 1.94084 1.96048 1.63450 1.60061 0.53958 0.63072 1.90918 0.94181 1.30914 1.02834 1.36731 1.04970 0.73849 0.87719 1.84200 1.32654 1.63350 1.05532 1.00125 0.62189 1.61454 1.67749 0.99461 1.58900 1.48220 1.51481 1.50226 1.06044 1.69614 0.50751 1.97455 1.67078 1.45114 1.01654 1.31941
1.29396 0.53316 0.55716 0.58714 1.19550 1.38397 1.43734 1.14320 1.20599 1.31857 1.28700 0.69503 0.79921 0.65047 1.97936 0.97013 1.19883 1.96439 1.21181 1.01231 1.39249 0.73480 0.54698 1.45170 1.50814 1.25191 1.50894 1.91056 1.97210 0.79196 0.52627 1.56626 1.10189 1.13971 1.21719 1.06258 0.78144 1.16801 1.29922 1.80487 1.31461 1.65936 1.80433 1.48452 0.67481 0.55138 1.61641 0.81746 0.87431 1.32799 1.75789 1.44478 0.60622 1.51005 0.50405 0.67216 1.48897 0.56727 1.23103 1.14735 1.68554 1.51368 1.30377 0.51001 1.15364 0.59978 0.70494 1.51160 0.87034 0.96768 1.17518 1.01473 1.14370 1.33762 1.86717 0.97656 0.55071 1.76380 1.64879 1.16019 1.00806 0.52545 1.66612 1.29884 1.23912 0.91575 1.08412 0.55159 0.91400 1.13197 1.75722 0.57735 1.11509 1.53833 1.14993 0.94429
0.56116 0.81731 1.10943 0.76908 1.40473 1.68810 0.61688 1.34171 1.59198 1.85024 1.42574 1.06754 1.98235 1.66973 1.91911 1.97815 0.57641 1.88673 0.53402 1.09240 0.55379 0.61996 1.31423 0.98560 1.68453 0.78713 1.40301 0.65916 1.86334 0.78521 0.60367 0.62830 1.32809 1.61295 1.94290 1.98335 1.34683 1.38699 1.75161 1.54473 1.21797 1.07381 1.42432 0.72904 1.37373 0.87644 0.87872 0.83397 0.54712 1.93474 1.91609 1.62824 1.75922 0.92134 0.59348 1.00927 1.55961 0.55196 1.96998 1.89762 1.80380 1.45681 1.98830 1.53844 1.37684 1.41162 1.12217 1.19309 0.78201 0.82950 0.91904 1.11837 1.54258 0.82384 1.89763 1.67628 0.82235 1.48481 0.60216 1.07084 0.94394 0.98819 1.56765 0.58724 1.41484 1.58299 1.99608 0.50194 1.38262 1.55046 0.66965 0.99750 1.65499 0.50754 1.60746 1.32363 0.94886
1.28034 0.98331 1.56129 1.14316 1.95909 1.38050 0.76945 1.29193 1.71746 1.83563 1.48617 1.77292 1.24158 1.61016 1.39319 0.94274 0.64581 1.09650 1.98255 0.51518 0.53504 0.87973 1.22899 0.95196 0.86770 1.87036 1.41742 1.32726 0.98549 0.72543 0.58838 1.31976 0.67907 1.17291 0.52664 1.00750 0.65322 0.83701 1.96794 1.84072 1.43445 1.18501 1.20830 0.71291 1.94744 1.96106 1.30392 1.15606 1.62625 1.93848 1.65769 1.04487 0.64107 1.24065 1.69565 1.05697 1.98676 1.25234 1.61763 0.97112 0.71306 0.55679 1.62981 1.85478 0.59848 1.22385 0.69261 1.98727 1.04961 1.12916 1.23057 1.62478 1.40548 1.13060 1.65971 1.61328 1.84520 0.53142 1.95775 1.78506 1.50551 1.58124 1.72785 0.58138 1.78467 1.18598 1.31792 1.42349 0.54439 1.55120 1.48641 1.34954 1.99161 1.27991 0.54958 0.91109 0.89850 1.62070
0.69275 1.19994 1.40894 0.92039 1.56815 1.40320 1.04754 1.42860 1.52614 1.47508 0.92499 1.91865 1.78680 0.94391 1.95120 1.49892 0.86359 1.64034 1.13630 1.26793 0.64707 0.78577 1.58377 0.84102 0.86862 1.74126 1.17048 1.80880 1.26728 1.33243 1.08176 0.93533 1.75937 0.75768 1.57633 1.49104 1.48725 1.08393 1.71324 1.51987 1.09302 0.79033 0.67059 0.53894 1.08799 1.20562 1.72680 1.56420 1.24246 0.92802 0.69391 0.78576 0.61965 1.01268 1.12630 0.70225 1.83855 1.64198 1.47963 0.50589 1.94388 1.09857 1.35938 1.00532 1.96090 0.98372 0.62887 0.50088 0.65736 1.40790 1.74810 1.57996 1.84165 1.88135 1.06379 0.91778 0.86676 1.78474 1.96046 1.50011 1.28700 1.96526 1.18265 1.31046 0.82991 0.60978 1.48382 0.50131 1.16946 1.18738 1.45275 1.54241 1.00248 0.61164 1.45297 1.10486 1.64879 0.57913 0.88626
1.17348 1.35805 1.25247 1.98660 1.40816 1.69394 1.51041 0.79734 1.13506 1.22404 1.74607 0.81731 1.34579 1.19556 0.86440 0.83868 0.71885 1.47489 0.50331 1.51910 1.59557 0.93484 1.55689 1.45424 1.11473 1.89322 1.40962 1.69569 1.86220 1.58811 0.51541 0.52965 0.53325 1.01151 1.02780 1.72110 1.47496 1.78552 0.79850 0.80771 1.00897 1.50761 0.66586 1.80596 0.99851 1.26240 1.49194 1.75013 1.68319 1.23689 1.98641 1.75540 0.54783 0.56652 0.97298 1.79121 1.42074 1.26816 0.72263 0.96141 1.00732 1.31266 1.02439 1.05378 1.88537 1.43122 1.00153 0.86107 1.65572 1.86865 0.63434 0.98639 1.94648 0.51954 0.55346 0.94701 1.69098 1.26935 1.52582 0.93048 1.64730 1.01090 1.32014 1.09139 0.94232 1.83513 1.98978 1.46345 0.95946 1.89582 1.81438 1.25799 1.20717 1.85266 1.69232 0.77117 1.64535 0.53576 1.84618 0.98561

Best known: 2041.34
