151 151 1544
0 0.0 0.0
13 -4.0 106.0
122 -11.0 106.0
30 -12.0 115.0
3 4.0 123.0
5 7.0 113.0
422 -13.0 125.0
13 -11.0 105.0
22 8.0 107.0
173 6.0 111.0
41 0.0 125.0
8 8.0 118.0
8 4.0 114.0
110 0.0 113.0
198 -5.0 109.0
384 -11.0 112.0
193 6.0 106.0
238 -11.0 123.0
265 -6.0 126.0
3 26.0 -33.0
469 34.0 -38.0
7 26.0 -44.0
6 28.0 -36.0
108 30.0 -39.0
10 44.0 -31.0
40 43.0 -27.0
635 45.0 -22.0
49 37.0 -44.0
149 32.0 -23.0
403 35.0 -41.0
42 48.0 -27.0
70 41.0 -35.0
201 45.0 -41.0
66 43.0 -36.0
526 34.0 -38.0
6 43.0 -23.0
279 32.0 -41.0
160 33.0 -24.0
3 48.0 -26.0
4 102.0 85.0
105 90.0 69.0
46 95.0 88.0
474 79.0 74.0
7 77.0 89.0
7 99.0 81.0
99 99.0 80.0
126 81.0 84.0
119 77.0 69.0
46 86.0 85.0
273 82.0 89.0
91 86.0 86.0
294 84.0 87.0
4 23.0 14.0
81 13.0 4.0
285 13.0 7.0
90 16.0 2.0
462 17.0 -1.0
65 16.0 3.0
6 13.0 10.0
4 23.0 11.0
529 15.0 5.0
165 17.0 -1.0
4 11.0 0.0
394 19.0 1.0
3 14.0 3.0
60 18.0 -3.0
899 118.0 8.0
169 99.0 21.0
10 106.0 -5.0
47 124.0 8.0
37 104.0 3.0
23 126.0 4.0
25 115.0 7.0
444 110.0 -3.0
3 98.0 -6.0
99 111.0 13.0
58 -67.0 90.0
7 -56.0 96.0
11 -56.0 97.0
15 -57.0 100.0
381 -54.0 101.0
7 -50.0 96.0
39 -64.0 103.0
502 -63.0 103.0
115 -57.0 100.0
85 -53.0 106.0
3 -57.0 96.0
136 -67.0 97.0
111 -61.0 98.0
66 -66.0 95.0
50 -51.0 104.0
252 -62.0 95.0
4 -67.0 106.0
119 -51.0 102.0
746 -86.0 87.0
6 -82.0 78.0
51 -92.0 86.0
322 -86.0 78.0
1023 6.0 67.0
5 13.0 59.0
10 21.0 66.0
153 8.0 59.0
29 20.0 70.0
13 1.0 62.0
3 19.0 57.0
4 15.0 70.0
70 20.0 55.0
9 8.0 51.0
147 3.0 54.0
3 18.0 68.0
10 12.0 53.0
4 3.0 65.0
439 4.0 62.0
14 19.0 52.0
729 92.0 -28.0
29 92.0 -26.0
3 80.0 -28.0
98 91.0 -18.0
113 93.0 -24.0
122 76.0 -15.0
11 88.0 -33.0
90 83.0 -28.0
789 86.0 -23.0
6 92.0 -20.0
179 82.0 -29.0
3 88.0 -29.0
3 82.0 -27.0
21 88.0 -13.0
869 83.0 -29.0
246 90.0 -17.0
10 49.0 -4.0
36 58.0 -6.0
14 64.0 -7.0
134 54.0 -15.0
175 66.0 -3.0
32 65.0 -13.0
20 57.0 -20.0
212 38.0 -2.0
45 -44.0 88.0
173 -36.0 100.0
240 -37.0 98.0
16 -39.0 110.0
27 -34.0 111.0
61 -47.0 111.0
203 -28.0 105.0
5 -38.0 98.0
369 -32.0 91.0
81 -25.0 97.0
128 -46.0 111.0
406 -36.0 107.0
32 -35.0 92.0

1.02792
0.60110 0.80147
0.76496 1.02868 1.91249
1.99659 1.52872 1.20043 0.77188
0.70774 0.70789 1.20411 1.86454 1.98592
1.49365 0.71174 1.10666 1.70423 1.08826 1.79377
0.74227 1.47086 1.39401 0.62096 1.00528 0.66130 0.98445
0.83377 1.28529 1.41605 1.44458 0.51317 0.95151 1.38406 0.94065
1.96103 1.69100 1.13854 1.51291 0.62747 1.87067 1.11043 1.50841 1.93588
1.40824 0.71503 0.90740 0.97933 1.60051 1.60327 1.84059 0.99637 0.91381 0.55437
1.14933 1.30101 0.78389 0.66701 0.63149 1.82340 1.60614 1.94028 1.73789 1.94720 1.98447
0.79738 1.44040 1.89406 1.05514 0.54754 1.95703 1.89489 1.49315 1.59023 0.92745 1.40739 1.49497
0.51972 1.65936 0.99581 0.78533 1.97271 0.77011 1.04263 0.52305 0.82407 1.62025 0.50684 1.17954 0.75867
1.67183 0.68338 0.83118 0.94024 1.19680 0.92445 1.67767 0.56817 1.19475 1.16708 1.91008 1.56131 1.12012 1.36379
0.96256 1.04391 1.38551 1.91291 1.57752 1.14069 1.35471 0.67855 1.68752 1.54393 0.74427 0.50441 1.18997 0.88369 1.53381
0.74978 0.94830 0.92180 1.73174 1.09779 1.29121 1.46230 1.27503 1.16720 1.06527 1.49160 1.84590 1.12865 0.88548 1.20913 1.10986
1.66421 1.47799 1.36982 1.84569 1.01905 0.65626 0.55735 1.17067 0.93558 0.81635 0.62164 0.52334 1.20746 1.81644 1.07954 1.59779 0.95437
0.62977 0.76930 1.74644 0.57292 1.77866 1.49531 1.54133 0.55661 1.36911 0.76953 1.51303 0.64575 1.72178 1.89755 1.96583 1.36524 1.67416 1.07213
1.82935 1.83744 1.78240 1.57628 0.88435 0.62562 1.81543 1.89049 1.87328 0.85259 1.97006 1.86803 1.36856 1.74107 0.63263 1.77088 1.61384 0.79007 0.82626
1.99007 0.65731 1.02500 0.99183 0.94948 1.26565 0.96865 1.95601 0.61195 0.63937 1.11113 0.79425 1.34476 0.69737 1.51344 1.66796 0.89726 1.71712 0.59934 0.63996
0.76061 1.41954 1.51058 1.92283 1.08984 1.63647 1.15474 1.74376 0.54191 0.65404 1.91260 1.92153 1.68874 0.90183 0.77758 1.09173 0.69767 0.82779 1.49798 1.45092 0.97463
0.71778 0.52128 0.94615 1.30338 0.99365 1.77186 1.31148 1.23198 1.92545 0.59911 0.77011 0.85233 0.77018 1.38987 1.95273 1.93276 1.06830 0.95869 1.15446 1.10174 1.35603 1.01202
1.41520 1.97920 1.92478 0.63250 1.49594 0.80704 1.44153 1.58797 1.61296 1.64185 0.52381 1.52808 1.19652 0.97179 1.61000 0.58121 0.89121 0.91971 1.47347 0.62918 1.93065 1.03320 0.59449
1.31652 1.28914 1.51667 0.60115 0.98261 1.56502 0.60224 1.23383 1.37143 1.84961 0.91090 1.05088 1.96406 1.94041 1.16732 1.12761 1.70330 1.86429 1.81425 0.86617 1.15048 0.64341 1.76232 1.27692
0.83883 1.05417 1.19769 1.37917 0.73384 1.37118 1.25217 1.66395 0.75363 1.97467 0.91148 1.71526 1.62174 0.67186 0.99827 1.32515 1.93293 1.77935 1.16861 1.38615 0.87642 0.85844 1.75175 1.68548 1.78835
1.44941 0.75956 1.90965 1.79817 1.82303 1.04019 0.58439 1.78254 1.61366 1.18076 0.52154 1.97481 1.04622 1.91976 1.40579 0.67103 0.51975 1.52917 1.33597 1.52413 1.38238 0.80134 0.62376 1.74629 1.58079 1.58873
1.15201 0.80262 1.11596 0.60742 1.27752 1.61470 0.93164 1.01451 0.56643 1.59964 0.59694 1.96238 1.06603 1.72457 0.55698 0.80011 0.85037 0.66167 1.02417 0.79383 1.77841 1.84387 1.17124 0.59095 1.96984 1.62557 1.90201
1.87696 1.63141 0.77290 1.69971 0.56148 1.50965 1.60390 0.91182 0.79736 0.66460 0.59476 1.58173 1.23526 0.81725 1.05044 1.79349 1.39527 1.94622 1.01675 1.89652 0.79560 1.00045 1.20063 1.61058 1.22355 0.90171 0.85202 1.98770
1.65241 1.74537 1.49728 0.80168 1.03834 1.87001 1.61829 0.80847 1.35672 1.41427 1.79655 0.58755 0.71608 1.90123 0.78116 0.52150 1.94451 0.72061 1.95144 1.67834 1.46374 1.68464 0.96396 0.54472 1.76185 1.07165 1.26863 0.81614 1.31810
1.13904 1.35736 1.39547 1.23279 0.86539 1.98177 1.33594 0.86945 1.04985 0.92732 1.16167 1.30560 0.67417 0.84091 1.44786 0.71812 0.57326 1.89575 1.33564 1.89488 0.93559 1.88220 0.94142 1.65468 1.56203 1.19599 0.71434 0.97526 1.83064 1.06855
1.40645 0.80378 0.60936 1.49008 1.51593 1.97235 1.80891 1.73298 1.01462 0.83121 0.51130 1.49630 0.81846 1.56062 1.78803 0.50198 1.43009 1.88081 1.17894 0.97979 1.16355 0.85398 0.60441 1.67265 0.60978 1.49899 1.90332 0.53674 1.51730 1.64627 0.55800
1.37042 1.38757 1.96550 1.52061 1.73094 1.03109 0.90356 1.26459 0.80972 1.39122 1.83938 0.56977 1.30491 1.34627 1.97906 1.70141 1.76778 0.61319 1.67391 1.33143 0.78445 0.69323 0.50366 0.64839 0.80073 1.53371 1.65654 0.68476 1.71327 1.98727 1.97646 1.73222
1.48227 1.05022 0.58123 1.69486 1.54242 0.82287 1.41367 1.93456 0.87778 1.29083 1.23518 0.82896 1.45069 1.35087 1.30750 0.89671 0.60360 0.71699 0.65850 0.88806 1.00230 1.24475 1.47893 1.77207 1.67997 0.67886 1.80659 1.08654 1.26793 0.73784 0.59736 0.87064 1.59195
0.73179 0.70661 1.09583 0.56366 0.72103 1.30028 1.81078 0.57130 0.91406 0.97406 1.93680 1.50064 1.22237 0.62777 1.89352 1.14879 1.67996 1.40176 1.80350 1.50679 1.56504 1.99158 1.87318 0.66274 0.69639 1.90849 0.79671 1.60079 0.52706 1.19523 0.74875 1.78352 1.79992 1.63512
0.59673 0.79899 0.69244 1.62288 1.52249 1.65820 0.82669 1.14302 0.99972 0.59291 0.67075 1.50712 0.72125 0.66421 1.29958 1.91079 1.74434 1.13449 0.70468 0.73720 1.78000 1.49564 0.92846 0.73256 0.51106 0.88673 1.54538 0.83536 1.50310 1.86956 0.69861 0.95666 1.84169 0.64848 1.08075
1.35754 1.11765 0.93997 0.70496 1.83796 0.55002 0.98857 1.09497 1.80606 1.30523 1.09471 0.56034 1.18129 1.54189 0.60095 0.77277 1.48975 1.72265 1.24746 1.89354 1.59685 1.74464 1.65067 0.56010 1.73295 1.87860 1.39784 1.66954 1.62271 0.83254 1.41067 1.49913 0.99507 1.61194 1.90765 0.64170
1.74931 1.45978 0.57034 1.44290 0.50521 1.68667 0.67247 1.60687 1.03849 1.39660 1.66017 0.73266 1.71911 0.67690 1.58564 0.57788 1.47941 0.75307 1.20308 1.36961 1.14736 1.99722 0.80424 1.33471 1.35625 1.93668 0.65229 1.26674 1.07105 1.31693 0.99518 0.75611 0.75598 0.81738 1.62256 1.19714 1.76837
1.12207 1.33253 1.57917 1.20551 1.47892 1.41256 1.18000 1.59840 1.71894 1.98280 1.03666 0.56304 1.78844 0.52058 0.65221 0.68857 1.99780 1.95450 1.18733 1.59169 1.57972 1.43013 1.93536 1.70962 1.55590 1.32064 1.08799 1.68757 0.94590 1.77696 1.25175 1.33218 1.18279 1.72110 1.92994 0.86153 0.99220 1.06030
0.71476 1.03973 1.31451 1.59942 1.11450 1.04612 1.98379 0.57100 1.39534 1.24426 1.39139 1.36330 1.10470 1.30790 1.65427 1.03706 1.43106 1.45029 1.06252 1.95521 1.01169 0.73372 1.82901 1.07108 1.31073 1.11887 0.74068 1.17827 1.95045 1.82406 1.62068 1.89256 1.26934 0.54803 0.93537 1.34153 0.69778 1.62817 1.80181
0.87853 1.29915 1.95819 0.93618 0.71834 1.06995 0.79256 1.79694 0.77970 1.94568 0.72809 1.37748 1.59237 0.53581 0.61058 1.08171 0.58711 1.64444 0.51138 1.84757 1.31047 0.66865 1.98688 1.79874 0.84639 0.87491 1.64363 1.12240 1.22415 1.91813 1.20012 1.36509 1.25416 1.65553 1.37333 1.62531 1.88603 1.14719 1.85387 1.39881
0.70930 0.79207 1.07879 1.38968 1.81151 0.75126 1.32380 1.27341 1.67960 1.74881 1.44725 0.50022 0.72817 0.52008 1.11147 1.14155 0.98848 1.30374 1.91688 1.07132 0.60355 1.44051 0.68927 1.81397 0.52708 0.79582 1.83995 1.56604 0.62867 1.07760 1.91644 0.55521 1.78842 1.98112 0.74822 1.91589 0.81245 0.76032 1.17740 0.73386 1.51737
0.50913 1.43293 1.43294 0.52466 0.54481 1.03824 1.21437 1.29341 0.60297 1.03219 0.89975 1.20967 1.95036 1.62332 0.50375 1.39194 1.69562 1.26075 0.77950 0.82740 0.98905 1.33331 1.36932 1.39427 1.24546 1.59078 1.32980 1.62664 1.50873 0.52961 0.66203 1.01457 1.96364 1.49202 1.73968 0.59735 1.90515 1.29385 1.08638 0.53264 1.71125 1.95149
1.09126 1.64434 0.70397 0.90938 1.29233 1.55618 0.61447 0.71400 1.46249 0.74832 1.24582 0.86957 1.02346 0.83639 1.18895 1.86959 1.16060 0.94859 1.86838 0.97517 0.75052 1.35410 0.83016 0.63050 1.59657 1.53001 1.11440 1.92723 0.82046 1.53205 0.51147 1.77370 1.21287 1.05444 0.78107 0.56055 1.57044 0.86981 1.40279 1.57989 1.61450 1.17647 0.51773
0.95408 1.87890 0.73589 1.23323 1.31639 1.99916 0.52710 1.19609 1.70519 1.03648 1.97263 1.36972 1.37482 1.40802 1.03311 1.00047 0.57969 0.97095 0.77961 1.95000 1.80150 1.19480 1.21471 0.99207 1.88362 1.47851 1.87548 1.35672 1.56168 1.89682 0.92397 1.31622 0.77993 1.32461 0.60162 0.72923 1.21352 0.97034 1.71370 1.03122 1.60017 1.74472 1.86905 1.81304
1.66170 0.77705 1.48504 1.76339 1.52384 1.47244 0.93583 1.87211 1.12975 1.61345 0.98996 0.76381 1.02673 1.30953 1.32236 1.59782 1.28078 0.76364 0.86190 0.62862 1.98886 1.49962 1.05382 1.31890 0.69250 0.98134 1.40848 0.58193 1.92589 0.79652 1.33115 1.82809 1.97870 1.54865 1.15635 0.90892 1.64617 0.94487 1.53738 1.75534 1.65707 1.10609 1.80547 0.74358 1.98177
1.67111 1.15062 1.83296 1.82438 0.53661 0.91820 1.73087 0.53355 1.71399 1.56647 0.83431 1.63772 0.91124 1.66368 0.58455 0.97597 1.75647 1.48035 1.73740 1.10724 0.59979 1.99881 0.62320 1.10688 1.97233 1.57876 1.41492 0.56461 0.56871 0.82517 1.94688 1.83825 1.41670 0.87154 1.10013 1.21523 1.18502 1.25893 1.58339 1.95539 0.72047 0.63330 1.11641 1.50302 0.50841 1.08720
1.46534 1.45775 1.12472 1.70038 0.94704 1.27331 0.89655 1.50556 1.53068 1.15395 1.83764 1.02752 1.65274 0.54237 0.92324 1.30742 1.17206 1.31376 1.21802 0.56537 1.16704 1.08960 1.93295 1.30080 0.85198 1.57139 1.22122 1.52024 1.68519 1.13077 0.84683 1.80138 1.52757 0.61706 1.07603 1.29616 1.52535 1.44164 1.65184 1.11456 0.85121 1.56591 1.19351 1.48787 1.20332 1.42322 1.78742
1.56282 1.83747 0.57240 1.23524 0.68647 1.52066 1.45285 1.94093 1.79565 0.78886 1.61252 1.76916 1.82276 1.54685 0.67426 1.01827 1.46337 1.57390 1.41143 0.93320 1.37626 0.93691 1.92081 0.59172 1.25912 1.50529 0.81840 0.87745 1.62625 1.08637 0.96335 0.74675 0.56324 0.66183 1.57624 1.69343 0.71638 1.47644 0.61272 0.87184 1.36487 1.10337 1.79769 0.52973 0.75949 1.09595 1.78664 1.93455
1.46132 0.80252 1.51956 1.25102 1.33717 1.35752 1.18279 0.75497 1.81368 0.79512 1.54436 0.91689 1.24425 0.60798 1.36892 1.82496 0.81096 1.75199 1.48323 1.94780 1.03972 1.87946 0.92067 1.39447 0.79487 1.82347 1.85169 1.18526 0.95381 1.44631 0.90484 1.67488 1.78509 0.95029 0.60519 1.77875 1.97152 0.81373 1.14384 1.41429 1.93822 1.55408 1.70662 1.42894 1.15939 1.20401 0.79692 1.46878 0.89792
0.91140 0.88571 1.47400 0.93378 1.01685 1.42997 1.52006 0.72778 0.54670 1.17319 1.76055 0.67403 0.73976 0.57976 1.27860 1.01647 1.16678 1.49527 1.53243 0.56613 1.41172 1.77288 1.29984 1.41930 0.76714 0.72801 1.45151 1.34813 1.90697 1.65377 1.48846 0.53592 0.78711 1.02298 1.46717 0.81187 1.15207 0.96234 1.59241 1.36251 0.60972 1.94006 1.85323 1.76498 0.80856 1.09787 1.32565 0.65661 1.49243 1.32314
1.12778 1.99949 1.94988 1.29982 1.28948 0.51844 0.51294 0.55140 0.54835 0.66720 0.93738 1.33914 1.97231 0.69541 1.55321 1.67359 0.81552 0.58864 1.55498 0.89210 1.50421 1.22690 0.66900 0.76435 1.36229 1.72914 1.84540 1.45591 1.96534 1.10514 1.85823 1.57493 1.88482 1.73587 0.95324 1.94327 1.18554 0.56551 1.26736 1.11752 1.94435 1.35763 0.64137 1.16613 1.98632 0.70832 1.47079 0.98770 0.56778 0.96213 1.53262
1.31358 0.71810 0.78594 1.64609 1.67344 1.82179 0.95152 1.90005 1.31208 1.27613 1.70572 1.84527 1.12385 1.06010 0.92475 0.56414 1.02616 1.66569 1.05669 1.33983 1.38863 0.77625 1.95411 1.24901 1.40954 1.51407 1.35186 1.75021 1.30897 1.33345 0.67772 1.29953 1.58130 1.79316 0.60031 1.60956 1.24388 0.64786 1.28728 1.80649 1.34614 0.99054 1.84814 1.68421 1.21659 1.39992 0.87874 1.16730 0.81929 1.15936 0.59868 1.63734
1.82049 0.73846 1.05809 0.80795 1.11243 0.51029 1.76536 1.01948 0.94902 1.40155 1.64053 1.80305 1.16661 0.90718 0.78634 1.28443 1.19048 1.91460 1.66073 0.62991 0.82631 0.67748 1.34392 1.28901 0.88514 1.07414 1.63467 1.83232 1.87386 1.29577 1.15154 0.55293 1.08591 0.66462 1.48090 1.46329 0.98376 0.84347 0.65369 0.96767 0.94262 0.52969 1.87979 0.60045 1.46837 0.74445 0.62738 1.57128 1.03263 1.99192 1.08841 1.61652 1.14070
1.34726 0.75066 0.72052 1.06583 0.93717 0.83510 1.22886 0.67419 0.76504 0.52846 0.57021 0.75359 1.25162 1.25122 0.70686 1.82472 0.91988 0.56941 1.70480 0.94418 1.12463 0.85629 1.80647 1.51318 1.77063 0.85721 0.88131 1.14977 0.86757 1.21342 1.35521 1.01033 1.55037 0.88196 1.16558 1.18379 1.71823 1.35663 0.63977 0.90096 1.07917 1.66442 1.73106 1.13659 0.72991 0.82721 1.08361 1.98271 0.66331 1.56009 1.33220 1.46957 1.71833 1.99310
1.33721 1.39239 0.87626 1.56465 1.03792 0.50844 0.70632 1.10758 1.58807 0.57418 1.34426 0.75788 0.89229 1.26582 1.47075 0.78330 0.91198 1.21896 1.93940 1.16847 0.74048 1.42824 0.95620 0.55043 1.27864 1.92790 1.95318 1.42200 0.83155 1.54856 0.59313 0.81524 0.59365 0.56088 1.82542 1.99429 0.92812 1.15101 1.70786 0.72424 1.80324 0.70197 0.65808 1.93653 1.48570 0.92224 1.97100 1.09180 1.01215 1.05612 1.88072 1.02035 0.50005 1.28937 0.81497
1.46765 0.83510 1.58406 1.31894 0.75832 1.07151 1.81913 0.73919 1.24732 1.92583 0.91714 1.31764 1.29961 1.84220 1.73072 0.91954 0.77641 1.56249 1.15456 1.20536 1.43127 1.93590 1.54237 1.56938 0.65095 1.95850 1.78921 1.64551 1.16519 0.58015 1.51697 0.88899 1.41000 0.72935 0.76064 0.73054 0.58806 1.17972 1.94147 0.85993 0.62523 1.88644 1.80561 0.92130 1.74085 1.32403 1.37395 0.55404 1.89561 1.60142 1.71084 1.56288 1.22343 1.09808 1.25976 1.06492
1.27568 1.06624 1.87770 0.63642 1.35209 1.27865 1.06239 0.52706 1.47128 1.59187 1.62817 1.23681 0.71623 1.34076 0.99011 0.62681 1.37038 0.57715 1.27194 1.52115 1.06373 1.09522 1.55204 1.36277 1.02395 1.33858 0.64814 1.01535 1.77982 0.95267 1.26140 0.77302 1.73111 1.31394 1.28306 1.43177 0.95317 0.95444 1.79276 0.96845 0.75492 1.47284 0.84763 1.77486 0.94579 0.72839 0.95417 1.91510 1.25995 1.22139 1.58897 1.87122 0.98784 1.77646 1.20351 0.64174 0.56095
0.74038 1.78780 0.62845 1.22342 0.57650 0.73890 1.06487 1.18680 1.47634 1.80730 1.18495 1.55893 1.40493 0.76796 1.51866 1.59457 1.65132 0.50888 0.61059 1.40730 1.15361 1.78368 1.02161 1.20372 0.94278 1.99828 1.12684 0.65128 1.65527 0.98244 1.41932 0.54781 1.23717 1.20803 1.83974 1.41003 1.84115 0.52376 0.74409 1.76516 1.32598 1.46490 0.94491 1.39541 1.56251 0.79090 0.65838 1.86807 1.32538 1.54859 0.81891 1.19584 1.15239 0.85611 1.99045 0.70935 1.55163 0.95643
0.96530 0.50164 0.77877 1.69302 1.40530 1.91690 0.81260 0.66586 1.29370 1.17079 1.03922 0.68854 0.67381 1.60341 0.95098 1.71930 1.21217 1.47397 0.63882 1.23117 1.98676 1.57990 1.29253 1.10124 1.24602 1.60696 0.51509 0.71053 1.09780 1.37569 1.06233 0.55731 1.06727 1.90131 1.30610 1.32013 0.83970 0.94317 1.40651 0.50406 1.59381 0.61527 1.98618 1.55833 1.59685 1.35814 1.64831 1.87095 0.59976 1.41511 1.50234 0.70354 1.87986 1.87793 1.10861 1.22570 1.18835 1.29223 1.33596
1.92348 1.11437 1.61313 0.84530 1.34280 1.04070 1.39866 1.34605 1.37942 0.69648 1.87972 0.84126 0.53031 1.98484 1.01561 0.52239 1.40541 0.81745 0.63973 1.87448 0.57126 1.81586 1.68422 1.96930 1.94255 0.75643 1.14738 0.98732 1.84543 1.77217 1.52044 1.68028 0.74832 1.87634 1.21535 1.95839 1.69355 1.00403 1.56249 1.66860 1.81909 0.69226 1.29437 1.61761 0.66789 1.65016 1.96188 1.38566 0.50189 1.73364 1.27129 1.68701 1.02144 1.72527 1.27616 1.82718 1.53479 0.56208 0.90194 1.69963
0.56010 0.70605 0.67911 0.90732 0.97635 1.85467 0.78915 1.16046 0.66668 1.75889 0.52069 0.97499 1.84167 1.28025 0.64329 0.57053 1.40150 1.28848 1.57249 1.88889 1.65447 0.84941 1.67275 1.99717 1.72361 1.20748 1.68957 1.11988 1.54871 1.80189 1.22643 1.77254 1.45439 0.85774 1.07752 1.32641 1.91418 1.64493 0.57042 1.26802 1.75645 0.89178 1.30359 0.57940 0.93425 0.90375 1.60831 1.24409 1.08869 1.56532 1.96009 1.88440 1.47023 1.90002 1.53440 1.81181 1.06109 1.11084 1.56078 0.68683 1.39150
1.14902 0.52170 0.87222 0.94895 0.76158 0.89560 1.36742 0.54325 0.55955 1.93414 0.85344 1.15355 1.23722 1.69152 1.68424 1.96019 1.53212 0.89867 1.61792 0.69203 0.70589 0.66989 0.98957 1.61190 1.73274 1.34023 1.19741 0.66256 1.44536 1.15637 1.99490 1.32210 1.65663 0.87128 1.05372 1.82658 1.14542 1.79282 1.94298 0.81487 1.70388 1.53883 1.76759 1.85772 0.94341 1.16856 0.61092 1.77635 0.86882 0.50440 1.58047 1.85896 0.78566 1.06081 1.69460 1.62782 1.18406 0.93785 1.86139 1.32824 1.10493 1.35137
0.87316 1.04760 1.96734 0.60143 0.73355 1.39407 1.56458 1.03204 1.39474 0.69709 1.54879 0.60895 1.86445 1.73419 1.81534 0.69194 1.76455 1.37461 0.86733 1.41440 1.14593 0.61776 1.47695 1.36016 1.34177 1.58130 0.60137 0.75220 1.17164 1.93882 1.25861 0.96062 1.48689 0.70442 0.80813 1.13420 0.59441 1.50238 1.52098 1.80609 0.82967 0.82659 1.41050 1.16435 0.58707 1.59748 1.59193 1.77175 1.57420 0.79605 1.38055 1.02761 1.18788 1.85656 1.11439 0.53669 1.55176 1.26305 1.21440 1.19480 0.87269 1.61294 1.02288
0.61967 0.61605 1.10501 1.81237 1.10469 0.98575 1.41365 1.46755 1.65070 1.07174 1.62459 1.32719 0.91241 1.75056 0.99946 1.82764 1.15045 1.22290 1.80359 1.44860 1.76220 0.79894 1.54377 0.82790 0.55173 0.98388 0.78286 1.85483 0.55467 0.92551 1.76576 0.62389 1.62903 1.54228 1.82797 1.93420 1.98984 1.01761 1.40814 0.90723 1.60095 1.84431 1.70920 1.89782 0.51012 1.03000 0.66455 1.15195 1.57840 1.14048 1.63143 1.93629 0.51994 1.59349 1.39200 1.04985 1.37514 1.28830 0.59397 1.00456 1.53691 1.69536 1.59294 1.09201
1.62315 0.54326 1.43627 1.20742 1.48984 0.81413 1.70370 1.30390 1.46104 1.13679 0.83783 1.48899 0.54393 1.60626 1.98170 1.58281 1.11844 1.34317 1.99896 1.19517 0.51427 0.77039 1.35998 1.75845 1.24675 0.88745 1.74491 1.79148 0.91933 1.29439 1.42068 0.82584 0.64096 1.02984 0.99816 0.50210 0.99969 0.50216 1.40469 1.41256 0.57851 1.16317 1.70602 0.99793 0.65514 1.85836 1.00034 0.56039 1.01527 1.99567 1.86935 1.52739 0.56338 1.46303 0.59040 1.54974 1.41096 0.85477 1.15550 1.00389 0.62412 0.66285 0.72846 0.84920 0.93108
1.78259 1.29673 1.39298 0.76842 1.21164 1.03947 1.49683 1.63253 1.70776 0.95980 1.01831 1.90405 0.76012 1.45431 1.78683 1.91666 0.89008 1.71904 1.63385 1.25363 0.59019 1.58028 1.43054 0.96200 1.23686 1.26752 0.94124 1.19964 1.00363 1.00796 1.35701 1.97512 1.08186 0.75437 0.69405 1.78529 1.13961 1.96700 0.74748 1.20448 1.90896 1.69071 1.47402 1.49201 1.30052 0.54299 0.68905 1.71498 1.47303 1.91177 1.53739 1.38783 1.75064 1.55956 0.84817 1.73119 0.74209 1.17712 0.64254 1.90538 1.55090 0.62984 0.60749 0.81734 1.19315 1.61784
1.97897 0.52816 1.25661 0.88415 0.57271 1.69284 1.93556 1.10550 1.92358 1.03976 1.85872 1.02833 1.12528 1.27637 1.20154 1.24820 1.43441 0.95478 1.97705 1.49756 0.97326 1.85135 0.51558 1.27009 0.80404 0.66697 0.57127 1.25668 0.92670 1.31019 0.99279 1.49155 1.54591 1.09277 0.53889 1.71775 0.66705 1.88786 1.77016 1.12113 0.75014 1.17656 0.96522 1.32942 0.51986 0.96138 1.83502 1.53243 0.85738 0.95523 0.64750 1.77851 0.93868 1.78127 1.20724 1.73730 1.40505 1.79615 0.92350 1.46108 0.61526 1.85085 1.17548 1.04533 1.15553 0.61251 0.76059
1.91878 1.25395 1.26989 1.02078 1.75003 0.67266 1.83583 0.81512 0.74311 0.54479 1.73521 1.09241 1.90332 1.47948 1.39740 0.73758 1.21525 0.79819 0.64948 0.88117 0.51781 0.84713 0.99303 0.68638 0.72791 0.58721 1.90424 1.66346 1.74170 1.09743 0.75647 1.51212 1.59529 0.93521 0.63505 1.36248 1.48592 0.67926 1.52917 1.84870 0.89393 0.79201 1.79170 0.67645 1.21725 0.84540 1.98633 1.02107 0.92262 0.68951 1.77788 1.32781 0.66369 1.80157 0.51025 1.85543 1.82926 1.59956 1.47218 1.04570 1.69399 1.16457 1.86139 1.43592 0.94165 1.88318 0.69098 0.59532
1.08399 1.30112 1.08972 0.82942 1.70161 0.81971 1.18105 0.96445 1.81914 0.61807 0.57990 1.07096 1.42217 0.90192 1.56184 0.89706 0.77257 1.56744 1.55609 0.53307 0.73486 0.82192 1.08356 1.45254 1.15686 1.21165 1.10643 1.09385 1.12667 1.10634 1.42752 1.06905 1.44271 1.66530 1.23078 1.20337 0.82770 1.70775 1.16434 0.93618 1.45713 1.42012 1.02128 0.94348 1.98845 0.98089 1.08787 1.59375 0.74449 1.87122 0.80560 1.21003 1.35146 0.59848 1.66668 0.93676 1.36848 1.24765 1.01813 0.94045 1.50469 1.97500 1.12054 0.66035 1.91128 0.66687 1.73217 1.97359 1.36674
0.76618 1.75066 1.03828 1.62296 1.75390 0.53727 1.26626 0.63348 1.20151 1.60103 1.77260 1.61606 1.56498 0.64676 1.34524 1.15920 0.81270 1.99304 1.80249 1.38792 1.25251 0.84586 1.92675 1.54516 1.05616 1.28107 1.12028 0.89913 0.62260 0.99766 1.31674 1.87216 1.69067 0.56449 1.98148 1.73214 1.02659 1.34719 0.91469 1.60183 1.35571 1.40373 0.77036 1.58624 0.78163 0.68028 1.86723 1.83108 0.87747 0.84227 1.65914 1.52961 0.58445 1.91864 1.25018 1.12620 0.55368 0.53568 1.34622 1.47349 1.45517 1.85066 0.61463 0.98096 1.13655 1.84862 1.28167 1.05556 1.87917 1.55661
0.93112 1.38368 0.96590 1.90352 0.67462 1.83696 1.26169 1.87887 1.38993 1.97419 1.19601 0.78406 1.91010 1.54535 0.66780 1.20232 0.87080 1.20433 1.94247 0.68173 0.73734 0.50644 0.61403 1.99140 0.94197 1.25639 1.87596 0.65161 0.63798 1.59969 1.49379 1.83556 1.95794 1.23684 0.61262 0.88432 0.64005 0.55771 1.69672 0.85335 0.74935 0.76588 1.80288 1.63813 0.74201 0.62748 1.20914 1.42056 1.27321 1.46335 1.31814 1.86792 1.46049 1.54569 0.91175 0.76127 1.46359 1.91919 0.56206 1.67285 1.37953 1.37436 1.65249 1.27141 0.74650 0.59578 0.84961 1.15595 0.55326 1.22301 0.70035
0.70842 0.88022 1.21799 1.27087 1.30954 1.69909 1.19667 0.95179 1.34288 1.63780 0.60952 1.12236 0.65875 1.96637 1.76057 1.04935 1.32194 1.85532 1.85049 1.12524 0.64431 0.65350 1.40289 1.51177 1.28258 1.47134 1.56114 1.95783 1.09754 1.45510 1.05942 0.69833 1.81374 0.59025 1.56706 1.11810 0.53902 1.64361 1.77200 0.87701 1.58452 0.80393 1.11091 1.24069 1.85566 0.52324 0.69825 1.07373 0.90605 0.93948 1.75261 0.96496 0.90960 1.20136 0.73897 1.95976 1.59840 1.05296 0.98218 0.90455 1.79627 1.77069 1.04440 0.91559 1.32859 1.51099 1.24921 0.76485 1.25377 1.14273 1.39478 0.79554
0.95894 1.34623 0.62670 1.40776 1.16606 0.72427 1.29001 0.82236 0.62417 1.10875 1.96093 1.73069 1.40861 1.12787 0.51241 0.72573 1.22947 0.52197 1.35406 1.72883 1.74658 0.71524 1.95064 0.74200 0.94018 1.05419 0.77768 1.69302 1.98477 1.21330 1.73585 1.94637 1.83037 1.91710 1.58556 0.85543 0.61540 1.35407 1.60079 1.49939 1.79250 1.26462 1.60363 1.54305 0.61072 1.85731 1.13384 0.93129 0.50593 1.99267 0.74062 1.69824 0.69771 1.19987 1.09221 1.28155 1.79528 0.74476 0.55692 1.66162 0.53502 1.35636 0.68170 1.65723 0.80283 1.21111 0.78828 0.94181 0.50304 1.57546 1.97326 0.89125 1.16822
0.76369 0.78401 1.67160 0.63895 1.60703 1.35703 1.62224 0.50265 0.51269 0.81918 0.87590 0.64448 1.59691 1.88856 1.79066 0.87678 0.60899 1.13321 0.83720 0.94432 1.12874 1.03480 1.40174 1.02253 0.59137 0.57341 0.80039 0.52842 1.85579 1.20128 1.67267 0.58888 1.92372 1.28107 1.92728 0.80141 1.13662 1.59168 1.87164 1.77138 0.62004 0.81821 0.97172 1.99076 0.73594 1.34959 1.06127 1.92593 0.52271 1.24544 1.12201 1.65593 1.75101 1.61192 1.14556 0.52864 1.32236 0.73929 0.84401 1.24687 1.97666 0.99486 0.58036 1.44730 1.93703 1.02245 1.66537 1.32642 1.29912 1.73362 0.73012 1.79679 1.90361 1.53868
1.91727 1.82305 0.93452 0.65321 0.95140 1.62570 1.71800 1.45777 0.61074 1.16686 1.61266 0.60918 1.15198 1.19109 0.92189 1.11931 1.10163 1.35966 1.47673 0.82250 1.31031 1.69554 1.24822 1.93817 1.16164 0.61409 0.79156 0.83287 1.30937 0.57338 0.86496 1.90246 1.64474 1.09298 1.82345 1.77658 0.95899 1.56940 0.97270 1.66782 0.56084 1.15463 1.64131 1.28505 1.57595 1.74661 1.67408 0.61969 1.44264 1.25670 1.66167 1.01726 0.89583 1.97060 1.62865 1.13543 1.35544 0.55778 0.55137 1.41346 1.71332 1.52924 0.62448 1.53480 1.46539 1.91415 1.76892 1.80448 1.02583 1.73901 1.68799 1.66736 1.93161 1.07720 0.99656
1.14005 1.76423 1.21802 1.47107 1.25405 1.33228 1.83524 1.97396 0.58048 0.81715 1.23145 0.50579 1.14804 1.66071 0.97846 1.11254 1.10331 1.47307 1.22007 1.85258 1.87448 1.37198 0.52093 1.89467 0.77960 1.76429 1.40106 1.58942 1.57891 1.85072 1.26535 1.81346 0.71216 1.50864 0.50392 0.58418 0.80685 0.79030 1.68699 0.51589 0.61484 1.47385 1.68769 1.20281 0.63197 1.55602 1.13923 1.99021 1.46440 0.80264 1.09222 1.74977 0.55633 1.14497 0.59131 1.72687 1.57598 1.24400 1.64874 1.41406 0.74723 0.52245 1.52588 1.25286 1.37666 1.50442 1.76314 1.68273 1.12223 0.74229 0.83971 1.27037 0.72433 1.33240 1.26563 1.40449
1.11576 0.65620 1.21372 1.42239 0.56637 1.83110 1.31359 1.26822 1.49099 1.43566 1.47566 0.59461 1.08968 0.50473 1.59011 1.59933 1.44704 0.66087 1.82769 0.73424 1.37475 1.35807 1.78694 0.88420 1.23868 1.66066 1.38363 1.92439 1.82226 0.57848 1.33958 1.16340 1.77845 1.39932 1.34173 0.56295 0.85132 0.85447 1.85409 0.92131 1.59431 0.71666 1.41041 1.51520 1.36449 1.25399 1.22725 1.24640 1.97502 0.88920 1.58435 1.65634 0.89177 1.99604 1.00154 1.16412 1.28514 1.75357 1.93051 1.37647 1.96732 1.39155 0.62933 0.66246 1.29863 1.00817 1.18256 1.63695 0.52617 1.51779 1.60593 0.97894 1.57976 0.72734 1.94594 0.51520 0.86898
1.45947 1.23140 1.08460 1.00365 1.80995 0.80346 1.03080 1.62525 0.54964 0.91068 1.06129 1.75168 1.90865 0.67480 0.91454 0.66865 1.36969 0.94064 1.72188 0.98321 1.58771 1.18737 0.70111 0.88950 1.87072 0.94801 1.35261 1.33169 0.90507 0.94407 1.03549 1.18376 1.90261 1.53511 1.70617 1.67218 0.56643 1.68550 0.61349 1.98328 1.00126 0.89345 1.96570 1.85174 0.50777 1.11673 1.20393 0.53939 1.54445 0.61150 1.26323 1.66734 1.28735 1.77760 0.52233 0.51078 0.57566 1.13410 1.28604 0.87042 0.98186 0.82388 1.30653 0.93122 1.12876 0.55085 1.00330 1.56736 0.95427 0.92002 0.57557 1.63808 1.58368 1.53169 1.34809 0.99295 1.83947 0.71912
1.58541 1.04620 0.79819 1.38863 0.85265 1.84415 1.87280 1.87409 1.65999 0.92727 1.42144 1.70052 1.43156 0.96163 0.93536 1.10640 0.90179 1.09579 1.95184 1.19117 0.64116 0.70923 1.26042 0.70121 1.04520 0.58740 0.55040 1.46834 1.34439 1.75895 1.36056 1.54478 1.01079 0.53404 1.39057 1.67154 0.70879 1.77795 1.98056 1.28013 1.15285 1.26795 1.94550 1.38093 0.55343 1.26901 1.89553 1.09885 1.43972 0.80250 0.58825 0.57396 0.93842 1.84146 0.73092 1.49304 1.17076 1.37117 1.13287 1.96043 1.01134 1.38742 1.31094 0.66535 1.64482 1.07139 1.77233 1.35425 1.19545 0.61138 1.34145 1.12633 1.20273 1.01925 0.77186 1.21584 0.98104 1.06485 1.97669
1.76288 1.93296 1.93152 0.56158 1.57824 0.85891 0.51914 0.54297 0.98578 0.62982 1.47952 1.87703 1.46484 1.37703 0.71314 1.53379 0.53509 1.15262 1.22359 1.31036 1.73629 0.68878 1.09155 0.99200 1.07841 0.92486 1.21913 1.44547 0.81214 1.86078 1.43167 1.11261 1.20334 0.50864 1.47401 0.52481 1.39481 1.49925 1.23391 1.29038 0.97302 0.86834 1.82186 0.53161 1.23512 1.33185 1.01952 1.98532 0.78743 0.60975 1.52018 0.65602 1.63124 1.51345 0.57595 1.55971 1.02705 1.29156 0.79720 1.40431 1.95289 1.27587 1.09669 1.06528 1.20910 1.36138 1.23039 0.82931 1.47628 1.74178 1.25769 1.77628 1.32272 1.39783 1.18022 0.99421 1.44123 0.60864 0.51187 1.02664
1.43100 1.72015 1.01157 1.10599 0.54964 1.36137 0.51729 0.93557 1.67803 1.56558 0.79173 1.52069 0.61631 1.38605 1.77318 1.14748 1.07101 0.54421 1.98349 0.52169 1.84131 1.24413 1.35964 1.79046 1.99582 1.31535 0.73618 1.42898 1.96570 0.95875 0.60558 1.77708 1.16610 0.63634 0.57815 1.29376 0.83630 1.30546 0.91628 0.94125 1.01023 1.47918 1.88710 1.39765 1.41367 0.66391 1.36658 0.53382 0.59454 1.54499 1.94753 0.84934 0.68965 1.51667 1.92918 0.84884 1.49711 0.82291 1.87569 1.72779 0.53169 1.06405 0.67274 0.87740 1.17338 1.80687 0.66215 1.86058 0.67096 1.11869 1.12236 0.84853 1.17891 1.82359 1.43474 0.88915 1.48647 0.56000 1.95752 0.84146 1.12363
1.95886 0.78539 1.84119 1.42870 0.77179 0.75836 1.49977 1.24069 1.45501 1.71088 0.60246 1.74718 1.04706 1.70599 0.73868 1.48927 0.69569 1.34952 0.91705 0.73487 0.70567 0.68377 1.41652 1.02827 1.46049 1.97734 1.40130 1.25777 1.11325 0.91705 1.83045 0.76097 1.53213 1.88536 1.77839 1.24510 1.56958 1.01620 1.49266 0.79872 1.87524 1.93544 1.72631 0.66788 1.13091 1.36787 1.18152 1.02601 1.47693 1.92209 1.09096 1.93142 1.21075 1.88184 1.47129 0.96319 0.87167 1.08790 1.63957 1.28841 0.94975 0.61955 1.39778 1.94158 1.56143 1.83558 0.93360 1.38682 0.73840 1.09659 1.86323 0.65614 0.71388 1.46256 1.41077 1.53077 1.28061 1.42114 1.77602 0.54953 1.03289 1.66685
0.51743 0.67163 1.19865 1.57490 1.28819 0.62017 0.63232 0.60278 1.70027 1.79225 1.93008 0.90800 1.68924 1.70998 0.96871 0.76684 0.74340 1.87393 1.00414 1.86667 1.03299 1.92605 0.81204 1.10522 1.88941 0.79567 1.81096 1.10453 0.84869 1.64251 1.41072 1.88250 1.65542 1.03343 1.93335 1.31462 0.80783 1.28896 1.91144 1.00116 1.79636 1.85778 0.77997 1.99268 0.97445 1.65362 0.98031 0.85232 0.58186 1.40798 1.76059 1.33829 1.51239 1.47202 1.76550 0.66109 1.96479 1.87899 1.07604 1.49897 0.95957 0.77528 1.15522 0.76915 1.00097 0.66355 0.72814 1.42216 1.47698 1.33330 1.69602 0.71552 0.96962 1.56213 1.34976 0.93694 1.97558 1.96895 0.86136 1.60711 0.60651 0.76771 1.55044
0.68494 0.97245 1.74121 1.44369 1.29844 0.87108 0.75747 0.72956 1.05985 1.05538 1.03164 1.28724 0.64790 1.48843 1.77160 0.53123 0.92692 0.75215 0.91810 1.22106 1.64949 1.94130 1.14024 1.86776 0.99852 0.70339 1.06918 1.00328 1.16852 0.69929 1.32664 1.75342 0.72394 1.48581 1.25369 1.90066 1.28667 1.94737 1.89043 1.08881 1.17214 1.76080 1.03444 0.50700 1.14464 0.61295 1.49347 1.78594 1.19099 1.15546 0.74453 1.54257 0.73620 1.33656 1.70406 0.72363 0.85776 1.68304 0.95700 0.52802 0.93732 1.09904 1.63104 1.02199 0.58275 1.58434 0.53187 1.54889 1.61609 1.36692 1.15971 1.90947 1.77756 1.83892 1.43644 1.46294 1.17779 0.78412 1.43388 1.05658 1.31135 1.61623 0.65522 1.04471
0.82118 1.38905 1.98583 0.68845 0.72667 1.42592 1.11959 0.99555 0.56815 1.05901 1.50505 0.70277 0.62657 1.46312 1.48925 1.71252 1.19363 0.78157 1.55469 1.47419 1.78846 1.23539 1.77185 1.83665 0.93023 1.88042 0.71715 0.55268 1.86681 0.93726 0.98236 1.39186 1.29867 0.66721 1.86815 1.95493 1.82051 0.68471 1.45874 0.95124 0.65013 1.61741 1.08021 1.02917 1.23400 0.75030 1.31745 1.56399 1.25587 1.36236 1.41107 1.76960 1.76888 1.01968 1.88677 1.70291 1.13861 1.00942 1.92893 0.84323 1.70793 1.92838 1.75657 1.87111 1.39101 1.87458 0.75278 1.13044 1.89828 1.13958 0.80832 1.64945 0.95610 1.97089 0.66302 1.22100 0.65434 1.91627 0.55279 1.54524 1.50135 1.16070 1.32743 1.54695 1.96801
1.32691 1.70304 0.96223 1.80050 0.53035 1.51743 1.35944 0.63090 0.54026 0.93117 1.76633 1.93357 0.57883 0.62064 1.19267 1.82163 1.50767 0.63359 1.47974 1.45099 1.18862 0.70268 1.26386 0.96563 0.79026 1.55261 1.75426 1.88751 1.32706 1.23328 0.66792 0.79758 1.33571 0.88329 1.41093 1.93488 0.87753 0.62527 0.59201 1.99284 0.91208 1.57468 0.80950 1.69138 0.76021 1.29265 1.20653 1.34421 1.85191 1.62989 0.97099 1.68614 1.74747 1.12531 0.72114 1.52488 1.38768 1.19028 1.52059 0.96844 1.21370 1.52893 0.62590 0.92600 1.56754 0.82873 1.20046 1.25023 1.45692 0.71750 1.26168 0.50324 1.63194 1.17352 1.65964 0.61571 0.64251 1.57586 1.00266 1.98566 1.30023 1.29782 1.29775 0.93604 1.52082 1.50290
0.66936 0.91967 0.63121 1.11761 0.99642 1.63289 0.54409 0.96667 0.57089 0.83948 1.43155 0.53902 1.84940 1.40274 1.26863 1.51151 1.27152 1.37878 1.69810 1.55605 1.21532 0.94336 1.23991 1.24480 1.46943 1.53821 0.85497 1.94148 0.87606 1.32718 0.89272 1.33240 1.07975 1.00797 1.80980 0.96320 1.93952 1.72539 0.76047 1.41021 1.97253 1.45515 0.87239 1.84666 0.77022 1.48940 1.30368 1.73958 0.52424 1.21726 1.22665 0.71413 1.42024 1.02427 1.85769 1.99926 1.85452 1.37107 1.22403 1.45109 1.73835 1.53537 1.55721 1.53821 0.88387 1.99790 1.45385 1.02617 1.41827 0.75251 1.30223 1.77479 1.55917 1.87487 0.63682 1.01369 1.09427 1.37794 1.60869 0.98864 1.94662 1.45521 0.72432 1.92494 1.41612 0.70352 1.09563
0.63122 0.91655 1.91221 1.37052 1.98626 1.49375 1.64531 1.37224 1.79564 0.76355 0.95641 0.90297 1.58480 1.24995 0.55900 0.57826 1.62211 1.91909 1.78106 1.15488 1.46279 1.49670 1.57075 0.61093 1.80111 1.30039 0.82654 0.90789 0.87329 0.61305 1.94816 1.59770 1.96124 0.63512 1.07676 1.65553 1.11636 1.36989 0.91345 1.97437 1.34358 1.12322 0.95709 1.75026 1.85159 1.45561 1.26562 1.42610 0.53817 1.34503 1.37281 0.80455 1.88043 1.66182 1.53908 1.09170 1.57674 1.00334 0.80553 0.96785 1.05071 1.47649 1.14536 1.42827 1.06796 0.73849 0.99762 1.10648 0.50353 1.92033 1.14129 1.79524 0.86581 1.36796 1.88978 1.15432 1.21187 1.07391 0.93784 0.74971 1.64292 1.60682 1.22966 0.78834 0.94957 1.87780 0.97608 0.86564
1.84151 1.44322 0.53727 0.79712 1.45926 0.82450 1.99714 0.65571 1.76075 1.32754 1.32139 1.01242 0.70967 0.99793 1.30020 0.75077 0.85254 1.64648 0.80068 0.65485 0.54347 1.33018 0.54775 1.60906 1.08080 1.20297 1.54093 1.90056 0.58317 1.39050 1.10302 1.98442 0.85485 1.42516 1.35582 0.61308 0.83105 1.07569 1.60426 1.12406 1.39178 1.63200 1.29689 0.97860 1.82853 0.90278 0.50668 1.87830 1.90537 0.82961 1.84772 0.90997 1.74236 1.68717 1.26101 1.10683 0.91912 0.78079 1.73482 1.54844 1.10849 1.05056 0.93276 1.93760 1.52941 0.57030 1.81288 1.62523 1.71677 1.04678 1.96981 1.89042 1.47470 1.09075 1.80288 1.74465 0.78813 1.02774 1.32428 1.25511 0.52237 1.66267 1.34320 1.28999 1.01835 0.50984 1.42316 1.05992 1.62587
0.92451 0.96840 1.80967 0.95375 1.01480 0.60312 0.82586 0.72748 1.72647 0.97056 1.26937 1.82762 1.81639 0.69974 1.58402 1.92505 1.98290 1.97610 1.82381 1.30688 1.67813 1.35654 1.76478 1.84785 1.50182 1.05370 1.88627 1.73722 0.77331 0.91123 1.60158 1.80825 1.19386 1.47041 1.06403 0.73096 1.23601 1.54109 1.76669 0.68783 1.85164 1.97045 0.95726 1.97764 1.00671 1.19255 1.76233 1.47060 1.73633 1.15740 1.03973 1.56321 1.30867 1.81826 1.88363 1.10691 1.92229 1.12086 1.02559 0.63885 0.92726 1.10819 1.82130 1.80614 1.89262 1.61590 1.09372 1.98251 1.12230 1.19506 1.28220 1.22850 1.05685 0.92341 1.48926 1.58981 1.42159 1.49754 1.64247 0.68173 1.19213 1.57553 1.32748 1.01945 0.56912 1.09437 1.04266 0.72945 1.60005 0.75672
1.31297 0.75677 0.70728 1.78802 1.30885 1.19640 1.99831 1.77436 1.65201 0.97250 0.64766 0.64302 0.52836 1.70925 1.53189 0.78164 1.04926 1.89340 1.24555 1.64614 1.91716 1.97012 1.38021 0.82581 1.15246 1.35633 1.41036 1.27266 0.93593 1.25159 1.85888 1.06990 1.29720 1.28140 1.19382 1.23608 0.93582 0.86179 0.86661 1.97376 1.35516 1.30005 0.70656 0.50013 1.99964 1.92301 1.60232 0.72431 0.64088 0.53174 1.74799 1.95023 0.79669 1.93447 1.72991 1.96303 1.05923 1.71499 1.33336 1.47089 1.28642 1.21278 0.72703 1.29616 0.82596 1.22833 0.69937 0.90113 1.58086 1.56738 1.00027 0.79287 1.65939 1.56904 1.90039 1.72696 1.35211 1.74140 1.45022 1.73619 1.00159 0.63877 1.86825 1.00204 1.85187 1.78833 1.29262 1.24036 0.76636 0.73950 1.24540
1.82548 1.01587 1.58796 1.29961 0.67245 0.93838 1.24075 1.00458 1.45211 1.09155 1.78039 0.56481 1.61577 1.99794 0.89600 1.56565 1.55720 0.70837 0.61120 1.42550 0.54631 0.68601 1.95128 1.40596 1.47688 1.85285 1.24011 0.51343 1.13695 1.14309 1.79532 1.91006 1.93611 1.26904 1.47930 1.43380 0.60176 1.94285 1.96962 0.80509 0.76097 0.72176 1.78329 1.88483 1.01166 1.29379 1.94687 1.08319 1.32381 1.73607 1.77036 0.75706 1.13129 0.79352 0.69212 1.47781 1.38272 0.84513 1.83385 1.67638 1.65124 1.17925 0.97054 1.76605 1.57694 1.63651 1.63667 1.54389 1.29185 1.32969 0.76619 1.20036 1.61270 0.55494 0.50370 1.03178 1.22631 1.27435 1.09430 0.96597 0.86771 1.44718 0.67069 1.66832 0.61596 1.81494 0.83055 1.40784 1.48922 1.41210 0.78122 1.61369
1.17907 1.68279 1.88837 1.41726 1.89001 1.57455 1.13508 1.85342 1.21956 1.77458 1.82606 0.82728 1.92487 0.76020 1.34298 0.61245 1.11995 1.25338 1.86871 0.59311 1.13624 0.60708 0.96429 1.78259 0.90679 1.37955 0.62857 1.58588 0.50309 1.03710 0.90858 1.34429 0.70946 1.94132 0.91955 1.36716 1.93998 1.40413 0.78971 0.60474 0.91042 1.66511 0.84234 1.04125 1.42236 1.04546 1.33310 0.67943 1.90541 1.53491 1.24772 0.68444 1.86187 1.19346 1.83078 1.44943 0.92628 1.89010 1.09197 1.46804 1.79649 1.89746 1.23094 1.77003 0.89364 1.00049 1.87659 1.68896 1.26648 1.06455 0.93984 1.69106 0.55800 1.53855 0.56226 0.51473 0.84818 1.38700 1.32890 1.92598 0.51221 1.35362 1.35108 0.75060 1.95036 0.67706 1.59633 0.89877 1.68635 1.95889 1.76660 1.66407 1.91761
1.37118 0.71158 1.08805 1.20666 1.46234 1.61948 1.48501 1.26721 0.79481 1.56006 0.88869 0.69920 0.77745 0.91491 0.56855 1.44538 1.63605 1.75358 1.71428 1.00519 1.67100 0.74083 1.59230 0.97938 1.92282 1.44385 1.28624 1.96040 0.68687 1.36696 1.86383 1.18215 1.98364 1.68634 1.07241 1.45397 1.78800 1.00071 0.73613 0.55851 1.04488 1.65142 0.82390 1.70896 1.79318 0.82401 1.94843 0.70706 0.60855 1.97268 1.12701 1.15169 1.31193 1.34191 1.02367 0.59471 1.78079 1.82787 0.81033 0.92500 0.90249 1.10607 1.64824 1.97786 1.65362 1.33604 0.88611 1.62412 0.73286 1.51096 1.22550 1.76448 0.97705 0.52843 1.97141 0.74442 0.60366 0.93063 0.96499 1.93338 1.18202 0.50864 0.93937 0.64216 1.30971 1.73166 1.24415 1.79233 1.24973 1.77966 1.64879 1.24806 1.26402 1.54799
1.64293 0.53283 0.88638 1.50714 0.50620 1.27155 1.76114 1.99398 1.68790 0.66153 0.59685 1.58235 1.72064 1.84072 1.09421 1.28976 1.87799 1.66359 1.72049 1.81719 0.85656 1.60089 1.02176 1.35455 1.76127 0.96153 1.84428 1.75130 0.65539 1.46348 1.16163 1.08073 1.57156 0.66018 1.27396 0.60514 0.89281 1.81788 1.35906 1.18224 0.79148 1.63803 1.98255 1.28861 0.96309 0.50607 1.99364 1.72129 1.04173 0.60027 1.41375 1.65451 1.70751 1.88487 1.32529 1.16878 1.62591 1.89758 1.95325 0.56822 1.99446 1.76462 1.68747 1.39177 1.17849 0.84335 1.50012 1.87421 1.22519 0.53670 1.58562 1.67606 1.98127 1.14805 1.72342 1.23157 1.10573 1.24194 0.60208 1.67488 1.53684 1.59722 1.91414 0.90515 1.05012 1.24983 1.03814 0.72419 1.69893 1.10009 1.33072 0.62405 0.77881 0.63542 1.89689
1.00263 1.51022 0.81473 0.66642 1.77194 1.65234 1.76796 0.81806 0.75928 1.39144 1.26364 1.99960 0.56820 1.97972 0.57415 0.58871 0.82533 0.77735 0.60425 1.11646 1.00645 1.67344 0.57153 0.79068 1.20755 1.65133 1.58923 0.75582 1.14371 0.82355 0.56497 1.77635 1.82964 1.28170 1.03191 1.31700 0.76030 1.57827 1.72301 1.41327 0.76222 0.74294 1.71489 1.78955 1.70896 0.90696 1.41714 0.63568 1.02170 0.60709 0.95418 1.89607 1.31465 0.88442 0.66396 1.94731 1.91760 1.34644 0.69601 0.97421 1.60998 1.78124 1.51904 0.99500 1.19007 1.07594 0.68956 1.81291 1.84304 1.84862 1.32809 1.51429 1.33011 1.40288 0.57481 1.68711 0.85453 1.57375 0.66080 1.79521 1.34869 1.88383 1.16788 0.68551 0.56490 1.60885 1.49053 1.05798 1.27898 1.23387 1.64855 0.95382 1.81381 0.84998 1.63444 1.41282
1.94874 1.34857 1.98669 1.66183 1.23802 1.34188 0.61554 1.56237 1.35592 1.26381 1.41581 1.66706 1.51092 1.94629 0.79449 0.73949 1.93141 1.23172 1.46497 0.97291 1.91285 1.12728 1.01228 1.37111 0.86175 0.51769 1.73312 1.21815 0.70671 0.54334 1.80267 0.69380 0.91981 1.89862 1.00592 0.77125 1.82922 1.64264 0.56867 1.24620 0.70565 0.69972 0.94929 1.96950 1.67991 1.92630 1.98397 1.43331 1.98102 0.64629 1.70334 1.39923 1.56130 0.77749 0.68447 1.35481 1.47797 1.90390 1.13727 1.48576 0.72117 0.80406 1.62465 0.90848 1.80339 1.94293 0.88762 0.82674 0.77045 1.55483 1.68455 0.52321 1.14368 1.73503 0.89449 1.91894 1.59998 1.83921 1.81587 1.93926 0.91532 0.89356 0.54133 0.87282 1.55398 1.30759 1.51525 1.09558 1.69371 0.87118 1.75040 1.01058 0.88802 0.67782 1.45273 0.64449 0.57071
0.92749 0.83419 1.66596 1.67808 0.80809 0.83788 1.82767 0.59050 0.75675 0.71621 1.09369 0.98363 1.14414 1.14058 1.51721 1.98364 0.57788 1.91988 1.72188 1.08278 1.42278 0.77544 0.71859 0.61718 1.36174 0.99981 1.84456 1.25117 1.23877 1.28770 1.44670 1.69038 1.05538 0.74010 1.55141 0.52385 1.72762 0.66431 0.81242 1.01334 0.51830 1.13051 1.33674 0.84569 1.10183 0.72401 0.72102 1.63026 1.43021 1.40870 0.91256 0.61374 1.43967 1.29216 0.61031 0.97187 1.46371 1.38083 0.67783 1.13515 1.80674 1.36104 1.26518 0.51071 1.05476 1.79816 1.46332 1.38044 1.69219 0.58129 1.33719 0.71037 1.90869 1.87194 1.78910 1.04783 1.65507 1.48703 1.76334 0.70351 1.00866 1.47023 0.74296 1.45084 1.79848 1.72710 1.50281 1.10985 0.86791 1.19825 1.33508 0.92214 0.54920 1.27400 1.10600 0.78306 1.72257 0.59691
0.86465 1.28268 0.86779 1.96296 1.63119 1.33822 1.57772 1.69088 0.50586 1.51164 1.28382 1.61781 0.55560 1.17147 0.50092 1.08096 1.58545 0.87554 1.24157 0.50179 1.15793 1.32807 1.01831 1.50096 1.30062 1.27828 1.69141 1.38357 1.14809 1.86702 1.14078 1.31183 0.91019 0.74758 1.26892 0.88625 1.27622 0.62230 0.69794 1.46148 0.55163 1.23986 0.80598 0.95639 0.50178 0.87713 1.66729 0.96472 0.69687 1.42839 1.98607 0.62356 1.04718 1.79068 1.08509 1.43244 0.85902 0.72103 1.77207 0.56808 1.24522 1.01720 1.95491 1.43011 0.77066 1.35846 1.79828 1.97073 0.55168 1.99099 1.33225 1.89797 1.31889 1.33280 1.60532 1.10912 1.32667 1.91794 1.54223 1.12111 0.80394 1.43069 1.09733 0.62508 1.82506 1.68571 0.69092 1.32827 0.61175 1.54607 1.87643 1.00936 1.91386 0.95595 0.85935 1.07269 1.97269 1.80628 1.19798
1.52120 1.23521 1.92383 0.83252 1.97503 0.69898 0.99334 1.74279 1.70368 1.69835 0.79926 0.87784 1.00004 1.91699 1.76760 0.87269 1.78919 0.96812 1.34396 1.69916 1.87651 0.52647 0.64787 1.20718 0.50854 1.00212 1.83887 1.19959 0.59256 0.70450 1.93157 1.25626 1.38750 0.58016 1.73376 0.90756 1.58793 0.83553 0.94065 1.07968 1.64483 0.86534 0.97882 0.77336 0.81139 1.49405 1.57533 0.76053 0.99404 1.11348 0.86945 0.70579 0.75445 1.01748 1.61362 1.01022 0.66532 1.32409 1.41623 1.32418 1.15346 1.48454 1.72646 0.71633 0.86946 0.99465 0.54718 1.83800 1.56878 0.89926 1.98194 0.93074 1.09538 0.59143 1.06851 0.56355 1.22143 1.13627 0.85648 0.77620 1.39324 1.69225 1.63044 0.67878 0.70261 1.86123 0.76259 1.65564 1.75249 1.83164 1.89813 1.09627 0.82137 1.71874 1.78298 1.91875 0.59284 1.18055 1.29428 1.84270
1.52349 0.52098 0.90130 1.27169 0.68815 1.85905 0.55775 1.11926 0.60079 0.72087 0.83149 0.73393 1.92087 1.55658 1.85245 1.93357 1.15561 1.41825 1.27147 1.57059 0.96661 0.71001 1.28336 0.63419 1.04575 1.65608 1.61246 1.57321 0.86306 1.04877 0.84182 0.84653 1.89383 0.74561 1.23812 0.85924 0.95007 1.94089 1.30563 1.42971 1.36675 0.68917 0.77601 1.21389 1.19603 1.03368 1.54485 0.52435 1.06793 1.05679 1.48876 1.53677 1.65827 0.58005 0.59957 1.70178 0.89705 1.86441 0.55128 1.43440 1.52311 1.75155 0.63807 0.88410 1.26277 1.33143 1.49310 1.91961 1.02146 1.82820 0.68516 1.80897 1.73068 0.90984 1.21877 1.24081 1.73386 0.96686 0.73364 1.84743 0.84258 1.24519 0.74716 1.84812 1.99769 1.40469 0.52794 1.20109 0.83722 1.32256 1.29514 1.18242 1.25810 1.58055 1.43129 1.09424 0.57856 1.90370 1.97356 1.25382 1.64980
1.13233 0.80982 1.16465 0.90914 1.18499 1.96820 0.80803 1.36021 1.98360 0.69861 0.83970 1.64437 1.66435 1.10235 1.47743 1.08357 0.66083 0.60046 1.17511 0.73833 1.49364 1.21765 1.40885 1.38040 1.90193 1.78482 1.68196 0.92311 1.34676 0.65181 1.72186 0.94583 0.98686 1.87688 1.21044 0.77420 1.00297 1.63158 1.05334 0.67272 1.43473 1.81280 1.26091 1.19158 1.22475 0.66755 1.76386 1.84485 1.58277 1.07932 0.96076 0.62245 0.76648 0.69297 1.34713 1.06031 1.66928 1.37887 1.24853 0.70824 1.07761 1.00575 0.78458 0.54653 1.42312 0.53969 1.80129 1.97052 1.60371 1.56589 1.30859 0.83141 1.92966 1.54873 1.48598 1.47511 1.58637 1.21883 1.57499 0.65295 0.57578 0.81047 1.41524 1.01768 0.83159 1.67086 1.28499 1.10165 1.77422 1.15549 1.67814 0.69870 1.67618 1.66072 1.69613 1.04907 0.99375 1.45008 1.64929 0.59647 1.40680 0.51730
1.28742 1.93920 1.51483 1.50877 1.64626 1.38707 1.24201 1.99817 1.84901 1.45611 1.98674 1.99046 1.51183 1.94675 1.18869 0.97522 1.57187 1.74003 1.58367 0.54693 1.06917 1.98743 0.94554 1.21359 1.87709 1.11307 1.36238 0.71141 0.56955 1.15062 1.89089 1.85709 1.20317 0.79769 0.55977 1.44949 1.17456 1.30673 1.34375 0.88804 1.13176 1.04055 1.03283 1.29829 1.39111 0.76029 1.70541 0.92292 1.20608 1.50384 1.66819 1.81156 0.93489 1.51709 0.87379 1.03474 1.11458 1.80718 0.58542 1.19669 0.56378 1.40388 1.79798 1.40325 1.90478 0.65709 1.22161 0.87091 1.84339 1.33378 0.72310 1.36635 1.21926 0.79861 1.48743 1.22755 1.49092 0.83556 1.26783 1.31397 0.85078 1.80500 0.82039 1.90343 0.66554 1.82525 1.81768 1.27563 1.94433 1.15497 1.59192 1.83637 1.06009 1.48747 1.42238 1.86434 1.59483 1.79274 1.73517 0.53940 1.60532 0.62836 1.36869
0.76488 1.46008 1.04312 1.02893 1.99289 1.52607 0.59006 1.65175 1.28166 1.28520 1.19668 1.99276 0.70465 1.01208 1.54361 1.85298 1.42191 1.02361 1.66551 1.72783 1.68795 0.85280 1.12777 1.96906 1.45650 1.80935 1.01464 1.24704 1.14640 0.88514 1.06289 0.99753 1.28925 1.69990 1.72546 1.18621 1.01722 1.13997 0.72794 1.94336 1.93911 1.89643 0.58455 1.34068 0.63114 0.55037 1.59175 1.33670 1.78796 0.55786 0.53222 0.58221 0.69810 1.82752 0.84911 1.82145 1.68617 1.78703 1.35345 0.86650 1.39655 0.52830 1.11748 1.40604 0.95316 0.85395 1.03992 1.20098 1.22094 1.12609 1.62446 0.80151 0.50606 1.37552 0.62046 1.42644 1.26793 0.90706 1.67693 0.87530 0.56207 1.86300 0.80669 1.82562 1.30057 0.55449 0.60995 1.09947 0.52637 0.60350 0.87478 1.94360 0.98245 1.53654 1.08928 1.90071 1.12925 1.65697 1.24419 1.12249 0.60366 0.93540 1.79090 1.78302
1.20721 0.61828 1.35663 0.74582 0.93348 1.76577 0.80990 1.62028 0.68276 0.68659 1.93030 1.25682 1.69976 1.60516 1.15670 0.97046 1.83218 0.87821 1.60897 0.55443 1.24595 1.83124 0.76652 1.12375 0.94871 1.00087 1.19471 0.76227 1.89254 1.35013 1.77596 1.80141 1.89665 1.28394 1.11384 1.57976 1.69599 1.94188 0.56066 1.05896 0.56004 1.49818 1.78728 1.44865 1.91898 1.40264 1.82885 0.50102 1.90442 0.84814 1.51613 1.81442 1.25475 0.62716 0.73475 1.94505 0.61869 0.66776 0.98644 1.60322 1.82677 1.72377 1.54174 1.26202 0.86990 1.83414 1.41960 0.50849 1.37895 0.65135 1.59124 1.81035 1.58897 0.71902 1.88278 0.75296 1.66536 1.53941 0.99214 0.66760 1.60777 1.99233 0.59511 0.95609 0.50170 1.71960 1.30455 0.66203 1.26534 1.21255 0.73897 1.09273 0.84390 0.50688 1.19082 1.15407 1.54645 0.84739 1.38593 1.08277 0.85816 1.79046 0.87179 1.61820 1.95948
0.56124 0.75658 1.84830 1.29962 1.39847 1.15218 1.22680 0.94413 1.93925 0.56125 0.98848 1.82754 1.52594 1.74556 1.97806 0.85907 1.31138 1.96529 0.90278 0.62794 1.63391 1.72708 1.28701 1.60263 1.07721 0.72985 1.09867 1.98811 1.99801 0.77915 1.52958 1.02081 1.00662 1.67518 0.80668 1.34040 1.74663 1.30008 1.24127 0.57828 0.80953 1.47501 0.53336 1.07968 0.93398 1.36114 1.15103 0.93190 1.09459 1.88944 1.74713 1.28895 1.32051 1.99179 1.88488 1.13656 1.83114 1.81078 1.79924 0.65767 1.45540 1.16957 1.68589 1.89200 1.50120 1.18841 1.58067 1.20678 1.09940 0.85568 1.93712 1.87672 0.80725 1.43516 1.35425 1.02563 1.20989 0.67882 0.98417 1.15737 1.08257 0.54289 0.53285 1.29067 1.79931 1.72438 1.30176 1.39164 1.36563 0.98087 1.04262 1.06490 0.90118 1.21051 0.60293 0.51315 1.84209 0.78902 1.78050 1.18375 0.54554 0.71824 1.63738 0.93912 1.62505 1.00315
0.80855 1.01536 0.95146 0.74557 0.55716 1.96042 1.67258 1.38994 1.15505 1.39122 1.55615 1.32493 1.47711 0.69879 1.60450 1.81948 0.66954 1.41339 0.53392 0.95554 1.46193 0.72007 1.25887 0.86137 1.81342 1.07958 1.19858 1.86781 1.59860 1.77769 0.83082 1.41170 1.38630 0.98603 1.99630 1.00279 1.80297 0.57141 0.76130 0.64163 0.51996 1.49127 1.66881 1.48582 0.97250 1.69741 1.21596 0.96112 1.02515 1.01069 1.61732 1.29845 0.99931 1.63967 1.88922 1.92210 1.31924 1.90459 1.96626 1.49990 1.12914 1.34784 1.30349 0.61956 1.09620 0.53866 0.58206 1.22591 0.76979 1.20791 1.45453 0.72371 0.76944 1.28486 1.88337 1.25263 1.40912 1.33317 1.69385 1.21625 1.88702 0.72854 0.64738 1.07234 1.54501 1.04422 0.61352 0.98677 1.89423 0.91582 1.00811 0.63315 1.53421 0.61118 0.83773 1.37074 0.59949 1.76023 1.09741 1.46519 1.59145 0.95391 1.47407 0.59625 0.67472 1.91648 1.09529
1.98025 1.49057 1.72008 0.66688 1.16369 1.67832 1.96484 0.69991 0.51295 0.57530 0.86866 0.94026 1.67255 0.56270 1.61799 1.33047 0.91026 0.50051 1.50089 1.29463 0.97029 1.35307 1.66833 0.96875 1.45280 0.84164 1.33774 1.34806 1.22750 0.99314 0.94179 1.86990 1.66142 1.61639 1.00057 0.75601 1.69932 1.36209 1.95748 1.41007 1.50214 0.94211 1.53532 1.54528 1.09658 1.96908 0.68414 1.14798 1.69431 1.07276 1.76968 1.96220 1.29710 0.60282 0.59901 1.32482 0.50385 1.41023 0.67761 1.33501 0.71195 1.58876 1.78638 0.86766 0.97857 0.59158 1.67434 1.33716 0.62345 1.57315 1.34103 1.16937 1.43623 1.57404 0.98763 1.59854 1.68749 1.27093 0.64648 1.10944 0.79457 1.93420 1.70528 1.65938 1.36534 1.53701 1.25996 1.60335 1.81155 1.77854 1.30382 1.75526 1.58977 1.66898 1.33775 1.62931 1.25285 1.18232 1.55349 1.11199 1.45033 1.90240 1.68729 0.92792 1.92308 1.37199 0.77091 1.83375
0.75685 1.08185 1.11086 1.53507 1.99524 1.36539 0.63758 1.24438 1.62390 1.53498 0.81115 0.63865 1.87902 1.74971 1.93648 0.73247 0.61644 1.85318 1.68553 1.40344 1.61741 1.41808 1.90538 1.88998 1.91384 1.60834 1.81771 1.13437 0.72626 1.10756 1.60385 1.50982 0.82886 0.68067 1.38416 1.38264 0.92540 1.85591 1.32243 0.68171 0.66839 1.92594 0.74741 1.97516 1.26167 0.89329 1.12869 1.03012 1.54329 0.55427 0.66766 1.23761 1.96753 1.23617 1.18489 0.60335 1.96956 1.35756 1.08795 0.91460 0.91021 1.86934 0.72833 0.90225 1.68138 1.90768 1.64837 1.60857 1.83968 0.66821 0.84969 1.23560 1.35838 0.93401 1.89774 1.37431 1.37195 0.78773 1.03877 1.74031 1.75850 0.84073 1.86195 0.91743 0.89414 1.06632 0.58728 1.62162 0.92796 1.81840 1.08193 1.15706 1.34695 0.54850 1.37181 0.78513 1.67292 1.40729 1.81398 1.73775 1.11562 1.03710 1.39153 1.53648 0.84290 0.86313 1.30580 0.69870 1.89366
0.94272 1.26743 1.10767 0.92084 1.00616 0.65809 1.13449 0.86647 1.09646 0.77994 1.26021 0.67124 0.84631 0.51933 0.91503 1.77731 0.86545 1.39156 1.29924 1.89632 0.62123 0.94953 1.66278 0.65557 1.50854 0.82569 1.81347 1.37592 0.82773 1.95919 1.72308 0.67961 0.65516 1.58097 1.18594 0.91943 0.80680 1.02627 1.08537 0.60145 1.09528 1.12051 1.96561 0.81591 0.56664 0.60037 1.74224 1.32027 1.14814 0.55227 1.63668 1.42889 1.03966 1.54041 1.23890 1.35678 1.09075 1.72038 0.66537 1.58602 0.54491 0.56828 0.82571 0.71910 0.71914 0.71701 0.78459 1.05465 1.61410 1.56323 1.48873 1.11191 0.90134 1.56801 1.11687 1.18876 1.84540 1.60717 1.82312 1.59818 1.24903 1.42372 1.77140 1.24587 0.80362 0.82254 1.00385 1.07764 1.08138 1.88379 1.06855 1.23334 1.78099 1.01713 0.56157 0.87469 0.70284 1.20393 1.71665 1.72860 1.13901 0.66972 1.83197 1.67256 1.68385 1.55674 1.34669 1.28266 1.55730 1.37737
1.07381 1.51533 1.09982 0.67221 1.80209 0.74074 0.94170 1.49369 1.45951 1.90162 0.88118 0.58906 1.46454 1.17256 1.73777 0.63867 0.60203 1.37705 1.71825 1.16688 0.75990 1.70287 1.28195 1.35354 1.48994 0.87144 1.58423 0.95528 1.99883 1.37015 1.00031 1.58460 0.78906 1.15531 0.67493 1.87279 1.21443 1.08527 0.66974 1.29032 1.16775 0.91097 0.73461 0.89534 1.20050 1.65505 1.94817 1.14265 0.77410 0.84293 1.04078 1.64651 0.57659 0.89428 1.19501 0.95342 1.83402 1.90137 1.87926 1.59687 0.75767 1.18333 0.68837 1.13395 1.58941 1.35546 1.00514 1.90336 1.58795 0.57478 1.91166 0.58417 1.53068 1.83683 0.89359 1.69484 0.99000 1.06763 1.95515 1.92454 0.60800 0.76449 1.70085 1.13215 1.27795 1.71107 0.53469 1.49313 1.70435 1.87439 0.71556 0.78112 0.58338 1.74222 1.08465 1.15536 1.86600 1.36272 1.59985 1.25886 1.70282 1.44316 0.58682 1.85730 0.73743 0.89868 0.94241 1.83396 0.64030 1.00987 1.68268
0.68480 1.02287 0.52856 1.48685 1.93424 0.91171 1.75937 1.67508 1.18821 0.74397 1.13683 1.31340 1.70607 1.98165 1.29335 1.85213 1.78921 1.46482 1.62708 0.70160 1.50761 1.85927 0.60710 1.10758 1.33239 1.93955 0.68643 1.16355 1.54840 1.60095 1.58468 1.93968 1.70283 1.50546 1.42983 1.06261 1.29339 1.28901 1.06595 1.43877 1.67598 0.98280 1.73207 1.44902 1.68671 1.14384 0.60664 0.90790 1.73447 1.22991 1.80655 1.67586 0.93386 1.24766 1.41164 1.10969 0.96678 1.38882 1.96609 1.93396 1.59829 1.62780 1.64978 1.08445 1.42997 1.36200 1.09116 1.21507 1.04557 1.65478 0.77514 1.72960 1.90189 1.65078 0.80970 1.39301 1.69651 1.02963 1.71502 1.70109 1.71833 0.56110 0.53221 1.39050 0.71191 1.47312 1.86246 0.51817 1.86766 0.78972 1.01441 0.98672 1.17924 1.27222 0.50130 1.07250 1.27007 0.97007 1.21287 1.72420 1.49932 1.31907 1.49582 1.25471 1.92254 1.93403 1.38411 1.30097 1.40367 1.94015 0.98389 0.80594
1.36630 1.48660 1.52336 1.58941 0.68896 1.15130 1.57989 0.80718 0.54493 1.03920 1.87492 1.14343 1.53899 0.83543 1.46244 1.75845 1.94005 1.12297 1.84805 1.58740 1.54500 0.67953 0.89744 1.02943 0.55139 0.80570 1.75206 0.80189 1.48292 0.92556 1.15863 0.99446 0.84821 1.21369 1.99640 1.18890 1.13538 1.95837 0.81770 1.11186 1.20732 1.80564 1.66330 0.84848 0.62419 1.33018 1.90035 1.99671 1.80777 1.21197 1.75658 1.91474 1.21737 1.05818 1.92322 0.53084 0.68597 0.84253 1.04535 0.97530 0.58092 1.28209 1.51684 1.63391 1.02975 0.78715 1.94062 1.02259 1.58310 0.96805 1.64611 1.53046 1.38720 1.32459 1.14688 0.92002 1.88592 1.33890 1.17631 1.89788 0.79640 1.34802 1.10666 0.55905 1.99920 0.75636 1.51800 0.76712 1.58075 1.26991 1.58368 0.74835 1.20994 1.98943 1.77714 1.35929 0.98716 1.85970 1.61844 0.70002 0.64051 1.09405 1.17622 1.22987 0.72739 0.72037 1.61409 1.40667 0.88916 1.74313 1.29868 1.74406 1.43544
0.78631 1.55208 1.04977 1.83075 0.64475 1.65392 1.36022 1.93764 1.49159 1.18277 1.26382 0.91181 1.50660 0.97044 1.80800 1.82882 1.02645 0.57361 0.66216 0.89499 1.69961 1.00430 1.04547 1.16460 1.02505 0.69774 1.34999 0.71852 1.63236 0.50249 1.50104 0.84843 1.87253 1.06992 0.92870 0.91654 0.73702 0.89116 1.56645 1.58493 1.42697 1.23089 0.83530 1.74154 1.64415 0.65873 1.93242 1.02997 1.69126 0.61470 1.08085 1.29758 0.72523 1.21805 0.77934 1.92414 1.27057 0.55847 0.56060 0.62684 1.32496 1.26418 1.57037 1.64954 1.78287 1.80009 0.79655 1.29136 1.85036 0.75394 1.25652 0.79816 1.10569 0.78927 0.64661 0.98010 0.87793 1.21969 1.80986 1.32947 0.55596 0.88918 1.79042 1.43501 1.75515 1.58304 1.30179 1.29013 1.35265 0.75869 1.75327 1.07576 1.55454 0.56431 1.20286 1.79360 1.33474 0.98509 0.85468 1.16966 1.88467 1.11574 1.80693 1.60089 0.81508 1.47013 1.95248 0.70352 0.80792 1.09158 0.72971 1.22394 1.05315 1.33604
1.81848 1.37726 1.04251 1.94429 1.73243 0.93420 0.79973 0.82223 1.93185 0.80000 1.92541 0.80860 1.94905 1.31151 0.66329 0.54142 1.04720 1.54610 1.12215 0.87076 1.64903 0.97336 0.74793 1.50839 0.66185 0.56626 0.94966 1.36437 1.56765 1.55437 1.90871 1.87121 0.81028 1.53685 1.80897 1.27003 1.74926 0.61546 1.39683 1.76691 1.80722 1.24962 0.65813 1.83006 0.64642 1.13637 1.05121 1.50622 1.61024 1.06080 0.55426 0.65630 0.72881 0.72920 0.89467 0.52945 0.94234 1.85128 1.06198 0.68761 1.21950 0.68755 1.46348 0.72203 1.85860 0.51879 1.56127 0.80286 1.96684 0.90591 1.06346 1.55513 1.39754 1.73293 0.67147 1.59018 0.67161 1.09469 1.92625 0.62218 0.86189 0.53793 0.86650 0.66892 0.85585 1.14259 1.24700 0.69379 1.91209 1.43710 0.64639 1.93004 1.55929 1.33556 0.89056 1.86364 1.28131 1.55767 1.68090 1.02545 1.31554 0.57505 1.12526 0.88201 1.50356 1.12254 1.44659 1.76377 0.83729 1.05953 1.40976 0.73377 1.71607 1.62787 0.65566
0.82251 0.64025 1.40763 1.07514 1.78490 1.16199 0.94592 1.46221 0.96682 1.98659 0.76134 0.93581 1.63001 1.25186 1.70708 1.96458 1.48855 0.60032 1.86232 0.65427 0.64271 0.78009 0.75591 1.87915 1.17631 0.56335 1.41429 0.91148 1.89461 1.32761 1.38874 1.38913 0.89139 0.70227 1.11010 0.98549 0.79428 1.91745 1.84813 1.65929 1.78452 1.54402 1.96537 1.68684 1.46047 0.86996 0.80949 0.85182 1.95636 1.93952 1.03448 1.48961 1.53190 1.73161 1.34074 1.93197 1.44905 0.54048 1.85721 1.18006 1.68804 0.79485 0.97330 1.04027 1.24445 0.81751 1.38993 1.04347 1.78495 1.48166 1.10505 1.10066 0.55948 0.83182 0.53459 1.46912 1.43477 0.83457 0.78218 0.52072 0.55334 0.75182 1.12969 1.30574 0.64810 1.34160 1.64477 1.05326 0.74137 1.46425 1.57523 1.86452 0.72179 1.53517 1.15670 0.77639 1.86254 1.21915 1.54414 1.24997 1.90940 1.98486 1.39433 1.81435 1.62377 1.30111 1.76315 1.53735 1.29764 1.18009 0.72816 1.36180 1.79934 1.52787 0.57855 1.10089
1.75696 0.83040 0.63461 0.74432 1.39703 1.28742 0.78242 0.59461 1.58526 1.20149 0.60735 1.51664 1.88984 1.79103 0.53183 0.70010 1.74042 1.64333 1.39567 0.59027 0.64657 1.10574 1.36822 0.56958 1.05019 0.80138 0.72080 1.15194 1.25849 0.98867 0.56106 0.83799 0.68202 1.75910 0.64041 0.86385 1.65102 1.77200 1.86087 1.40529 1.52866 1.34295 0.75824 0.89989 0.92973 0.83573 1.50331 0.69544 1.21388 1.72561 0.88136 1.98364 0.70381 1.45268 1.64373 0.96558 1.69440 0.71806 0.77440 1.08919 1.76564 0.77606 1.66029 1.75670 0.90898 1.93738 1.65865 1.14105 0.55416 1.14582 1.36446 1.56762 0.99459 1.76969 0.65825 1.63145 0.86459 1.55584 1.35870 0.77088 0.60294 0.92593 1.25356 1.59988 1.83258 1.58926 0.98398 1.12109 1.66724 0.50968 0.82313 0.52336 1.84350 0.72071 1.91250 0.96170 0.65641 1.52131 1.63361 0.51970 1.40839 1.24234 0.73888 0.79180 1.07595 0.77756 0.83883 1.55429 1.19152 0.91126 1.38511 0.94269 0.93022 1.06565 1.14885 1.14468 1.05499
1.27006 1.79936 1.50634 1.00506 1.19141 0.83210 1.96160 1.33794 1.78140 1.85451 1.40106 0.65102 1.25990 1.80486 1.57467 0.80517 1.78995 0.55989 1.65731 1.88235 0.63112 0.50174 1.29278 1.11147 0.92723 0.80571 1.84262 0.82394 0.99049 1.94494 1.80671 1.29667 1.50589 1.88357 0.85531 1.69302 1.03848 0.89096 1.26025 1.29922 0.69728 0.66113 1.67188 1.31358 1.33622 1.83629 1.03703 0.79172 1.46493 0.90196 1.25824 1.80844 0.93086 1.30923 1.19155 0.70097 1.73230 0.53550 1.30346 1.09274 1.52867 1.17690 1.39574 1.85137 1.98904 0.98377 1.16526 0.71905 1.06125 1.55696 0.67799 0.88046 1.96525 1.23854 1.89645 1.86963 1.38614 1.62074 1.03825 1.84615 0.75969 1.44639 0.88740 1.90077 1.17200 1.93409 0.70069 1.09391 1.30776 1.94838 0.64663 1.32938 1.43402 1.06498 0.67947 1.72131 1.89193 1.28403 1.98544 1.36616 1.24337 1.15877 1.12026 0.95281 1.88238 0.52424 1.72960 1.93763 1.83281 1.25765 0.90112 1.04589 0.65897 1.38109 1.51662 1.31050 1.91073 1.88987
0.93694 1.62827 1.06396 1.66087 1.30504 1.55546 1.21928 0.86078 1.31049 0.86212 1.44114 0.61392 0.75413 1.57476 1.71834 1.39267 1.21603 1.00806 1.74575 1.77165 1.79270 0.78687 1.97190 0.89433 1.89600 0.76357 1.33723 0.87207 1.82070 1.46588 1.51880 1.16388 0.90000 0.88302 1.97025 1.34922 1.36485 1.80466 0.89064 0.88500 1.88258 0.84561 1.06211 0.65971 1.97030 1.94640 1.90846 1.45537 1.40360 1.39150 0.90320 1.94344 1.47803 0.88342 1.02846 0.86518 1.58890 0.95172 1.07794 1.35100 0.57298 0.79017 0.90579 0.52549 0.78104 0.76198 1.86062 1.78635 1.25656 1.05835 1.10784 0.93278 0.58146 0.69534 0.78859 1.51734 0.99794 1.41788 1.43402 1.16049 1.61041 0.53434 1.79305 1.01475 1.92132 1.24567 0.97369 1.69051 1.40363 0.87028 1.09439 0.86711 1.65280 1.36099 0.50784 1.83951 1.39095 1.06906 1.91850 1.89952 0.85945 1.85698 0.79613 0.99052 1.68597 1.53616 1.97870 1.33791 0.85143 0.84381 1.62092 1.05611 1.83598 1.28541 0.57669 1.04729 1.45305 1.17852 1.00691
1.22093 1.64366 1.30655 1.74671 1.65384 0.97216 1.60084 1.89721 1.98369 1.13646 1.89666 1.70971 1.67966 0.92722 1.28804 1.00082 1.22605 0.63861 0.59406 1.05158 0.70546 1.55885 0.75019 1.00099 1.38338 1.65034 1.35161 1.43429 1.21823 1.26999 1.27541 0.59100 0.87585 0.83986 0.69755 1.38664 1.53460 1.37998 0.91641 1.23977 1.36449 0.77510 1.28127 1.66391 1.40755 0.55380 0.50653 0.71652 0.95350 1.12796 1.68269 1.94233 1.20123 1.19068 1.71617 1.81989 1.51838 0.89898 0.86915 1.43669 1.73722 1.37437 1.71129 0.72116 1.63615 0.84232 1.53031 1.04901 1.99931 0.53686 0.52047 1.57367 1.28943 0.51695 1.32056 1.45291 0.99744 1.27193 0.78740 1.59320 1.62624 1.07006 0.67212 0.54676 1.24356 0.66722 0.84755 1.79256 1.61406 0.88517 1.86530 1.30002 1.30538 0.87372 0.93001 0.71814 1.38536 0.79895 0.82257 1.94433 1.39711 1.40053 0.63140 0.77060 1.62054 1.61854 1.45862 1.00400 0.95072 0.91858 1.86112 1.71252 1.60602 1.99148 1.96798 0.54714 1.39958 0.58214 1.69862 1.26957
0.96372 0.56782 1.59906 0.96101 1.50589 1.51650 1.54171 1.01888 1.58594 1.29832 1.51611 0.99326 1.65953 0.83205 1.56463 0.74658 1.56428 1.15567 0.87559 1.75858 1.54266 0.61558 1.36582 1.23540 0.53457 0.65094 0.60986 0.69406 1.09262 0.60438 1.07270 1.67868 0.58224 0.80137 0.66614 1.58734 1.12936 1.32564 0.54890 1.61786 0.79061 1.29336 0.56537 1.16772 1.36828 0.71181 0.83242 1.49938 0.81030 1.88449 0.65150 1.58304 1.92048 1.16812 0.50487 1.97652 1.11663 1.49673 1.66934 1.17917 0.50358 1.45023 0.88907 0.87771 1.00596 1.26241 1.14637 0.54620 1.24516 1.56131 0.98287 1.78591 1.93235 0.98763 1.33022 1.19088 1.90298 1.46941 1.96620 1.21043 1.25517 1.81219 1.95353 1.86682 0.86446 0.59001 0.75860 1.30019 1.96928 1.06222 0.80180 0.89870 1.62331 1.40622 1.94849 1.09001 0.97196 1.71273 1.08970 1.70561 0.59149 0.71689 1.59519 1.35628 1.53006 0.75382 0.90854 1.70576 1.88367 1.59132 1.62624 1.83661 1.61783 0.81036 0.81402 1.98776 0.76869 1.58094 1.87079 1.33477 1.25073
0.84989 0.96874 0.57516 0.73108 0.76102 0.97706 1.91435 1.36828 1.80256 1.23685 0.63915 1.36890 1.64350 0.60884 0.79245 0.90918 1.91818 1.17301 1.15462 1.49355 0.94410 1.03008 1.52433 1.15951 1.28790 0.62609 0.72866 1.59221 1.56933 1.96132 1.77983 1.51805 0.57206 1.01092 1.00327 0.71440 0.69759 1.61205 1.46272 0.63677 1.59857 0.74239 1.63782 1.69971 0.97229 1.35275 1.21526 1.29763 0.92231 1.09267 0.80415 1.28715 1.29102 1.83714 0.75967 1.57569 0.54240 0.55156 0.68692 1.29218 0.97825 1.47370 1.31571 1.70471 0.77457 1.62893 1.43011 1.78663 1.62204 1.76194 1.04911 1.94984 1.61165 1.09890 0.93847 1.45530 1.54402 1.43419 0.60194 1.96745 1.39186 1.49023 0.65247 0.71413 1.07740 1.52359 1.97091 1.18407 1.27080 0.96356 1.58023 1.02252 0.86067 1.72380 1.74133 0.89344 1.05822 0.96722 1.49334 1.42993 1.15501 1.90757 1.36406 0.80962 1.09815 1.58025 0.96174 0.88710 0.61607 1.46965 0.87913 1.44333 0.65550 1.50239 1.86126 1.51819 1.84294 1.94524 1.96956 1.19777 1.46051 1.93847
1.35079 1.84893 1.34805 0.73755 1.60234 1.69852 1.57085 1.99706 1.92128 0.93774 1.66693 1.80780 1.56094 1.97987 1.20034 0.52548 0.52254 1.23001 0.55982 0.79291 1.65681 1.28809 1.57597 1.41487 1.91128 1.38382 1.82833 0.83021 0.93596 1.38670 1.23370 0.73256 0.92900 1.65182 1.08828 1.30194 1.74222 1.95533 1.68567 0.93945 0.77886 1.08461 1.19164 1.31860 1.51515 0.66535 1.80182 0.76827 1.11225 1.17342 1.11465 1.21306 0.86676 1.14786 1.71352 1.62305 1.48240 1.80567 1.38427 1.80286 1.62025 0.54162 1.43845 1.81512 1.22038 1.50339 0.94086 1.17348 1.43413 1.52893 0.84862 1.16981 0.70408 1.14887 1.83527 1.91139 1.12029 1.68253 1.97479 1.53396 1.17269 1.52364 0.70848 1.14300 1.60484 1.63193 1.58909 1.40249 1.48901 0.77124 0.55690 0.81411 0.63344 1.58274 1.84981 1.84931 1.24016 0.67186 1.66782 1.43563 1.22815 0.53158 1.13522 0.50504 1.39482 1.65825 0.50716 1.70851 1.57324 1.60150 0.92273 1.92022 1.38458 1.94769 0.71071 0.94470 0.51874 1.36679 0.65109 0.72614 1.41554 1.36776 1.82697
0.67225 1.44817 1.64573 1.60718 1.37668 1.25385 1.31081 1.96946 0.60003 0.78975 0.67655 1.02767 1.23421 1.13840 1.78016 1.88594 1.45579 1.41014 1.15831 0.68680 1.92791 1.56613 1.14349 0.95487 1.75269 1.93386 1.95712 1.97831 0.62435 0.51149 1.14027 1.81584 0.60493 1.24210 1.69765 1.07620 1.08979 0.71281 1.24291 0.80775 1.75763 1.71296 1.45101 0.57187 1.38140 1.87481 1.40704 1.64898 1.89108 1.20403 1.61004 1.19555 0.87837 1.05975 1.12887 1.93910 1.84703 0.57381 1.66528 1.86718 1.76155 0.63147 1.50359 0.60444 1.03661 1.94850 1.22801 0.88467 1.90294 1.95363 0.87791 0.82874 1.02729 1.37187 1.18882 0.95222 1.86228 1.08110 1.01659 1.61215 1.38592 1.67969 1.64557 0.82010 1.45165 1.31688 0.89764 1.93782 1.24557 1.69838 1.95799 0.95606 0.85499 0.77242 1.02741 0.93549 0.66098 1.60644 1.86815 1.71696 1.80740 0.66412 1.03858 1.81100 0.74864 1.82563 1.89536 0.72575 1.13626 0.74748 1.53885 1.74734 0.69746 1.20695 1.08231 0.86284 0.79545 1.54144 1.02156 1.81641 1.13051 1.14060 1.78749 1.77875
1.22837 1.22130 1.06956 0.72287 1.15595 0.90501 1.74533 0.68434 0.53041 1.28732 0.67363 1.05588 0.92686 1.48928 0.88973 0.92771 1.43901 1.14474 0.64787 1.74070 1.26089 1.11309 1.92069 1.14243 0.94923 1.44000 0.90549 0.55951 1.93579 1.16488 1.29668 0.73634 0.53110 1.48113 1.46744 0.73994 1.08669 1.99321 1.42714 1.44714 1.35278 1.17989 1.09132 1.05521 0.98493 0.64918 0.92103 1.79177 1.38514 0.54837 0.89793 1.85243 1.26765 0.86393 1.18235 0.53614 0.91970 0.82452 1.17769 1.99441 0.61037 1.43513 1.39410 0.60188 0.91386 0.58425 1.82402 1.03910 0.73626 1.08400 1.20047 0.95844 1.96023 1.26818 1.73777 1.49892 1.58772 0.74448 1.36924 1.92604 1.93917 1.97152 1.81951 1.66864 0.79628 1.43001 1.32035 1.18917 0.55377 0.74666 0.86775 0.65758 1.51935 1.88605 0.98737 0.93728 0.95218 0.77788 1.05762 1.13183 1.06534 1.54237 1.26885 0.68278 0.77700 1.41476 1.63662 1.45861 1.46594 1.48125 0.94864 1.61966 1.08841 1.09019 0.54522 1.97085 1.68907 1.04144 0.77738 1.76518 1.40228 0.77492 1.75218 1.19161 1.93080
1.05401 1.28476 1.51606 1.59806 1.54645 0.56247 0.72902 0.80384 0.80738 1.00372 0.82270 1.93528 1.48102 0.50233 1.74257 0.96165 1.34981 1.12021 1.58270 1.12567 1.49207 1.30986 0.57111 1.73806 1.38194 1.46633 0.75057 1.82177 1.39078 1.58797 1.98347 1.52798 1.28151 0.87924 1.98806 1.85781 0.88763 1.64639 0.99638 1.79680 1.05463 1.16000 1.14664 1.68923 1.32650 1.19667 0.99277 0.63446 1.38436 1.00547 1.15245 0.50067 0.71412 0.89586 1.71249 1.15572 0.99614 1.09996 1.38244 0.54163 1.40985 1.49350 0.61583 0.62757 1.14417 0.68020 0.50913 0.67701 1.54834 1.20979 1.48316 0.96845 1.42214 0.68516 1.66366 1.95362 0.90274 1.91910 1.71094 1.28345 0.80472 1.54172 1.55092 1.92826 1.43421 1.73382 0.81637 0.58077 0.65276 1.44958 1.14296 1.37968 1.37139 0.82736 0.54142 1.72163 1.65239 1.53130 0.99039 1.61526 0.67447 0.61680 0.99169 1.32936 1.80302 0.77585 0.73815 1.41418 1.79122 1.54073 0.70324 1.76482 1.74732 0.65175 1.66255 0.85806 0.86044 0.98836 0.96136 1.39277 1.08948 0.76507 0.98427 1.65074 1.87234 1.58818
1.44510 1.64359 1.33355 1.77048 1.87391 0.90766 1.90874 1.45284 1.91147 1.50906 0.93445 1.14008 1.68967 1.91363 1.43055 1.33263 1.98868 0.53508 1.07454 0.69493 1.71462 1.23494 1.01840 1.59706 0.71070 0.97245 0.65028 1.90266 0.87060 1.16785 1.11961 1.36497 0.97960 1.97058 1.05101 0.58309 1.56690 1.01833 1.05818 0.95275 0.58232 0.84763 1.06803 1.58237 0.53509 1.34284 0.55027 1.01227 1.38331 1.82358 0.56242 1.13408 0.83092 0.99263 1.90425 1.35771 1.61081 1.65877 0.54640 0.59306 1.03621 1.16505 0.63769 1.74703 0.94449 1.41529 1.19271 1.27350 1.01012 0.62943 1.15243 0.58273 1.00285 1.88582 1.83921 1.48956 1.39333 1.67690 1.68410 0.78402 1.86111 1.41547 0.76711 0.54781 0.79767 1.99814 1.03920 0.80299 1.81812 1.74170 1.49463 1.91723 1.96717 0.72999 1.33103 1.52399 0.65084 1.03179 0.88133 1.59850 1.58043 1.11213 1.51054 1.77630 0.60334 1.71742 1.75917 0.76420 1.81427 1.62065 1.01933 1.09319 0.72559 1.83028 1.30862 1.97370 0.67189 1.78761 0.63894 1.72621 1.17390 0.99136 1.14839 1.52305 1.99285 1.56067 1.07187
1.25863 1.75324 0.66819 0.82294 0.64698 1.14763 1.06318 1.68811 1.52730 0.54846 0.56304 1.44169 0.93484 1.68795 1.59160 0.89021 0.67617 1.59441 1.46821 0.82956 0.60642 1.95419 1.09246 1.24035 1.67793 1.62515 1.99470 0.86616 1.73944 1.07880 0.70962 1.65654 1.41023 1.20145 0.99437 1.10286 1.60783 1.56865 1.12134 1.29479 1.17438 1.69878 1.10033 1.95477 1.84797 0.63757 0.52714 1.95561 1.69644 1.67357 0.71692 1.80044 1.81137 0.60786 0.56759 1.92051 1.65280 1.44785 0.62712 1.87350 1.90465 0.96415 0.70189 1.03862 1.46403 1.25135 0.70927 0.70532 1.06632 1.36732 1.27333 0.71751 1.31923 1.80980 0.82247 1.10815 0.50207 0.94381 1.26173 0.81557 0.57907 1.03974 1.34416 1.54587 0.55310 1.18084 1.78777 1.15622 1.91726 1.31522 1.13597 1.23887 0.92586 1.91910 1.19732 0.61581 0.75015 1.23286 0.83264 1.30988 1.83649 1.67623 0.74856 1.08481 0.89197 0.77475 0.86988 1.93492 1.00687 1.54070 0.51305 0.81339 1.85811 1.56087 1.83400 0.81954 1.81001 1.12252 0.98592 1.32611 1.55712 0.52120 0.96930 1.55192 1.19016 1.26101 1.64394 1.18092
1.58042 0.50934 1.45260 1.64676 0.90329 1.21491 1.16440 0.51811 0.88180 0.51661 1.79306 0.71121 1.93542 0.71008 1.64191 1.29376 0.61981 1.16151 0.75001 1.40114 0.63402 0.94818 0.54074 1.33134 1.85622 1.96439 1.38941 0.68823 0.50060 1.70424 1.15686 1.00547 0.50896 0.87400 1.35313 0.88476 0.85644 1.80860 0.93492 1.78589 1.57090 1.81408 0.84090 0.97006 1.12903 0.61495 0.97560 1.58745 1.10203 1.39386 1.05581 1.41808 0.92134 0.53168 0.63483 0.59485 1.58238 1.15210 0.71037 1.66480 1.87936 1.40175 1.51001 1.58264 1.59496 1.21255 1.22694 0.86605 0.62545 0.69001 0.59888 1.58167 1.29350 1.46102 0.68839 0.58315 1.75308 1.18066 1.08383 1.92101 0.65699 1.75634 1.67516 1.07966 1.73291 1.43053 1.90650 0.97961 1.82527 1.33664 1.00707 1.94480 1.09845 1.25140 1.17602 1.99779 1.31913 1.25509 1.04257 0.59266 1.61855 0.87865 1.11732 1.48461 0.55505 1.16286 1.24181 1.97804 0.71027 1.16748 1.17607 1.07671 0.93739 0.73294 0.88415 1.97215 1.62544 1.07147 0.82410 1.23419 1.85527 1.55323 0.94518 1.39036 0.70464 1.91531 0.94726 1.61675 0.67485
1.61460 0.72522 1.77260 1.13289 1.43442 1.96737 1.05953 0.52659 1.57914 1.07858 1.37338 1.41219 1.63938 1.36506 1.30785 1.75581 0.62565 1.17460 1.50675 1.77874 1.29183 1.08886 1.13035 1.29285 1.82863 1.51319 0.56116 1.74269 1.04954 0.72705 1.09019 1.73959 0.60530 1.70563 1.36732 1.69019 1.82411 0.71494 1.99980 1.70364 1.29653 1.53575 0.54168 1.02256 1.47881 1.59672 0.57741 1.90841 0.76941 1.44107 1.59763 0.73178 1.46878 1.38590 0.98416 1.18752 1.83037 1.47982 0.94041 1.51374 1.05656 0.69276 1.11529 1.53571 0.83796 1.60625 1.24632 1.07607 1.14071 0.58799 1.03577 1.88992 0.79006 1.08848 1.89140 0.64927 1.79713 1.15212 0.70214 1.84293 1.38408 1.47130 0.73848 0.79478 1.75860 1.46521 1.60215 1.71249 0.81776 1.00242 1.23661 1.84540 1.81144 0.85885 1.98802 1.43342 1.34219 1.50680 1.72448 1.63532 1.08255 0.68834 1.85318 1.99333 1.56131 0.99788 0.77254 1.52400 0.87556 1.90843 1.22818 1.52451 1.25945 0.90060 1.46240 0.84224 0.50031 1.58084 1.92578 1.17223 1.25085 1.80795 1.73324 1.21307 1.13742 1.86379 0.68193 1.94351 0.88865 1.61311
1.93172 0.93388 1.22062 1.81888 0.65150 1.42990 1.78889 1.56209 0.92490 1.94415 0.55187 1.86701 0.99055 0.79884 0.88513 0.74801 0.96384 0.82685 1.92818 0.95222 1.28183 1.13112 1.70745 1.84060 1.79135 1.44515 0.62401 1.07359 1.68113 1.75358 1.75581 0.73204 1.44148 0.70784 0.77376 1.75015 1.22784 1.29195 0.54082 1.09111 1.33818 1.45170 0.82259 1.29267 1.14151 1.25611 1.59689 1.06197 1.03933 1.51140 0.52904 0.85381 1.19211 1.77412 1.26685 1.89702 0.71263 1.79814 1.53315 1.33730 0.72087 1.76541 0.51507 1.36256 1.64877 1.66902 1.67203 1.76914 0.78848 1.11638 1.14212 0.69099 1.64198 1.28734 1.02340 1.51612 1.11628 0.60194 0.98797 1.85736 1.79181 1.60941 1.15689 0.78938 1.21277 0.66822 0.84216 1.26586 0.68458 1.87194 0.58709 0.50207 1.98553 1.02444 1.74967 1.03441 1.48251 1.88496 0.83655 1.46460 1.90674 1.55339 1.56339 1.64735 1.82605 1.99489 1.20001 0.90485 1.47370 1.10596 0.77241 0.57288 1.65833 1.19977 1.89001 1.16197 0.54705 1.35005 1.17561 1.13031 1.33924 1.56570 0.66677 1.72793 1.73317 1.86743 1.91158 1.83176 0.50638 1.97078 1.74681
1.92613 1.96156 1.44588 1.09568 0.88245 1.85020 0.91843 0.74100 0.54137 0.61693 1.18876 1.45091 1.81429 1.58561 1.07494 1.67515 1.44880 1.84496 0.65631 1.74830 0.53997 1.14274 0.59214 1.82172 0.62740 1.50345 1.41313 1.63495 1.30306 1.39439 1.37023 0.82731 1.09226 1.43549 0.53340 1.18165 1.13861 1.52217 1.65878 1.38088 0.90021 1.32176 0.52473 1.50368 0.78946 1.05884 1.95892 1.48239 1.85941 1.23358 0.88536 1.80870 1.17071 0.87056 0.95291 0.93834 1.35923 1.86425 1.37304 1.90314 1.30936 1.73703 0.59187 1.45342 1.21426 1.96592 0.59235 1.27429 1.35929 1.07097 1.72305 1.03896 1.05248 1.79911 1.70351 1.66810 0.55513 1.86480 1.12667 1.11427 1.88838 1.11681 1.05859 1.68709 1.08656 1.17846 1.41498 0.55085 1.94034 1.11925 0.88339 0.51480 1.97837 1.14060 1.86977 0.65231 1.06676 0.97135 1.34170 1.62619 0.59312 1.50361 1.67495 1.71085 1.00500 1.47262 1.93280 1.35375 0.66672 0.92674 1.34474 1.87563 0.73338 1.22319 1.75365 0.74471 1.43789 0.57748 0.69558 1.45413 1.85710 1.63745 1.61851 1.69825 0.69463 1.63855 1.60425 1.28675 0.94098 1.58214 0.78723 0.58114
1.63509 1.07651 1.39940 1.70120 1.35692 1.88347 0.99631 0.87345 0.95136 0.64889 0.61319 0.96193 1.11463 1.64962 0.64812 1.75103 0.80414 1.62937 1.71951 1.65775 1.11681 1.22225 1.44546 0.60415 1.07917 1.77032 0.90112 1.60116 0.97577 1.36062 1.91976 0.71328 1.72544 0.67820 1.24192 1.70537 1.28180 1.36954 0.76868 1.07864 0.53324 0.53140 1.93139 1.26331 1.28133 1.97729 0.87635 1.47085 1.60276 0.60553 0.78333 0.86871 1.34825 1.20140 1.86142 1.22967 0.71126 1.82560 1.31481 0.52719 1.98268 1.69532 1.45527 0.58275 0.84611 0.81294 1.76827 1.48652 1.42674 0.55416 0.86167 1.63255 0.53600 1.27618 1.46990 0.94338 0.80280 1.81258 0.95340 0.60779 0.54050 1.64674 1.98389 1.08472 1.75873 1.62978 1.93695 0.73569 0.90390 0.98800 1.90687 1.65727 1.49175 1.15709 1.18797 1.04396 0.78555 1.72387 0.83231 0.79037 0.80965 1.28774 1.76588 1.42823 1.29505 0.68913 1.28215 0.67828 1.86997 1.42743 0.91871 1.47880 0.60913 0.76643 1.23904 1.46949 0.67501 0.74681 0.79687 1.06556 1.36268 1.96483 1.81318 0.70210 1.74070 1.62548 0.71102 1.51076 0.98443 1.52420 0.91584 0.86726 0.91103
1.02929 0.88334 0.52217 0.98368 0.96953 0.65751 1.87972 1.62283 1.12506 0.50209 0.61310 1.96395 1.70300 1.06347 1.30599 0.71576 0.98198 1.80390 0.66033 0.74233 0.86363 1.03080 1.50726 0.82588 0.90100 1.62797 1.70755 1.69835 1.58290 0.92405 0.72162 1.34820 1.17178 0.73138 1.80717 0.61331 0.74929 1.18797 0.85899 0.96263 1.37628 1.84531 1.16779 0.73127 1.45299 1.59209 1.18286 0.70483 0.82737 1.99295 1.58721 0.85151 1.42406 1.07717 1.76290 1.55639 1.75350 0.84269 1.92801 1.79030 0.75762 1.91793 1.99830 0.73554 1.98201 1.91196 1.04323 0.92564 1.12419 0.56231 1.93393 1.49352 1.78309 1.63386 0.75456 1.94304 0.54974 1.52368 0.89215 1.41480 1.82515 1.12839 1.83292 1.13964 0.70492 0.77892 1.72681 1.80863 0.69031 1.10129 0.71945 0.62597 1.80684 1.83198 1.72146 1.83870 0.95900 1.66615 1.88708 1.70468 1.69598 1.96038 1.02634 1.16408 1.94120 1.36777 1.00932 1.64542 1.14259 1.62127 1.76925 1.60101 0.55988 1.54730 0.69956 1.62597 1.77515 0.59125 1.85523 0.81865 0.87568 1.72344 1.85372 0.91983 1.77438 0.55251 1.28643 1.09194 1.77501 1.55340 1.29250 0.67047 1.61662 1.75443
1.86676 0.97095 1.00028 1.29346 1.15248 0.74370 0.98243 0.76633 1.03047 0.77880 0.86227 1.27568 1.14759 1.19965 0.61567 1.34992 1.36804 1.71245 1.43016 1.65845 1.41024 1.75963 1.40392 0.81729 1.29700 1.41270 1.11976 1.40611 1.55265 1.55885 1.20414 0.52843 0.83371 1.97387 1.07923 1.18779 1.82609 0.65093 0.89829 1.52158 1.52915 1.11953 0.74731 1.87955 1.13714 0.58828 1.53428 1.86064 1.94562 1.53171 0.90205 0.87005 1.43563 1.05298 1.86767 0.57763 1.42343 1.87370 1.94072 1.09361 1.21191 1.88800 1.59533 0.70162 1.40506 1.49250 1.89052 1.85668 1.38109 1.73130 1.93583 1.38132 1.34607 0.74788 0.83160 0.51300 1.01492 1.64090 0.60733 1.43669 0.51766 1.96368 0.74668 0.77560 1.21720 1.68520 1.80016 1.84473 1.70512 0.64090 0.84680 1.26063 1.33644 0.80067 1.25761 0.63317 1.73775 1.97840 1.85316 1.82058 0.76939 1.81804 1.26784 1.18802 1.09466 0.73284 1.63077 1.58860 1.99547 0.97406 1.46990 1.57824 1.50763 1.84371 1.93527 1.65269 0.61159 1.07807 1.24139 1.52669 0.91636 1.88549 1.27931 1.29771 0.79407 1.37735 1.23880 1.53560 1.48616 0.63951 1.37400 1.37659 1.18335 0.51112 1.88391
1.62475 1.72311 1.86239 1.25657 1.23480 0.65163 0.50495 1.59056 1.44768 0.58864 0.61183 1.45608 0.58641 0.50281 1.98707 1.76424 0.92472 0.80619 1.17936 0.62217 1.28086 0.62700 0.57636 0.53439 1.62391 1.96072 1.54380 0.58831 0.56072 1.69587 1.33102 1.00992 1.48788 1.38245 1.16718 1.40003 0.85288 1.93193 1.45309 1.28053 0.87322 1.63022 1.49796 0.63945 1.28056 1.32088 1.90763 1.62413 1.32066 1.49422 1.47511 1.49550 1.84011 1.88458 1.69054 1.33889 0.99492 1.45784 1.30865 0.57478 1.33062 1.51987 0.51642 1.37923 0.53848 0.89170 0.51637 1.61338 1.53910 1.41421 0.84917 1.68642 0.81396 0.50569 0.91360 1.75706 1.03048 1.22096 0.93302 0.58013 1.02626 1.69455 1.51729 0.57700 1.05587 1.31088 1.39177 1.57128 0.87477 0.54841 1.77455 0.69806 1.34552 1.03511 1.87346 1.66921 0.96438 0.93276 1.62302 0.52847 1.97209 0.81486 1.91494 1.39312 0.64582 1.87502 1.70839 0.76205 0.96188 1.05979 1.53703 1.85205 1.99145 1.63815 0.78135 1.72111 1.12507 1.07324 1.23567 1.00525 1.06827 1.23220 1.97595 1.10316 1.40255 1.18661 0.51426 1.88980 1.79364 1.89109 1.05112 1.90597 0.68286 1.00895 0.51332 1.98838
0.52917 0.91716 0.54166 1.97916 1.61648 0.62556 1.29124 1.60687 0.62283 1.80160 1.64356 1.36019 1.47903 1.65212 0.90289 1.94810 0.50144 0.59892 1.83455 0.96195 0.79302 1.56713 0.66281 1.82569 0.84157 1.68789 1.12613 0.54734 0.55331 1.22759 0.57790 1.12090 1.84588 1.58087 1.78605 1.05941 0.79312 1.25078 1.16419 1.45358 0.63678 1.20434 0.89293 1.23897 1.86169 1.26614 0.86291 0.78941 0.88220 1.09116 1.78894 1.83803 1.20568 1.06844 0.56496 0.77005 1.66842 1.65125 1.16044 1.90488 0.81168 0.64166 0.50715 1.93015 0.72084 0.87977 0.95130 1.10914 0.54851 1.53520 1.15219 1.42402 1.58728 1.89247 1.58047 1.65393 1.83694 1.89554 0.87414 1.46902 1.52847 0.52907 1.55760 0.88313 0.77412 1.43003 1.12114 0.52415 1.56552 1.04246 1.72287 0.91682 1.96766 0.56753 1.16923 1.54492 1.51889 1.43592 1.37995 1.02532 1.55512 1.93221 1.58146 0.58786 1.56271 1.09650 0.91275 1.25066 1.77000 0.72486 0.79076 1.10744 1.12053 1.88072 1.32356 1.69765 1.06568 1.16828 1.59315 1.07347 1.00469 0.90729 0.86962 1.10864 0.87737 0.80947 1.62800 0.83794 1.05203 1.71866 0.53617 1.57611 0.64505 1.55231 1.99025 0.59768 0.60963
1.71076 0.91221 1.86570 1.18785 1.40475 0.83950 0.56032 1.34591 1.63104 1.50208 0.51027 1.95284 1.24159 1.87893 0.81050 0.60772 1.53352 0.86032 1.39623 1.43337 0.56289 0.73197 1.87080 1.21871 1.60385 1.07636 1.31114 0.82344 1.19855 1.00033 0.94507 1.90446 0.93148 0.64607 1.22000 1.43701 0.54209 1.74846 0.61857 1.30587 1.63712 1.31858 1.50785 1.64108 0.65812 1.74226 1.13873 0.86437 0.68294 0.79771 1.38532 1.78157 1.14162 1.67066 1.90541 1.79509 0.99751 1.53391 0.63385 0.86031 1.43425 1.91543 1.71691 0.76407 1.13813 1.33405 1.88107 1.18507 1.11805 1.33080 0.60997 0.92330 1.54414 0.52385 0.59776 1.08567 0.84962 0.89343 1.45361 0.54868 0.64775 1.23575 0.60609 1.31373 0.56920 1.29203 0.72518 1.48640 1.39453 1.60063 0.85976 1.09466 1.38938 1.79270 0.61940 0.61160 0.88864 1.11826 1.58649 0.55503 1.09531 0.96303 1.77523 0.78466 0.88061 1.58828 1.89111 1.24973 0.59275 0.53719 0.85293 0.73723 1.35836 0.72019 1.44956 1.42645 0.55993 1.96075 1.42101 0.66185 1.08445 0.61134 0.53033 1.88963 1.25365 1.62906 1.21078 0.99286 0.52731 0.97919 0.98415 1.78188 1.34170 0.56146 1.56870 1.95123 1.47148 1.30248
1.78679 1.85623 0.51997 1.42557 1.11877 1.12800 0.55438 0.58003 1.98392 1.65851 0.80610 1.52797 1.08341 1.60519 0.57674 1.00078 1.56844 1.83916 1.73210 1.95921 1.92683 1.26061 1.60984 0.53488 1.54762 0.55607 1.65953 0.83232 0.80451 1.26871 1.43234 1.95980 1.48086 0.53906 0.85548 0.96494 1.70835 1.52375 1.56793 1.14107 1.39802 0.84301 1.22974 0.94064 1.41264 1.46504 1.06397 1.93271 0.74999 0.66466 1.56451 1.13033 0.62973 1.99545 0.54844 0.69134 0.58763 1.17524 1.32043 1.87050 1.45596 1.98126 0.53173 0.95756 1.11560 0.92315 1.77766 0.57620 1.25457 1.79533 0.55356 1.81202 1.01863 1.19674 0.84699 1.65742 0.97919 1.58656 1.53716 0.53074 1.92094 1.51465 1.17274 1.95374 1.65026 1.43556 0.87992 1.43031 0.85099 1.51336 0.93034 0.73770 1.52528 1.10477 1.67310 1.95830 1.89330 1.65755 1.89041 1.51058 1.21696 1.19097 1.28038 1.93194 1.34923 0.73597 1.89014 1.02164 1.91843 1.34430 1.38262 0.58954 1.93930 1.90451 1.48124 0.85162 1.17828 1.70308 1.99958 1.45998 0.96938 1.58144 0.60311 0.60191 1.17456 1.91645 1.26621 1.97022 1.08695 0.80828 0.53886 1.88862 0.76307 0.55928 1.61562 1.53568 1.46915 0.63666 1.51234
1.86007 1.19358 0.62514 0.61786 0.85103 1.71911 1.23140 1.03328 1.48383 1.12755 0.63353 0.71687 0.62982 0.75170 1.03174 0.65449 0.85226 1.04344 1.58740 1.82001 1.94720 1.64901 0.58912 1.37569 0.59553 1.31208 0.55585 1.39247 0.68016 0.82486 1.40212 1.52498 1.36407 1.00901 1.51623 0.91819 1.16625 1.11379 1.29410 0.54369 0.58441 1.43367 0.73035 0.88139 1.09928 1.68525 1.53451 1.25869 1.49735 0.58342 1.45911 1.07881 1.36208 1.41774 1.19492 0.67303 1.33859 1.43042 1.13621 1.32076 1.88197 1.73889 0.80418 0.73463 0.89081 1.88075 1.89612 1.32990 0.95796 1.15734 1.15943 1.15807 0.60247 1.29421 1.28491 1.90854 1.90362 1.98816 1.85594 1.92195 1.04424 1.32444 0.92710 0.89577 1.94639 1.33923 0.94148 1.14609 1.91886 1.79136 1.31533 1.78119 0.56782 1.78496 1.71750 1.59951 0.61839 1.38566 1.37821 1.93468 1.37195 1.50974 1.36821 1.42319 0.97358 1.23692 1.24337 0.82093 0.88622 0.93305 0.83596 1.45617 1.63403 1.40840 1.05222 1.17308 0.99651 1.23392 1.17165 0.58613 1.19634 1.72044 0.81876 0.78315 1.10047 1.71752 1.37857 1.83729 1.34587 1.61426 1.67985 1.63819 1.59945 0.74844 1.74331 1.71480 0.95265 1.91662 1.06401 1.28839
1.18530 1.31985 0.80506 1.19491 0.99398 1.99395 1.69407 1.82486 1.14377 1.92789 1.24426 0.87324 0.61984 1.99528 1.84029 1.56807 0.93771 0.77359 1.98634 1.33132 1.83381 1.10771 1.18271 1.29966 1.83583 1.96837 1.79411 1.39016 0.63726 0.53562 1.18155 1.66866 1.10645 0.97992 1.41605 1.26353 1.21499 1.73140 1.92304 1.17194 1.49769 1.95990 0.51032 0.73847 1.68113 1.11603 0.79514 1.96289 0.58826 0.63808 0.62070 1.23467 1.75473 0.87681 0.91333 0.63917 1.91727 1.65407 0.56323 1.45860 1.73706 0.87882 1.47938 0.85769 1.37277 1.99035 1.80179 1.78486 1.85386 1.52090 1.07994 0.89856 0.84444 1.81336 1.16154 0.69175 0.55162 1.99150 0.96052 0.77580 1.88357 1.60629 1.39801 0.62108 1.55468 0.98678 1.91573 1.81361 1.12871 0.73492 1.03447 1.75020 0.59500 0.54716 0.67219 0.77255 1.95937 1.14500 0.73614 1.17832 0.70705 1.27717 1.38253 1.17768 1.46467 0.60249 1.16687 0.97783 1.80293 0.99153 1.00409 1.57686 1.81804 1.06798 1.64698 1.70729 0.85372 0.50172 0.54805 1.95483 1.45294 0.57363 1.44850 0.95272 1.51577 0.77531 1.79296 1.95104 1.23936 1.26468 1.64895 1.18881 0.82607 1.73752 1.57270 1.77368 0.54095 0.85344 1.80821 1.26150 1.33432
1.72772 0.58611 0.90703 1.91626 1.14630 0.93170 1.30305 0.52918 0.95414 1.86185 1.63538 1.97149 0.59450 1.95479 1.92467 0.50321 0.97072 0.92473 1.55817 0.69353 1.58510 0.95263 0.74459 1.93110 1.34252 1.62883 0.60888 1.82085 1.45087 1.40461 1.72193 1.92826 1.14390 1.83383 1.53020 1.05700 1.98101 1.11727 0.89825 0.52717 0.74728 1.30924 1.71312 1.54965 0.89034 0.68733 1.20050 1.18251 0.90664 1.28648 1.72244 1.02948 0.70972 1.71016 1.01012 1.40880 1.04766 1.74092 0.50748 1.76993 1.66684 1.97069 1.28227 1.41860 1.98945 1.77063 1.01545 0.92420 1.33883 1.88957 1.84944 1.54581 1.15570 1.95211 1.69225 1.02694 1.57126 0.83254 1.34969 1.03231 1.02091 1.65614 1.31125 0.52304 0.55773 0.52797 0.59354 0.82179 0.74078 0.61746 0.87696 1.90012 1.72245 1.18421 0.84974 0.72023 1.00475 0.73646 0.61980 0.94488 0.52898 1.39486 0.66386 1.57115 1.11460 1.33085 1.85060 0.56204 0.54945 0.67485 1.85851 0.63518 1.36337 0.52230 1.65257 0.86507 1.67660 0.80705 1.97783 1.68679 1.63044 1.70177 1.01700 1.06573 0.67778 1.11868 1.50831 1.82568 0.67291 1.60091 1.84138 0.90736 1.52309 1.99103 1.19235 0.86134 1.19420 1.70091 1.38491 1.60210 1.99428 0.61631
1.73415 0.94364 1.73910 1.51450 1.90779 1.33399 1.08971 1.98130 0.95201 1.35033 1.20817 0.82783 1.58402 1.88579 1.02138 1.72688 1.53482 0.95981 1.09644 1.17075 1.33464 1.96450 1.99465 1.31748 1.07332 0.77332 1.61602 1.45813 1.43898 1.54679 0.91270 0.81641 0.53287 1.42881 1.09686 1.73894 1.60433 1.78582 1.78644 1.51368 1.88579 1.03874 1.57560 1.14832 1.04288 1.28475 0.58550 1.16806 0.94725 0.51135 0.72711 0.93429 1.93340 1.09119 0.72207 0.58387 1.64222 1.67294 1.74425 1.45821 1.93927 1.67475 1.03540 0.91863 1.29051 1.55824 1.03792 0.76025 1.85750 1.76162 1.01245 1.85183 1.52459 1.96646 0.96259 0.63356 0.66742 1.81913 1.15101 1.34364 0.75321 1.53251 1.25706 1.25476 1.66796 1.38469 1.23511 1.29854 0.54430 1.07869 1.14778 1.03195 1.17546 1.35360 0.70999 1.66654 1.63935 0.77954 1.33769 1.10392 1.77909 1.95837 0.80023 1.59859 1.84941 1.22116 0.50572 0.78009 1.43004 1.93134 0.91838 0.80180 1.29989 1.67318 1.68945 1.68355 1.11326 1.26875 1.02885 1.30826 1.19440 1.57556 1.54279 1.46809 0.83523 1.18607 1.94827 0.94118 0.53161 1.49908 1.17754 0.87732 1.84603 1.03882 1.69211 1.96079 1.14592 0.55930 0.66162 0.74714 0.75106 1.88311 1.18595
0.84511 1.58194 0.63793 0.91760 0.52225 1.74649 0.77124 1.57493 1.01196 0.99912 1.79706 1.86652 1.50242 0.74726 1.30784 0.54369 0.98629 0.58556 0.72494 1.21842 1.96596 1.48143 1.09690 0.67065 1.36399 1.62580 1.41205 0.71021 0.51718 1.50771 0.77768 1.27484 1.90791 0.87686 1.35979 0.86540 1.66934 1.38571 1.25234 0.60470 1.83571 0.85017 1.31781 0.98980 1.22347 1.13225 1.87304 1.22132 0.81283 1.60462 0.84525 0.58704 1.78659 0.93269 0.80572 1.04703 1.13204 0.99164 0.97105 0.82610 1.11593 1.50990 1.48920 1.53245 1.91732 0.67893 1.57056 1.90397 1.07244 1.78266 1.38850 0.58287 1.79116 0.88210 0.93851 1.96806 1.48286 0.60552 1.53391 1.04915 0.99898 0.75103 1.24956 1.90201 0.61360 1.36882 0.55763 1.54285 1.08136 1.05848 0.53667 1.15535 1.42436 1.29546 1.96352 0.75732 1.53783 0.75931 0.58979 1.23463 1.97658 0.97730 1.56434 1.07594 1.49448 1.98249 1.39705 0.56068 0.63354 0.83622 1.57390 1.73094 0.60191 1.28468 1.37893 1.73060 1.57567 0.69948 1.52720 1.53230 1.11697 0.54411 1.12324 1.44778 1.60923 0.86095 1.73056 1.96902 1.68493 0.71840 1.51123 0.67925 1.66286 1.80020 1.08004 1.39803 1.25710 0.89206 1.13270 1.93949 0.61995 0.94817 1.92155 1.70697
1.97318 1.86676 1.23927 1.62857 1.79248 1.19255 1.68540 1.55672 0.97308 1.98498 0.55668 1.90343 0.74106 1.01089 0.51881 0.79905 0.96107 1.45317 1.77767 1.23485 1.10330 1.77809 0.96396 1.90200 0.89646 1.29699 0.79981 0.99791 1.18475 0.65746 1.24848 0.50688 1.77640 0.72333 1.92500 0.73705 0.83014 1.46815 1.51702 1.55727 0.82042 1.36911 1.78900 0.81526 0.54969 1.12058 1.71330 1.56249 0.81510 1.41477 1.51842 0.94898 1.33299 1.92005 0.54178 1.25626 1.15019 1.89477 1.62175 0.75703 1.12128 0.77717 1.63834 1.03746 1.31847 1.62281 0.99424 1.20873 0.73127 1.15581 1.89250 0.88866 1.42012 1.35890 1.43325 1.63551 0.71627 1.15357 1.83358 0.57043 1.41603 0.50289 1.24664 0.75600 1.87714 0.51877 1.27297 1.90641 0.87432 0.74136 1.35749 0.95533 1.61995 1.14096 0.85606 1.93202 1.57586 1.51928 0.86606 1.48395 1.50378 1.96972 1.35845 0.53086 1.33754 1.65691 0.98007 1.71085 1.92103 0.86543 1.71895 1.34673 1.97597 1.93405 1.45708 1.30662 1.89949 1.86251 1.86534 1.29462 1.43991 1.59595 1.31571 1.76305 1.03790 1.32340 1.66538 1.99637 1.81103 0.88679 1.78106 1.13047 1.93570 1.60147 1.71161 0.89429 1.17331 1.72068 1.54112 1.19348 1.44687 1.82267 0.84367 1.61246 1.92397
0.64412 1.50370 1.42796 1.92697 0.96569 1.61340 1.75320 1.95181 1.03339 1.46896 1.86492 1.50407 0.89541 1.22614 1.78458 1.08981 1.46457 1.15167 1.23079 1.90193 0.57615 0.57436 1.11640 1.39933 1.72508 1.80910 0.89816 1.19772 1.34869 1.58388 1.68490 1.39355 1.89510 0.73484 1.76858 1.31861 1.01477 0.87683 1.09156 0.93922 0.69258 0.65934 1.63365 0.77404 1.67225 1.36056 1.93440 1.89022 1.51698 1.97007 0.81599 1.75055 0.82897 0.72385 1.50431 1.77713 0.94991 1.33833 1.94832 1.26406 1.86105 1.42570 1.76614 1.40251 1.39402 1.22555 1.34051 1.27397 1.67487 0.78196 1.82562 1.31641 0.72063 1.31230 1.45045 0.68444 0.80677 1.51441 1.23269 1.79033 1.21260 1.67798 1.08830 1.11440 0.79076 1.44077 0.78069 0.55010 1.78416 1.25808 1.25876 1.54637 1.71189 0.59257 0.52915 1.92620 1.24256 0.87400 1.03303 1.93633 1.91780 1.63413 0.65550 1.51178 1.82625 1.24936 1.43755 1.70732 0.54470 0.96524 1.10721 0.55859 1.23384 1.31008 0.57827 1.35392 0.51306 0.88120 1.35399 1.02483 1.92663 1.94078 0.85524 1.94571 1.03516 0.70334 1.35825 1.52861 1.81697 0.97161 0.58048 1.76445 1.50860 1.84880 1.27684 1.99579 1.46308 0.56654 0.98278 1.59800 1.49538 1.16021 0.62036 0.80128 1.44400 1.18778
0.90367 1.97905 1.98186 0.91258 1.54483 1.00677 1.83043 0.55907 1.45633 0.66755 0.78330 1.01622 0.87120 0.66962 1.39387 1.61941 1.66850 1.95311 1.62801 1.36449 1.09414 1.83758 1.87734 0.83818 0.64382 1.22624 1.38348 1.07139 1.20097 1.28405 0.66961 0.75463 0.92464 1.81811 1.36576 0.78604 1.97786 1.81610 0.63384 0.75656 1.29564 0.88500 0.78193 1.95666 0.68059 1.39642 1.42034 0.99157 1.01227 1.97118 1.94049 0.59227 1.48893 1.29391 0.71814 1.95807 1.73607 1.41175 0.94489 1.80774 1.18530 0.90677 0.84998 0.91194 0.82849 1.77439 0.70828 1.17952 1.34294 1.48537 1.38412 1.86769 0.99803 1.75471 1.67416 1.94570 0.65150 1.49773 1.20416 1.55586 0.74167 0.73681 0.76173 1.26249 1.06466 0.88734 0.54017 0.70988 0.85033 0.72110 1.68524 0.96038 1.07915 1.19764 1.39441 0.69525 1.67963 1.60949 1.68320 0.90852 1.50885 1.45079 0.92829 0.68587 0.86578 1.34601 1.12064 0.90559 1.99814 1.55360 0.93511 1.12100 0.76372 0.82646 1.78889 0.53267 0.50189 0.68138 0.88767 1.39504 0.93918 1.09968 1.51463 1.59641 1.76190 1.85117 0.79313 1.91230 1.61655 1.32904 0.56529 0.52553 0.70248 1.66735 1.26347 1.66039 1.01507 0.79919 0.55239 1.51754 0.61450 1.80887 0.72256 0.95919 0.66153 0.77881 0.93594
1.10946 0.76290 1.52172 0.72714 0.87383 0.58598 0.94501 1.77481 0.95858 0.64828 1.27329 1.69704 1.31111 1.06545 1.93334 0.76894 1.36943 1.18933 1.19591 1.69020 1.06618 1.74166 0.54753 1.05520 0.89513 1.72387 0.69860 1.50676 1.30256 1.63194 0.66140 0.66093 0.56413 0.96731 0.90956 1.23944 1.80466 1.15020 1.21699 0.83448 1.25712 0.87121 1.04660 0.90399 1.84928 0.77539 0.98297 1.20941 1.39591 0.63764 1.52274 1.63778 1.32885 0.65853 0.62407 1.39019 0.50430 0.96745 1.18272 1.72691 1.29191 0.74590 1.65766 1.79603 1.03010 1.62584 0.86571 0.65830 1.67375 0.55495 1.39642 1.49841 1.80804 0.84538 1.23275 1.65531 0.58582 0.90432 1.51683 1.59853 1.29503 1.45239 1.48245 1.30761 1.65565 1.14344 1.12875 1.10205 1.43220 1.51402 0.64490 1.89462 1.16379 1.30560 1.66229 0.89644 1.91385 1.36091 1.22710 1.08902 1.33648 1.23256 0.51536 1.75442 1.19177 1.49253 1.59120 1.04803 0.97003 1.42443 1.70461 1.75398 1.04122 1.44977 1.23738 0.78769 0.88501 0.86665 1.89751 0.80621 1.77803 1.08643 1.11742 1.98318 0.82410 1.43826 1.06566 0.69582 1.28363 1.57845 1.11528 1.50762 1.94511 1.37730 0.68200 1.39240 1.33930 1.09147 1.84418 0.77958 1.95121 1.29076 0.62166 1.59386 1.23534 0.71820 1.21123 1.17281
0.77749 0.80945 0.75500 0.52156 1.86976 1.72789 0.66717 1.58561 1.95739 1.94315 1.90323 1.84405 1.19109 1.72684 1.83134 1.97177 0.73173 0.95621 0.69208 1.45997 0.67116 0.89081 0.58252 0.80683 0.63225 1.93697 1.39217 1.07652 1.79049 1.07135 1.91764 0.87394 1.06231 0.56516 1.55922 1.07564 1.92946 1.89031 1.18860 1.67068 1.55070 1.87771 0.68898 0.89937 1.30110 1.97673 1.04207 1.94564 1.44192 1.64955 0.96786 1.89459 1.63874 1.63503 0.60206 1.49169 1.76075 1.35786 1.65977 1.30751 1.77291 1.44705 1.10852 0.96501 0.70374 0.86889 1.03166 1.67861 0.80424 0.87513 0.87981 1.29737 0.56398 0.95332 0.92466 1.25434 1.85702 0.80966 1.32045 1.58562 0.97869 1.79090 0.83714 1.35000 1.66607 1.31183 1.43744 0.84914 0.55581 1.43885 0.89436 1.07608 1.05499 1.05505 0.77212 0.97513 1.65993 0.73447 1.59714 0.58541 1.51494 1.29556 0.66529 1.55856 1.95963 1.67930 0.81614 1.46736 1.64853 1.18911 1.41766 0.94062 0.54940 1.19208 0.67453 1.00188 0.67708 0.95830 0.88607 0.77460 1.90424 1.63038 0.54684 0.79470 1.62792 0.92087 0.54011 0.71589 1.87918 1.12538 1.40968 1.27559 1.36879 1.95000 1.29921 0.91904 0.99986 1.43124 0.79218 0.50690 1.24400 0.77860 1.19379 1.48730 0.81729 1.04119 0.73992 1.72773 1.29306
1.64741 0.77152 1.83077 1.95049 1.23867 1.41511 0.98958 0.68675 1.58518 0.89890 1.67316 1.90922 0.87819 1.56667 1.56759 0.80088 1.67514 1.35389 1.96162 1.47721 0.89752 1.54614 1.24757 1.32807 1.21113 1.43658 1.50945 1.71834 0.74549 1.03619 1.23501 1.03536 1.29177 0.84385 1.36913 0.57431 1.61502 1.62168 1.64952 1.81290 1.19031 0.88681 0.57935 1.84062 1.74567 1.85926 0.74063 1.62810 1.81015 0.69839 0.98407 1.26626 1.26811 1.04070 1.73410 1.39149 1.92551 0.55480 0.82652 1.05252 0.92894 0.61602 1.63371 1.95339 1.04868 1.79098 1.42243 1.74426 1.94170 1.97873 0.73850 0.59465 0.98427 1.26104 0.63495 0.76827 1.15629 0.64974 0.65722 1.66755 1.13322 1.78342 1.44709 1.47177 1.95931 0.72209 1.49938 1.53773 1.26574 1.38853 1.28925 1.07990 1.09223 1.57158 1.23870 1.60586 1.78291 0.66047 1.40242 1.79713 1.33752 1.08935 1.53965 0.74520 1.99375 1.19993 0.68065 0.62664 1.62152 0.54844 1.62993 1.59387 1.54746 1.96258 1.65255 1.84429 0.50850 1.04885 1.67461 1.62680 1.86417 1.37536 0.95534 1.67582 0.77091 1.72512 1.08837 0.76893 1.17498 0.62972 1.48098 0.75860 1.37415 1.95549 1.50099 1.90378 0.71235 1.13605 1.54808 1.35979 0.93762 1.51354 0.89861 1.55309 0.92693 1.17023 1.37557 1.35876 1.63198 1.19388

Best known: 3055.23
