76 76 1122
0 0.0 0.0
94 -7.0 9.0
12 -7.0 8.0
17 -15.0 16.0
619 -2.0 13.0
61 0.0 3.0
3 -9.0 6.0
4 2.0 5.0
13 -13.0 9.0
44 -15.0 10.0
12 -14.0 2.0
35 1.0 0.0
114 -40.0 24.0
29 -54.0 -15.0
76 -43.0 10.0
106 -73.0 -2.0
157 -76.0 4.0
43 -45.0 31.0
4 -29.0 36.0
38 -78.0 11.0
212 -31.0 25.0
42 -67.0 17.0
10 -31.0 4.0
19 -51.0 10.0
856 -30.0 -9.0
13 -51.0 24.0
67 -80.0 -10.0
144 -34.0 4.0
310 -45.0 25.0
85 73.0 32.0
1061 78.0 59.0
344 58.0 53.0
22 57.0 55.0
15 20.0 85.0
219 -12.0 81.0
44 -8.0 86.0
370 12.0 33.0
74 19.0 86.0
82 -11.0 44.0
3 -2.0 67.0
39 25.0 76.0
54 -29.0 44.0
22 4.0 80.0
171 -2.0 84.0
65 -8.0 54.0
405 -16.0 34.0
19 -14.0 80.0
7 -17.0 32.0
586 19.0 39.0
15 -20.0 82.0
149 17.0 42.0
141 -4.0 5.0
9 -20.0 25.0
261 -12.0 14.0
4 -11.0 11.0
5 -12.0 4.0
21 -1.0 21.0
25 -1.0 1.0
86 -9.0 21.0
86 9.0 3.0
124 5.0 14.0
123 -9.0 27.0
11 -20.0 11.0
41 0.0 30.0
279 -12.0 15.0
149 -3.0 17.0
9 -58.0 -60.0
65 -71.0 -58.0
155 -32.0 -34.0
6 -59.0 -37.0
83 -48.0 -19.0
11 -71.0 -49.0
735 22.0 -4.0
4 13.0 -10.0
56 22.0 -17.0
26 13.0 12.0

0.73789
1.76935 0.68323
1.41463 1.43188 0.75308
1.23441 1.78484 1.00959 1.01260
1.33363 1.51860 1.49010 1.46218 1.55869
0.71042 1.28243 1.60863 1.30997 1.76785 1.40071
1.08859 1.01585 1.08728 1.30515 1.23849 1.06119 1.67789
1.00892 0.60246 1.68066 0.80832 1.51557 1.31459 1.26597 1.63353
0.54946 1.26306 1.16501 1.73796 1.74534 1.07731 1.07743 1.39688 1.06373
1.88787 0.98559 1.12392 1.01496 0.79521 1.86942 1.73002 1.42363 0.76806 1.40855
1.95927 1.68795 1.82682 0.82043 0.72041 1.79206 1.90224 1.96060 1.66873 0.66879 1.75472
0.65220 1.50371 1.70047 0.69675 1.08412 0.55138 1.10086 1.05824 0.80215 0.93926 1.33133 1.67623
0.70503 1.81032 1.21436 0.74164 1.47362 1.52053 1.39465 1.17719 1.17020 1.09187 1.95074 1.08055 1.35317
1.41224 0.65923 1.22678 1.44231 1.12684 0.57612 1.85100 0.55006 1.41162 1.48709 0.93137 0.91139 0.66367 0.84796
1.68760 0.78755 1.01782 0.99423 1.96223 0.72812 1.29780 1.11919 1.67475 1.59347 1.16546 1.77235 1.35808 0.61424 0.88115
0.78468 1.96278 1.83246 0.81866 0.58516 1.74673 1.24297 0.75784 1.81906 0.77190 1.41344 1.42782 1.67087 0.66508 1.28747 0.77623
1.85558 1.65102 0.93115 0.88485 1.80094 1.81592 1.57872 1.83727 0.67683 0.63128 1.17167 0.77545 0.75996 0.77455 0.54345 1.25598 1.25010
1.30208 0.66441 1.15664 0.90501 1.88761 1.99543 0.97573 0.91464 0.84209 0.92097 1.23456 1.67424 0.61518 1.24961 1.37167 1.70867 0.87528 0.99073
1.30199 1.02422 1.55790 1.62866 0.69688 1.14411 1.38896 0.68797 1.22914 1.63053 1.88673 1.39228 1.73710 1.59686 1.60435 1.27977 1.43806 1.65548 1.79724
1.94925 1.25571 0.91761 0.70256 0.64761 0.97220 1.60137 1.72139 1.57972 0.61364 1.63065 0.83380 1.60741 1.56137 1.16142 1.87123 0.58298 1.68289 1.59262 1.87357
1.93583 1.07216 1.51708 0.92759 0.51912 1.21034 1.71923 0.98463 1.35852 1.96558 0.70276 1.71337 1.27050 1.22257 0.54123 1.08617 1.05623 0.79016 1.20374 1.48444 1.89743
1.41488 1.69609 0.56357 0.80424 1.09337 1.30206 1.54562 0.56653 0.68825 1.82686 0.58602 0.84509 1.02219 0.91344 1.88834 0.75913 1.34657 0.80340 1.56504 1.44753 0.97531 1.10044
1.07454 1.63415 1.79967 0.94296 0.67516 1.34469 1.43691 1.82089 0.61438 0.65376 0.54303 0.94554 0.90988 1.70122 1.34324 0.61122 1.62143 1.53964 0.80436 1.39251 0.65564 0.53008 1.69828
1.39180 1.31011 0.96682 0.51431 0.75079 1.94284 0.65843 1.02179 1.97453 1.33787 1.25426 1.10987 1.15585 1.43293 1.67455 1.58695 0.56297 0.81665 1.76262 1.01356 0.51413 1.17949 0.50185 1.33793
0.60527 0.84653 1.26673 0.64212 1.69107 1.64356 0.55112 1.93903 1.55471 0.74750 1.57728 1.14718 1.63169 1.25647 1.96184 1.47217 0.63436 0.97083 1.13054 0.89465 0.51414 1.68847 0.95290 1.74771 0.62700
0.97037 1.56677 1.78583 0.51298 1.79725 1.39851 1.19357 0.85148 1.42897 1.17411 1.91184 1.46682 0.52105 1.88744 0.93909 0.78539 1.19209 1.35612 1.95366 1.44429 0.86210 1.45284 1.74824 1.89569 1.68976 1.73008
1.16866 1.01515 0.99677 0.87182 1.51792 0.97282 0.68368 1.38440 1.87754 1.40331 0.61171 1.97387 1.76447 0.95298 1.40773 1.75445 1.98556 1.10478 1.65386 0.97067 0.87121 1.06332 1.94650 0.76208 1.26255 0.56205 1.38688
1.91460 1.32018 1.73569 1.69570 1.50898 0.82818 1.76926 1.65262 0.73767 1.53597 1.74896 1.97009 1.03843 1.72793 0.65638 1.53815 1.71657 1.87600 0.66601 1.55005 1.35423 1.61026 0.53095 0.68929 1.54782 1.47379 1.75758 1.82756
1.33842 1.09853 1.71156 1.91939 1.37381 1.75393 1.00768 1.85579 0.92612 1.03960 0.87469 1.23721 1.75726 1.60018 0.56982 1.49839 1.16929 1.61419 1.76811 1.83894 0.84898 1.60092 1.80114 1.86211 0.56666 1.37389 1.25626 0.74753 0.96754
1.89396 1.32569 0.58104 1.11019 1.84077 1.41407 0.58355 1.85350 1.62577 1.70104 1.92882 0.68965 1.11167 1.13055 1.99241 0.58562 0.56006 0.68377 1.32201 1.91261 0.62711 1.38604 1.99555 0.86717 0.77686 0.58011 1.79320 0.65858 1.82465 1.75106
0.67586 1.86593 1.12426 1.93040 1.83294 1.65971 0.56770 1.52422 0.86797 0.93452 0.72278 1.73275 1.31504 0.82420 1.00365 1.64139 1.01679 0.70959 0.66153 1.02639 1.33915 1.25148 1.54627 1.83492 0.54410 1.44139 1.64723 1.91527 1.02472 1.98624 1.99267
0.82051 1.45021 0.75182 0.69350 1.57391 0.57959 0.97154 0.60810 1.90507 0.51890 0.97570 0.99111 1.82486 1.46628 1.11576 1.34277 0.64507 1.95591 0.93475 1.87466 1.28824 1.78432 1.21041 1.58755 1.18582 1.22985 0.86860 0.87108 1.52209 0.66643 1.71506 1.18728
0.86471 1.47186 1.85403 1.30355 1.63894 1.89060 1.35421 0.81490 0.85001 0.73392 1.89454 1.96322 0.61334 1.70699 0.79234 1.57638 0.79814 1.18725 0.50105 1.41694 1.29772 1.71197 1.39599 0.72267 0.87847 0.69232 1.87304 1.50792 1.06508 0.87882 0.98047 1.19771 1.85191
1.79932 0.68165 1.10063 0.56955 1.36356 1.17700 0.77954 0.50263 0.82885 1.89435 0.84926 1.49782 1.95570 0.83541 1.77086 0.53354 1.31558 0.62125 1.71338 1.12928 1.31594 1.87906 1.76687 0.78496 0.65158 1.69825 1.74550 1.43303 0.83428 1.02379 1.09007 1.27547 1.49513 1.49932
0.79958 0.69816 0.87876 1.31119 1.87464 0.80099 1.24703 1.31279 1.04449 1.44150 1.69462 0.98829 0.87112 0.58877 1.12944 0.99905 1.02591 1.44426 0.77947 1.18852 1.78556 1.90452 1.74451 0.87746 0.92830 0.53343 0.75871 1.88907 1.06120 1.94326 1.42032 1.24039 1.75194 1.70942 1.25025
1.78542 0.64272 1.40051 0.97786 1.27045 1.20269 1.93135 1.85788 1.21419 1.95529 1.11832 1.63548 1.75342 0.60216 0.82984 1.07617 1.39186 1.38091 1.52881 1.47314 0.60397 0.79353 1.92765 1.48450 0.51026 0.84922 0.96704 0.71065 0.81441 1.36981 0.90955 1.16162 1.94698 1.53162 0.86623 1.79481
0.95655 1.15735 0.55786 1.91553 1.80330 0.61434 1.56722 1.81397 0.63023 1.84208 1.90687 0.97787 0.87856 1.04463 1.17692 0.75560 1.99339 0.87302 1.72136 1.10006 1.00140 1.49562 1.20032 0.93557 0.68130 1.08323 1.06219 1.01538 1.14755 1.83742 0.83859 1.31153 1.46281 0.97595 0.96655 0.84784 1.50040
0.51732 1.92307 1.96842 1.52674 0.60987 1.48459 0.92353 0.95870 1.98051 0.54312 1.62418 0.54304 1.00720 0.77851 0.57924 0.92365 1.85802 1.40203 1.96663 1.81572 1.44638 1.77144 0.72864 1.07215 1.09586 1.43752 0.64014 0.73277 1.15492 1.07289 1.30203 0.76477 1.21829 0.83825 1.35891 1.84981 1.82766 1.55561
1.46056 1.54243 1.32916 1.77961 0.84312 0.69918 1.50314 1.20132 1.38805 1.08557 0.71418 1.27005 1.04320 0.61513 0.64769 1.09664 1.24226 1.99318 0.94274 1.01355 1.94597 1.25779 1.13259 0.51303 1.83191 1.07536 0.55224 1.98735 1.71171 1.98582 1.20145 1.63870 1.19290 1.15005 0.70270 1.19161 1.45138 1.93749 1.08641
1.23740 1.51310 1.27541 1.35371 0.90344 1.09409 0.55985 1.98981 1.17201 1.35431 1.49445 1.56802 1.75983 1.74108 1.71350 0.80728 1.16043 1.49824 1.70438 1.67552 1.77918 0.98911 0.78229 1.24931 0.84745 1.51813 1.66681 1.51639 1.43852 1.32074 1.01878 1.19234 0.89655 1.59772 1.86890 1.32099 1.21994 1.60923 1.50793 0.66974
0.51764 1.08964 1.66417 0.55938 0.52023 1.51107 1.03058 0.79444 1.85201 0.99599 1.18398 1.19637 0.74217 1.24106 1.03102 1.07963 0.94535 0.61086 1.38047 0.71321 1.54152 1.97339 1.50979 0.50558 1.13246 1.03017 1.49990 1.02098 1.55203 1.12677 0.86242 0.54113 1.34097 1.25065 1.28310 1.73097 1.00043 1.83676 1.01042 1.98333 0.79435
1.29452 0.90634 1.87206 0.85035 1.51646 1.00567 1.34730 1.89623 0.90992 1.64212 1.08105 0.73011 1.29999 1.15129 0.62792 0.59403 0.96365 1.45692 1.39197 1.97388 1.57931 1.71551 1.67284 0.56983 1.37604 1.02153 1.89372 0.68755 0.98905 1.84387 0.78902 0.93825 1.05061 1.58203 1.10729 1.47976 1.76545 0.95471 1.65745 0.73023 1.27331 1.41690
1.98647 1.71170 0.66347 0.69591 1.69102 0.88984 0.71635 1.14783 1.71356 1.73060 1.40551 0.67330 1.89271 1.83274 1.60812 1.17244 0.76000 1.17331 1.89042 1.85659 1.89854 1.12163 0.60973 1.55302 1.09612 0.99309 1.19955 0.67408 1.27069 1.45636 0.72990 0.94106 1.48591 1.69476 1.54825 1.28738 1.56462 1.07673 0.71268 1.68730 1.94505 1.10961 0.93979
1.31075 1.61231 1.72225 0.51532 0.93561 1.87962 0.78596 1.75130 0.95609 1.71537 0.77378 1.94746 0.50914 1.40910 1.69473 1.66679 1.92199 1.20286 1.94007 1.89684 1.50465 1.31528 1.23481 0.61480 1.27173 1.85005 0.85240 1.29462 1.31678 0.81775 1.72975 0.96425 1.29379 1.41964 1.97198 0.78232 1.78996 1.70875 1.58797 0.92947 1.08778 1.01508 1.32175 1.98404
1.57809 0.77658 1.17703 0.95129 0.70089 0.69695 0.63726 1.94108 0.84582 1.36552 0.88618 1.64231 0.75219 1.48783 1.34091 1.80568 1.70253 0.68732 0.50272 0.50003 1.97111 0.55202 1.90336 1.23868 1.63661 1.24524 1.48454 1.82643 1.20296 1.21028 0.63895 1.40800 0.51835 1.28217 1.27261 0.68502 0.52318 1.77572 0.59201 1.02776 1.06171 1.39528 1.97777 1.27885 1.55177
1.76831 1.06451 1.69608 1.56373 0.71019 1.28434 1.24792 0.82437 1.22430 1.94001 1.53966 0.86362 1.30902 0.87002 1.13083 0.80773 1.07978 0.68130 1.46497 0.70600 0.59439 1.57703 0.51823 1.32810 1.71966 1.94102 1.90374 1.58796 0.87860 1.62944 1.27123 1.16873 1.62173 1.14547 1.04721 0.53379 1.62687 0.51971 0.99495 1.02077 0.76797 0.69946 1.91402 0.84477 0.50039 1.34292
1.95754 1.03142 1.57545 0.66517 1.56561 0.96114 0.80226 1.93890 1.34844 0.52351 0.64575 1.71807 1.46854 0.76819 1.09358 1.13246 0.92737 0.71367 1.27735 0.68561 1.83552 0.55236 1.16748 1.32944 1.09655 0.59389 1.31757 1.45442 0.86230 0.77007 1.20125 1.57949 1.46983 1.98374 1.22014 1.60186 1.91887 1.27596 1.45310 0.51827 1.91367 1.65184 1.88925 0.91662 0.70657 1.45964 1.03350
0.81103 1.49440 1.09645 1.94028 1.28981 1.38897 0.51239 1.77282 1.36707 1.10675 1.56112 1.97359 0.69540 1.08733 1.49320 1.46771 1.08664 1.62908 1.68241 1.56905 0.74474 1.71857 1.30018 0.62793 0.62677 1.60646 1.28633 0.73243 1.80670 0.77951 0.75496 0.60044 1.48364 0.75999 1.00840 1.81190 1.25769 1.87048 0.60064 0.55789 1.72278 1.00661 1.39664 0.96472 1.62619 1.49720 0.70416 1.72963
1.74470 1.89705 1.01554 1.12042 0.60622 1.85229 0.73294 0.60738 1.85287 1.41962 0.95526 0.85327 1.91067 0.61102 1.39247 1.91434 0.86613 1.01582 0.53110 1.85826 1.48173 1.64188 0.53957 1.54580 1.08865 1.43325 1.30305 1.90066 1.50107 1.61457 0.97696 1.66006 1.64564 1.18613 1.72880 1.56545 1.70618 1.30003 1.77082 1.26399 1.92116 0.53397 1.79289 1.10028 1.01962 1.83012 1.34821 1.53480 0.78422
1.79014 1.93681 1.04649 1.64973 1.75595 0.51013 1.58401 1.18984 1.96992 1.25913 0.96959 0.98466 0.96152 1.15809 1.88108 1.34991 0.88149 1.38841 0.81124 1.29517 0.79605 0.52512 0.97625 1.11440 1.49993 0.70355 1.25787 1.42485 1.27527 1.48000 1.49805 1.01077 1.83532 0.71472 1.39082 0.70339 0.63254 1.64670 1.92624 1.54649 0.95903 1.28416 1.88789 1.66236 0.67813 1.29211 0.78382 1.47902 1.12625 1.88802
1.19296 1.93296 1.30052 1.84117 1.72788 0.93918 1.93326 1.70933 0.58942 1.65304 1.93760 0.57037 0.69992 1.35923 0.71072 1.47565 1.04709 0.64935 1.41746 0.52131 0.84546 1.91874 1.79199 1.72637 0.78879 1.61771 1.13885 1.37763 1.53611 1.66341 1.81388 1.36826 1.49648 0.55459 0.83394 1.67721 1.03248 1.39237 1.88409 1.69956 1.21139 0.86603 1.17934 1.96297 0.73495 0.60717 1.52596 1.12149 0.94802 1.33571 1.52144
1.51628 1.79614 0.99703 1.12903 1.37236 0.94522 1.86962 1.71061 0.52645 1.77586 0.82581 1.56086 1.16607 1.57445 1.03244 0.69660 0.70605 0.82442 1.40048 1.77981 0.65474 0.96746 1.13948 0.84779 0.83623 0.92477 1.48937 0.67086 1.57880 0.60274 0.78601 1.61048 1.41072 0.60513 1.40392 0.62413 0.62727 1.25001 0.84223 1.74031 1.89742 1.21291 0.98268 1.72117 1.96658 0.93358 1.65280 0.57008 1.39190 1.89039 1.73048 1.65884
0.84865 0.66219 1.37503 1.50181 1.65666 1.31757 1.25351 1.50082 1.07022 0.71333 1.28280 1.88751 1.50150 1.39223 1.56491 0.54698 1.18282 1.72949 1.18861 0.95104 1.37979 1.96923 0.62290 0.68908 1.09948 0.52238 0.93330 0.66000 0.90640 0.93985 0.72997 1.08394 0.83822 0.76171 1.61813 1.50729 0.73647 1.96107 1.64685 0.88925 1.90349 1.64326 1.84328 0.64399 1.97402 1.36164 1.09625 1.25266 1.67256 1.83630 1.65301 0.95415 1.56814
1.84878 0.84932 1.21672 0.68652 1.87812 0.80797 0.61001 0.96444 1.49553 1.23531 0.85634 1.17251 1.93199 1.06954 1.75445 0.86417 1.02034 0.71010 0.85961 0.87199 0.51651 1.03190 0.98781 1.50179 0.51832 0.61427 1.42313 1.33252 1.19403 1.22697 0.69207 1.10557 0.79608 0.52216 0.68930 1.09199 1.89113 1.43882 1.77040 0.69775 1.01233 0.77273 1.10916 1.47517 1.28318 1.42538 1.58703 1.63154 0.96264 0.57010 0.81963 1.28925 1.23195 1.23285
0.82330 0.75478 1.54832 0.92833 1.46500 1.47573 1.24386 1.64553 0.87309 1.69040 1.09668 1.43248 1.75463 0.61411 0.63310 1.68165 0.83094 1.45612 1.67634 1.24667 1.61981 1.49240 1.04174 1.95216 1.93082 1.32101 1.76039 0.56681 0.80647 0.52600 0.55608 1.28442 1.11691 1.47778 1.79742 1.30341 1.58095 1.51267 1.65182 1.22488 0.62184 1.15761 1.23931 0.86488 1.15123 1.82566 1.58011 1.80135 1.85318 0.76657 1.04992 1.25441 1.05094 0.91704 1.17784
0.76534 0.79558 1.16100 1.72428 1.53938 1.15710 0.97511 0.59039 0.69338 0.65098 1.86539 0.89251 1.25330 1.97338 0.69047 1.02430 1.89548 0.61600 1.75585 0.50514 0.85919 1.38717 1.09590 1.86053 1.97010 1.18709 1.47871 1.54408 1.80215 1.55542 0.56211 0.95714 1.43543 0.58374 1.35551 0.72565 0.69712 1.91341 1.56671 1.90677 1.22356 0.97849 1.28225 0.78449 0.63025 1.83748 1.85996 1.94883 0.86708 1.07647 0.80491 0.58474 0.72072 0.80499 0.84480 0.68813
1.67314 1.87144 1.47901 1.94928 1.90373 1.09557 1.17010 0.89379 0.76472 1.97228 1.20163 1.41176 0.50400 1.33970 1.45274 0.55882 0.73101 0.85413 1.55433 1.29891 1.93832 1.59986 1.58001 0.86704 0.92820 1.76672 1.77836 1.06621 0.56144 0.91454 1.22222 1.77906 0.98853 1.47958 0.92409 0.79094 1.72457 1.48776 1.50901 1.85891 1.64968 1.67318 1.96693 1.18015 0.69410 1.91253 1.75384 1.51157 0.51259 1.69324 1.73910 0.81301 1.08043 1.98891 1.69291 0.70655 1.90135
0.73709 0.58843 1.75756 0.94023 0.52845 1.26139 0.52044 1.26718 1.65354 1.91561 1.90920 0.67145 0.72006 0.56052 1.31841 1.47969 1.50519 1.01927 1.81987 1.84475 1.87309 1.34209 0.84004 1.23472 1.28282 1.72965 1.23289 1.08243 1.89221 1.35708 0.54439 0.52655 0.62228 1.73632 1.55867 0.54281 1.91579 1.90481 1.88217 1.53870 1.74150 1.21210 1.09176 1.90324 1.88876 1.67879 1.12689 1.98156 1.68808 1.62465 1.29685 1.89517 1.13454 0.92700 0.72132 0.76541 0.92922 1.31558
1.29380 0.68007 1.73865 0.83079 1.03810 0.72574 1.19914 0.93826 1.50225 0.68336 0.70221 0.72319 0.63313 1.87597 0.73363 0.74823 0.59721 0.77422 0.59553 1.99360 0.61820 1.41355 1.83417 1.14190 1.11787 1.40501 1.80028 1.65900 1.51347 0.90263 1.74690 1.16209 1.80675 1.04841 1.32401 1.46919 0.71242 1.01046 1.51148 1.35315 1.93522 1.55515 1.89802 0.94291 1.62012 1.53256 1.26830 1.87099 1.27940 0.58769 0.72190 1.15957 0.56813 1.41901 1.76243 1.84512 1.48161 1.91478 1.46245
0.71762 1.56413 0.53976 0.88498 0.63895 0.55029 1.64585 0.75573 1.42108 1.15338 0.80525 0.53710 1.22998 1.58534 0.87910 1.35761 0.83607 1.96149 1.57790 0.99125 0.97401 1.00452 1.82223 0.79012 1.97517 1.73781 1.59061 1.41920 0.72527 1.79816 1.76970 0.79744 0.92104 0.50904 1.58515 1.79580 1.28274 1.01651 1.06786 1.78368 1.19939 0.72661 1.31507 1.75986 1.29012 1.04685 0.66985 1.27715 1.31166 0.80433 1.70548 0.58996 1.85380 1.86907 0.85675 1.78765 0.69645 0.52969 1.94433 0.72527
1.69177 1.71454 1.42995 0.53941 0.80363 1.15621 0.90267 1.56093 0.83341 1.63008 1.02122 0.98977 1.24210 1.33514 0.80966 1.22128 1.00197 1.75383 1.89313 1.92046 1.28458 1.66700 1.03782 1.99872 0.70663 1.74783 1.27839 0.83201 1.85579 0.88305 1.55859 0.79341 1.21495 0.90623 1.88473 1.70255 1.91509 0.59984 1.07310 1.76041 0.58279 1.47314 0.72361 1.66564 1.79098 1.24333 1.81636 0.76473 1.57361 1.84224 1.30876 0.72536 1.42807 0.90579 0.60518 1.85478 1.76901 1.01320 0.90132 1.03614 0.88496
0.81782 0.66231 0.67930 0.62187 1.13182 0.53008 1.95238 0.72994 0.64059 0.79591 1.88308 1.85130 0.60893 1.92758 0.82429 0.71699 1.64713 1.06598 1.62794 0.83095 1.95240 1.70902 1.17555 1.21039 1.10280 1.39715 1.65547 0.98214 1.05746 1.99619 0.63985 1.40149 1.56535 0.53082 1.52422 1.50818 1.76495 0.90683 1.18637 1.90930 1.20742 0.98061 1.99667 1.11929 1.47544 0.90674 0.64994 1.90163 1.01563 0.78467 1.12117 0.88668 0.99985 1.69960 0.88747 1.63660 1.60251 1.94695 1.45458 0.86288 1.96984 1.24165
1.64730 0.79281 0.58539 1.34908 1.94266 1.78587 1.53353 0.55538 1.29964 1.69924 0.78728 0.58639 1.39805 1.01405 1.68658 1.12310 1.43820 0.70694 1.79736 0.80496 1.57645 1.18283 1.81222 1.79289 1.34986 1.37195 1.72399 1.45786 1.83409 1.13370 0.85090 0.80372 1.48713 1.26192 1.47466 0.88947 1.48380 1.31518 0.85066 1.17590 0.64183 1.79196 1.63878 1.45294 0.87327 1.37527 1.74602 1.91269 0.82599 1.26717 0.91828 0.96976 0.69589 1.33952 1.86560 1.10983 1.14403 1.28269 0.71230 1.81995 1.59673 1.74205 1.78886
1.97315 0.80976 1.58727 1.86481 1.22709 0.86206 0.89917 1.59944 1.41844 1.06932 0.69082 1.55488 1.45608 1.04061 1.43837 0.61902 1.59404 0.83688 0.91748 0.75440 1.56615 1.58228 1.08363 1.44358 1.89515 1.06415 0.83224 0.69819 0.89046 1.85227 1.45329 1.21801 0.67358 1.93930 0.64551 1.32854 0.69408 0.92421 1.16808 1.41971 0.73841 0.67301 1.59469 1.24867 1.25864 0.50626 1.87203 1.42502 0.97497 1.22869 1.39859 0.62074 1.90186 0.79620 1.31305 1.19807 1.68654 0.91435 1.39655 1.45503 1.58543 0.72459 1.28822 0.93966
0.86780 0.52817 0.64984 1.74658 1.92116 0.57479 0.56947 0.95024 1.02721 1.56821 1.39208 0.96012 0.79078 1.39358 1.04325 1.83786 1.35578 1.07363 0.59173 1.15713 0.77479 0.65369 1.19664 1.71203 0.70301 1.15979 1.71776 0.60576 0.92254 0.70603 1.44302 1.90214 1.79044 1.05397 0.75479 1.86842 0.99223 0.73807 1.20578 1.83983 1.10296 0.95526 1.81143 1.06140 0.92521 1.86586 1.53765 0.97224 0.78228 0.71461 1.42894 1.35739 1.96973 1.93640 0.96058 0.54782 0.80604 1.30765 0.75264 1.17908 1.95829 1.55660 0.59386 0.80845 1.28465
1.40624 1.40908 1.74045 0.66076 0.67897 1.78874 1.26605 0.84333 1.84722 1.58727 1.33537 1.40696 1.91339 1.81013 0.74884 1.28732 1.63468 0.92128 0.67579 0.80965 1.08227 0.86995 0.50590 1.98811 0.61980 0.59844 1.25774 1.37599 0.77163 1.27339 1.32633 1.62840 1.96601 1.37318 1.09662 1.23365 1.68242 0.90755 1.66935 1.13504 1.70346 0.61570 1.95554 1.35959 1.88572 0.98453 0.62458 1.80591 1.36418 0.56169 1.43722 0.65757 0.94693 1.52582 0.50141 1.89350 0.77572 0.57857 0.95102 1.60512 1.72138 0.60688 0.90774 1.10128 1.25394 1.60927
1.17049 1.98705 1.96649 1.46017 1.23079 0.97885 0.84734 1.25050 0.60226 1.44114 1.03262 1.91871 1.84605 1.01171 0.95716 1.51714 1.11520 1.79446 1.09662 1.00321 0.78577 1.15939 1.61181 0.68336 1.37859 1.24233 0.94143 1.88149 0.64224 1.21988 0.60428 1.98707 1.52124 1.86846 1.17525 0.68763 1.22289 0.61932 0.91773 0.54462 0.53689 1.09160 1.09442 1.20915 1.64953 1.01996 1.75749 1.47354 1.50030 1.58657 0.76398 1.43347 1.50603 0.51892 1.94715 1.77458 1.77336 1.48244 1.68488 1.18051 0.61782 1.78941 1.54728 1.28618 1.39818 0.53051 1.88645
1.92009 1.88227 1.40821 0.61941 1.81161 0.87484 1.17289 0.64027 1.25529 1.52771 1.08537 0.97371 1.45594 1.91193 0.86569 1.35580 1.49144 1.91533 1.95059 0.94184 1.07915 0.66539 1.35238 0.60008 1.87018 1.65057 1.16585 1.03393 0.98408 1.95714 0.84785 1.91529 0.64743 1.85822 0.78745 1.19786 0.78564 1.39606 0.57818 0.87916 1.66841 1.61117 1.91151 1.39696 1.28316 1.09250 1.84640 1.88486 1.46987 1.79097 1.37502 1.67825 1.30425 0.85038 0.61493 1.00846 1.38776 1.84800 1.98206 1.44123 0.77119 1.27188 1.78747 0.89994 1.18659 1.75919 1.66027 1.52626
0.57657 1.27485 0.63171 0.53481 1.14787 0.71440 0.66386 1.80948 1.89973 1.80426 0.82213 1.86499 0.68423 1.78658 0.74965 1.18000 1.50381 0.52694 1.12109 1.84812 1.33110 1.03710 1.05469 1.92083 0.83283 1.40427 1.65161 1.77842 1.05774 1.59838 0.90171 1.13763 1.07138 1.98104 0.84315 1.51205 0.60043 1.03933 1.08888 1.27853 1.02431 1.20319 0.68070 0.79149 0.64984 1.51217 1.47650 0.57511 0.51737 1.14363 1.96858 0.60562 1.10189 1.38551 1.52475 1.88084 1.59247 0.97196 0.69149 1.84444 0.99898 0.60282 1.38255 0.52171 1.28757 0.91701 0.51301 0.96103 0.65465
1.67237 1.78274 1.61587 1.52733 1.61041 1.47970 1.96836 0.76481 0.90999 1.53370 1.81152 1.16115 0.83349 0.86639 1.20058 0.64131 1.99579 0.86185 1.16071 1.16962 1.88798 1.44214 0.66314 0.50735 0.83402 1.98542 1.02009 0.68411 1.46215 0.62084 1.93212 1.17103 0.80430 1.40702 0.53802 0.50792 1.06153 0.50297 0.56434 0.79896 1.60241 1.49555 1.51451 0.79500 1.91799 0.84651 0.55340 0.54688 1.04769 0.50151 1.99894 1.25340 1.62915 1.34642 1.20693 1.99133 1.54918 0.64770 1.71044 1.20192 1.48743 0.54869 0.89495 1.79605 1.59738 1.31050 0.64260 0.53966 0.81410 1.75203
0.85693 1.84924 0.95197 1.28367 0.85310 1.34048 0.98855 1.95137 1.05033 0.97671 1.97587 0.91032 1.99674 1.43583 1.23584 1.62192 1.13355 0.87099 0.92558 0.52184 1.81124 0.97956 0.92579 0.53944 0.62558 0.61598 1.55300 0.50506 1.62736 1.81995 1.68840 1.47044 1.28448 0.85493 1.95220 1.65623 1.78645 1.21683 1.97852 0.73708 1.47499 1.68563 1.84948 1.46261 1.56120 0.61277 0.60014 1.04837 1.44410 1.77041 1.73495 1.23553 1.13050 1.27829 0.78420 1.53401 1.72877 1.47387 1.63796 1.31462 0.67855 1.51363 1.04989 1.61337 0.61761 1.51909 1.44266 0.95411 1.95834 0.58218 1.28361
1.25800 0.64414 0.84789 1.58486 0.74601 0.62562 0.77088 0.77715 0.54025 1.17962 1.99510 1.15544 0.91245 1.00051 1.13952 1.02376 1.10999 1.28642 1.66407 1.42693 1.22886 0.58383 0.73742 1.81264 0.88357 1.03908 1.51887 0.66113 1.23067 1.39173 1.86693 1.34066 1.41243 1.55185 1.94483 0.69022 1.97041 1.49684 0.70859 1.67122 0.51473 1.40371 0.67765 0.67707 1.51030 1.35346 1.39413 1.98188 1.70147 0.73822 1.77441 1.73309 0.54075 1.10821 0.96253 0.72071 1.36460 0.60781 0.54622 1.83950 1.58068 1.98234 1.66484 1.91547 1.66505 1.22322 1.18584 0.92258 1.54421 1.36325 1.42130 1.14975
1.64418 1.21887 1.16351 1.27611 1.79769 0.89953 0.57265 0.66163 1.47720 1.59421 0.83002 1.97433 1.65952 1.03365 1.32769 1.92850 1.56045 0.57746 1.48231 0.98924 1.48965 1.81107 0.94013 1.16407 1.21165 1.43971 1.62386 1.96329 1.27272 1.09123 1.57019 1.72988 1.90135 0.96593 1.15638 1.11920 1.98391 0.87431 1.48853 1.07923 1.29546 1.36749 1.71555 1.66642 0.63097 0.79917 1.26131 0.66476 0.62444 0.70316 1.70683 1.25186 1.35927 0.93238 1.85655 0.55380 1.55885 0.87581 0.70760 0.50113 1.68507 0.52039 1.29969 0.76015 1.83876 0.62285 0.66550 0.93303 0.93451 1.58780 0.93229 0.53586 1.42215
1.99410 0.79044 0.75540 1.12532 0.97985 1.64314 0.73344 0.78673 0.76132 1.97014 0.84708 1.58612 0.61901 1.51247 0.67352 0.87697 1.55994 1.34242 1.72598 1.54540 1.46306 1.22567 0.91892 1.62534 1.51383 1.97501 0.77983 1.67836 1.46199 1.02238 0.99483 1.88269 1.80796 1.75472 0.67019 1.00619 1.20564 1.90716 1.30814 1.97016 1.83559 1.32117 1.59116 0.79233 1.32099 0.61392 1.75667 1.76998 1.39975 0.93845 1.74989 1.51389 1.30973 1.87463 0.93445 0.60418 1.90416 1.56460 1.41000 1.61228 1.00208 1.37862 0.54270 1.11746 1.81819 1.36422 0.70997 1.77108 1.37874 0.86411 1.50857 0.50887 1.47152 0.98267
1.72337 1.13718 1.57627 0.71773 1.53922 0.96712 1.22680 1.89290 1.04495 1.45514 1.39785 1.75309 1.36777 1.64283 0.82799 1.81384 0.60417 0.57115 1.22178 1.18422 1.04759 1.56253 1.37060 1.45286 1.57475 0.85501 1.68937 1.95485 1.39931 1.52794 0.85893 0.70685 0.94161 1.61859 1.88514 1.36824 0.66030 1.35019 1.90564 1.82161 1.53951 1.40152 1.46355 0.80168 1.55618 1.02383 1.00625 1.41592 1.68542 1.72296 1.81920 0.71900 0.69809 0.77283 1.64584 0.95940 0.93498 0.96595 1.66299 1.44001 1.40154 0.77712 1.37365 0.93361 1.18798 0.99039 1.67242 1.67032 0.55051 0.79845 0.51012 0.96286 1.75875 1.29722 1.56549

Best known: 1291.01
