76 76 1445
0 0.0 0.0
50 35.0 -56.0
50 72.0 -58.0
170 70.0 -66.0
297 45.0 -40.0
9 39.0 -40.0
630 60.0 -50.0
179 42.0 -59.0
179 31.0 -46.0
216 44.0 -58.0
4 45.0 -67.0
9 69.0 -46.0
154 24.0 0.0
117 12.0 -4.0
63 1.0 -21.0
436 3.0 29.0
905 19.0 -13.0
14 13.0 -14.0
3 25.0 11.0
10 24.0 23.0
166 3.0 7.0
211 23.0 19.0
8 2.0 -7.0
25 5.0 23.0
139 32.0 5.0
213 14.0 25.0
758 -16.0 -4.0
429 24.0 17.0
5 0.0 -7.0
136 -74.0 -22.0
501 -64.0 -24.0
93 -71.0 -19.0
21 -91.0 -15.0
169 -65.0 -14.0
22 -91.0 -26.0
3 -76.0 -7.0
271 -66.0 -4.0
433 -87.0 -10.0
3 -73.0 -8.0
1079 -81.0 -1.0
233 -82.0 -24.0
11 -87.0 -25.0
10 -76.0 -25.0
78 -75.0 -6.0
63 -70.0 -3.0
4 -64.0 -22.0
59 -66.0 -5.0
8 -72.0 -10.0
34 -89.0 -3.0
234 -86.0 -3.0
30 -57.0 -9.0
40 -22.0 -36.0
123 -44.0 19.0
7 -21.0 6.0
33 -49.0 -4.0
369 -68.0 -7.0
11 -42.0 11.0
23 -69.0 3.0
208 -49.0 9.0
4 -68.0 -19.0
8 -57.0 -7.0
36 -61.0 -34.0
504 -36.0 16.0
16 -56.0 2.0
574 -67.0 0.0
19 -17.0 -14.0
235 -17.0 -20.0
445 -28.0 -26.0
6 -70.0 -21.0
43 -46.0 -14.0
210 -52.0 36.0
268 -33.0 62.0
410 -53.0 49.0
124 -39.0 59.0
11 33.0 73.0
1085 38.0 88.0

1.84958
0.92956 1.77730
1.73858 1.94274 0.59526
0.99762 1.60375 1.02215 1.78196
1.95847 1.33289 0.83585 1.70919 0.67378
1.85596 1.20890 0.50265 1.94608 0.84181 0.93486
1.31793 1.49541 0.85199 0.91931 0.82313 0.82686 0.56278
1.91655 0.97810 1.90875 0.60335 1.92007 0.69764 0.66014 1.72782
1.86440 1.43968 0.87160 1.12395 1.95936 0.59157 1.52986 0.80106 1.11582
1.82987 1.84226 1.15694 0.68060 0.64062 0.58291 1.41734 1.80978 1.98131 1.72045
1.56304 1.96423 1.88549 0.69658 1.28749 1.32252 1.35849 1.69268 1.95794 1.52310 1.79169
0.94824 1.74180 1.41761 1.79336 0.73952 0.81518 1.51508 1.91671 0.73572 0.61576 0.69375 0.69810
0.69346 0.73757 1.63663 1.64142 1.00202 1.82527 0.52759 1.19524 0.57335 0.91536 0.95462 0.92364 1.27231
1.74915 1.43605 1.22479 0.57171 1.41690 1.60639 0.82827 0.67316 0.51756 1.22579 1.81862 1.20442 1.49960 0.65924
1.56851 1.16409 1.68424 1.55249 0.81649 1.15986 0.50012 0.86899 1.42165 1.88372 1.91622 0.55125 0.81027 0.75749 1.27672
1.87822 0.91039 0.62642 0.84649 0.89551 1.10389 1.41918 0.91034 1.84488 1.48620 1.89500 1.94555 1.66846 0.75687 1.96068 1.24256
1.29808 1.41092 1.66557 1.04990 1.97490 0.56002 0.67587 1.47610 1.44820 0.59129 0.80288 1.89286 1.86680 1.22028 0.76160 0.69653 1.45000
1.64337 1.73160 0.89147 1.68686 1.95861 0.61442 1.86445 1.37941 1.54102 1.94271 1.18947 1.62796 1.03058 1.40700 0.90065 0.59258 1.74985 1.06971
1.65510 0.74268 1.89795 1.70397 0.81834 1.80553 1.33250 0.94621 1.36969 0.65453 1.70377 1.86002 0.85481 1.81870 1.15082 1.92637 1.62150 1.96707 0.92420
1.40584 1.40364 1.48678 1.24684 1.17393 0.75408 1.34251 1.48764 0.97227 0.74321 1.09240 1.77132 0.67895 1.25779 0.62990 1.93106 1.51059 1.59596 1.46860 0.80324
1.97766 1.15127 1.95450 1.38103 0.55178 1.06014 1.04365 1.25099 1.48246 0.83166 1.63202 1.64173 1.69629 1.37976 0.68116 0.70663 1.86665 1.45116 1.59132 1.65981 1.41193
0.61334 0.99387 0.52668 1.03271 1.73942 1.72912 1.06901 0.95673 1.55473 0.61580 1.28207 1.94251 1.02180 0.82218 1.84910 1.84830 1.41944 0.73163 1.67458 0.53769 1.41137 1.22899
1.16847 1.22648 0.85071 0.52030 0.63702 1.82485 1.55450 1.35893 1.10704 1.93416 0.83224 1.35078 0.70754 1.19227 1.09365 1.86087 1.37241 0.84678 0.91045 0.75490 0.88963 0.65285 1.37067
1.20790 1.88596 0.56760 1.43538 1.58842 1.59316 0.55889 0.56313 1.32631 1.38576 1.28926 1.55137 1.51718 0.75910 1.24201 1.13018 1.60954 1.39619 1.91981 0.92009 0.84490 1.77560 1.72745 1.14924
0.86689 1.38765 0.66808 0.59069 1.66192 0.97330 0.84110 1.55243 1.17461 1.75854 1.50838 0.54612 1.27761 1.85487 1.89689 0.84452 1.50833 1.91667 1.37674 1.28100 1.95998 1.79650 0.93493 1.63240 1.37953
1.84502 0.66430 1.95704 0.50208 0.76793 0.94762 1.57532 0.82667 0.52002 1.52849 1.85417 0.74929 1.59965 1.91342 0.84681 1.05897 0.99551 1.77290 1.43076 1.01712 0.83687 0.55274 1.67908 1.64047 0.71207 1.91680
1.71024 0.58709 1.05850 0.93620 1.89020 0.79212 0.64417 1.91614 1.85914 1.31788 0.70741 0.62920 1.32208 1.09296 1.01834 1.41078 1.91902 0.95129 1.90896 0.95848 1.31842 1.43036 1.98982 1.43649 0.80061 1.90323 1.52548
1.76528 0.95087 1.05302 0.70929 0.56171 1.40144 1.41148 1.81970 1.93122 1.31064 0.70806 0.53922 1.97679 1.16128 1.76074 1.45132 1.34535 1.12815 0.79976 1.46791 0.71645 0.93189 1.29279 1.97532 0.98272 1.99939 0.52252 1.70468
0.61786 1.34525 1.84957 1.33535 1.47154 0.59549 1.72661 0.51874 0.96315 0.64606 1.31769 1.92339 0.57469 1.55487 0.92238 1.05602 1.86128 1.25025 1.81814 1.59449 0.72702 1.22313 1.82548 1.68626 1.36357 0.87689 1.51332 1.53690 0.76687
1.68887 0.86567 1.68799 0.98074 0.86813 0.82490 1.37274 0.54997 0.61216 1.32710 1.11481 1.75767 1.33819 0.98713 1.12849 0.58540 0.54270 0.72644 1.89602 1.92866 1.35895 0.83516 1.29240 0.98406 0.90684 0.97886 0.80835 1.84020 1.42970 1.02328
0.81913 0.69445 1.19110 0.93184 1.25953 1.79658 0.75052 0.68907 0.95077 0.69006 1.42599 1.56467 1.05406 0.90871 1.04706 0.92433 1.16553 1.37402 1.07986 1.72830 1.80065 0.52223 0.61048 0.76816 0.61541 1.71551 1.00387 1.30258 1.20059 1.18448 0.95205
1.06695 1.15005 1.19608 0.86782 1.85412 1.30787 1.25883 1.21918 0.62628 1.63410 1.18748 0.77871 1.72430 1.09288 0.59688 0.86698 1.99643 1.31665 1.81838 1.62506 1.01372 1.51419 1.00142 0.61271 1.12453 1.35994 1.97002 1.95137 0.51098 1.02203 1.15770 1.62794
0.77327 1.43270 1.10756 1.58920 1.15409 1.73802 0.76407 1.54258 1.59327 1.67672 1.14431 1.29861 1.67656 1.42377 1.36043 0.98207 1.11360 0.80964 1.96592 1.18260 1.94532 1.28141 1.22474 1.52226 1.78228 1.48797 0.57344 1.00134 0.59492 1.17711 1.05849 0.84992 1.92134
1.35243 1.20735 0.81223 1.99206 1.82257 0.86455 1.89233 1.16687 1.82624 1.57526 0.73718 0.91325 1.17556 0.86357 1.59058 1.67241 1.55065 1.40485 0.93620 0.57181 1.95136 1.85926 1.48822 0.92995 1.63714 1.82411 1.60957 0.81499 1.66259 1.91418 0.95125 1.31160 0.96145 0.65637
1.55038 1.58996 1.01335 1.41558 0.67653 0.88530 1.29456 0.65663 0.87081 1.10149 0.99345 1.90676 0.59206 1.58613 1.14079 1.63235 1.99668 1.19347 1.99114 1.94577 1.83242 0.64644 0.60602 0.78413 1.48259 1.52151 1.21670 1.05180 1.02152 1.35676 1.64745 1.23825 0.84059 0.70280 0.94152
1.95045 0.60882 1.99554 1.05809 1.18514 1.65744 0.56204 0.54275 1.97027 1.29958 0.60232 1.40739 1.37848 1.29842 1.45749 1.19723 1.59678 1.17905 1.96850 0.74254 0.88192 0.86440 1.48533 0.70592 0.85099 1.99978 0.87358 1.99975 1.22601 0.79701 1.45027 0.92146 1.82354 1.68134 1.71300 1.67434
0.92636 0.68163 0.54947 1.80414 1.41135 1.77166 0.91643 1.44052 1.32770 0.85274 1.78242 0.62534 1.37857 0.51373 1.83743 1.22193 1.12140 0.89045 1.63273 1.06829 0.71460 1.95967 1.21009 1.24646 0.65684 0.71449 1.13095 0.87710 1.02494 1.58718 1.94276 1.46564 0.99918 1.86892 0.58389 1.13826 0.57684
1.54346 1.74330 0.58767 1.96563 1.73472 1.10142 1.23309 0.53048 1.99339 0.54492 1.55194 1.08284 1.77765 1.01689 1.37100 0.70051 1.20935 0.94082 0.67292 1.63000 0.95728 1.58637 0.51676 1.72480 1.49482 1.99618 1.09246 0.96128 1.25355 1.13891 1.13120 1.49376 0.94578 0.98049 1.44898 0.80269 1.28142 1.76120
0.74416 1.47800 1.40989 0.92751 1.69836 0.93188 1.77363 0.85747 0.96677 0.99709 0.79311 1.63353 1.61247 1.33068 1.69548 1.43446 0.74798 1.60502 0.76180 1.03436 0.86830 1.91825 1.14974 1.83843 1.14640 1.17415 1.66467 1.47983 0.73480 1.14246 1.10051 1.20968 1.46046 0.60335 0.77397 1.37062 0.76950 1.06635 1.57163
1.82682 0.54175 1.80669 1.60392 1.61135 1.00015 1.52941 1.58864 0.59433 1.92615 0.73990 0.79647 1.19427 1.95226 1.47722 0.92885 1.15030 1.16513 0.58747 1.48147 1.17842 0.68802 0.84015 1.09476 0.85878 1.10665 1.06683 0.71552 1.53278 1.64342 0.86976 1.50454 0.54702 0.50270 0.97125 0.60599 1.67113 0.82378 1.15644 0.84167
1.80717 0.87777 1.92496 1.92024 0.66776 1.03114 1.14167 0.69079 1.42633 1.47111 1.03803 1.23539 1.69731 0.65933 1.09886 0.64506 0.99666 1.15090 1.14783 1.00826 1.33416 1.87370 1.79274 1.71183 0.99185 1.38673 1.74351 0.98422 1.50292 1.27948 0.93251 1.53224 1.25275 1.24104 1.70193 1.77985 1.65589 1.30179 1.46307 1.45142 0.56326
1.69216 0.71310 1.42771 0.99171 0.70377 1.63254 1.05264 0.98608 0.78197 1.49624 0.90281 1.82615 0.77133 1.26029 1.09229 1.58981 0.76154 0.84960 0.80321 1.66254 1.28032 0.56311 1.53558 0.64165 0.60627 1.85433 0.80689 1.57577 1.72508 0.79786 0.54648 1.05961 0.75030 1.20519 1.92804 0.72360 1.31315 0.78753 1.89873 0.55800 1.79868 0.78933
0.66581 0.97220 1.44613 1.86309 1.49075 0.86029 1.46740 0.74714 1.89584 0.53906 0.87973 0.54009 0.52557 0.93612 1.61666 1.96793 1.77921 1.60549 1.18357 1.35943 1.71716 1.57238 1.75877 1.26374 1.04630 1.83444 1.53826 1.81789 1.57317 1.00860 1.77852 1.01331 0.57906 0.69532 1.20458 1.00081 1.91925 0.90343 0.65840 1.24489 1.53064 1.74737 1.97953
1.27701 1.28234 1.59260 1.82758 1.17977 0.74554 1.75847 1.00330 1.28812 0.53352 1.77811 1.95555 1.06219 1.69505 1.22686 1.99723 0.72768 1.40215 1.14700 0.70834 1.14458 0.59184 1.98354 1.41328 1.37570 1.67051 0.52739 1.67219 0.68756 1.69638 0.86781 1.96637 1.06049 0.72062 1.78974 1.15782 0.89564 1.77845 0.94985 1.23307 0.52015 1.33871 0.81803 1.84650
1.86949 1.37909 1.57729 1.32949 1.11494 0.91287 0.65248 1.39664 1.16946 1.11975 1.33578 1.35926 1.39154 1.82107 1.30368 1.73208 1.99842 1.67489 1.67769 1.20496 1.90271 1.69528 1.07696 1.52822 0.78151 1.88949 1.37228 1.49378 1.23376 0.92910 1.30458 1.95926 1.96912 1.16463 1.74068 1.90214 1.69923 0.96033 0.60892 0.69691 1.46774 1.00239 1.10573 1.82302 1.24121
1.32801 1.21011 1.80784 0.58130 1.76797 1.51576 1.85141 1.79702 1.74364 1.95874 1.46882 1.01730 1.57197 0.81865 1.75992 1.90821 0.82384 0.72843 0.52403 0.88749 1.80097 1.49816 0.56987 1.71736 0.79784 0.55930 1.02742 0.65452 0.58801 0.74522 0.57047 1.33058 1.85995 1.20491 0.54001 0.72271 0.51145 1.80054 1.97754 1.24388 1.89153 1.14310 1.19474 1.03313 1.23606 1.79401
1.82764 1.02299 1.81558 1.33364 0.63933 0.92615 1.57644 1.34570 1.17558 1.29911 1.42495 0.80716 1.98068 1.69688 1.62333 0.60442 1.37179 0.95413 0.55556 1.37515 0.92385 0.67237 1.87235 1.72556 0.74268 1.24466 0.60480 0.97468 1.73311 0.98752 1.31279 0.71344 1.50633 1.84850 0.64508 1.15594 0.78941 1.64209 1.41088 1.35378 0.91950 0.52207 1.26723 0.65709 0.90770 1.29850 1.86381
0.64075 1.95323 0.77291 0.74054 1.23950 0.78549 0.87428 1.12064 1.74993 0.66028 1.22433 0.63640 1.48524 1.85848 1.82331 1.10651 1.22213 0.87829 0.64436 1.16422 1.29272 1.08513 1.63545 1.50270 1.57995 0.93641 1.68516 1.06357 1.70860 1.02903 0.91080 1.15287 1.90383 1.81558 1.42921 1.10932 0.72272 0.62345 1.11259 0.82742 1.20123 1.37393 1.61516 1.84007 1.52619 1.21976 1.47556 0.92119
1.95037 1.29414 1.60236 0.60182 0.57550 1.90861 0.81816 1.91157 0.58947 1.79818 0.67613 0.73176 1.32387 1.32732 0.80761 1.65373 1.60253 1.44729 0.66401 1.11512 1.20297 1.58146 1.56242 1.34400 0.87255 0.80769 1.83371 0.69110 1.06477 0.79529 1.55028 1.63828 1.43662 1.23862 1.48828 1.27064 0.78655 1.72688 1.22746 1.61674 1.27511 1.26392 1.05447 0.67930 1.70474 1.62502 1.85944 1.14456 1.66131
1.71507 1.24333 1.29211 1.16095 0.74879 1.91356 0.91019 0.73735 0.81355 1.63479 1.16847 1.93669 1.89584 1.23472 1.15219 1.10020 1.97668 1.19973 0.85782 1.25783 1.75126 1.21534 1.49380 1.98474 0.56450 1.55614 0.69297 1.54338 0.53318 1.14209 0.90141 1.01806 1.08579 0.78783 1.26257 1.97275 1.60748 1.72785 1.30200 0.58631 1.54915 0.93969 1.88378 1.84737 1.22975 0.98052 0.62636 0.85211 0.59926 0.69662
1.50783 1.27115 1.92244 0.50918 1.43774 1.16225 1.01116 0.92983 0.75231 1.62910 0.85429 1.78122 1.39102 1.28271 0.93472 0.97359 1.60219 1.54567 1.67041 0.68426 1.32838 1.77777 1.20717 1.07798 1.90615 1.59897 0.72591 1.44715 0.68422 1.43514 0.71817 1.90464 1.28978 0.67577 1.88050 1.45478 0.85060 1.65131 1.38942 0.61897 1.68696 1.72115 1.54735 1.61934 1.69560 1.42383 1.67357 1.47334 1.72736 0.64665 1.89092
0.54607 1.01087 1.12764 1.15854 0.83610 1.09683 1.85976 0.90683 1.18022 0.71827 1.79977 1.20590 0.73945 0.78511 0.69361 1.49766 0.94012 1.80639 1.13132 0.98142 0.50313 0.53087 1.68090 0.51837 1.76987 0.92141 1.84860 1.06610 1.17362 1.45366 1.10500 1.46968 0.51214 0.97901 0.56591 1.83907 0.51018 1.83208 0.78172 1.70442 0.85202 1.88083 0.62794 0.57714 1.17318 0.50428 0.84029 1.63200 1.50309 1.64801 1.01124 0.89422
1.60915 0.74926 0.53206 1.02140 1.26660 0.73256 0.95088 1.11153 1.84508 1.85333 1.76398 0.83116 1.31547 1.79059 0.54425 1.53050 0.78627 1.18321 1.23397 1.92562 1.57167 0.78931 0.53804 1.32449 0.78339 1.52106 1.36282 0.58077 1.87273 0.88245 0.90005 1.59894 0.96092 0.56904 0.83224 0.90083 0.57418 1.33803 1.53244 1.60360 1.67614 1.68704 1.52407 0.77081 0.97817 1.22626 1.65942 1.36071 0.82592 0.58144 0.66197 1.93733 1.62798
1.84883 1.78441 1.13500 1.49122 1.15383 0.64592 0.65471 1.86377 1.29410 1.08371 0.98869 1.30361 1.04246 0.68521 1.20054 0.78187 1.66270 0.87881 1.24016 0.75829 0.90336 1.90435 1.05725 0.93609 1.84857 1.07675 1.99172 0.96958 1.49842 0.74414 1.52421 1.78693 1.18244 1.12649 0.54359 0.50111 0.59405 0.76310 1.75699 1.98517 0.63218 0.67625 1.07444 1.74203 0.81997 1.28834 1.87480 0.88233 0.51601 0.84021 0.60812 1.92083 1.56831 0.60612
1.74317 0.80859 1.95458 1.36450 1.71126 1.69523 0.95189 1.49053 1.48730 1.83058 0.54887 1.13248 1.74082 0.60338 1.96720 1.43371 0.87689 1.29951 1.73604 1.05001 1.56119 1.92443 1.17781 1.04014 1.76244 1.03227 0.76720 0.86675 1.90453 0.99177 1.63789 0.65615 1.84624 0.55578 1.89878 1.81736 1.36397 1.56426 1.32750 1.84214 1.98345 1.08235 0.76888 0.80162 0.63033 1.82848 1.29170 1.09918 0.59331 1.03205 1.94596 1.52954 1.95916 1.94023 1.69181
1.81177 1.35764 1.66983 1.45341 1.48799 1.67736 0.63840 0.50178 1.72651 1.78558 1.91543 1.57953 1.90011 1.18574 0.51332 0.98732 1.31079 0.71266 1.19197 0.69401 0.75350 1.96653 1.29681 1.52172 0.80701 1.71921 1.42672 0.77595 1.28530 0.59847 0.69506 1.66939 1.96133 1.33956 0.73518 0.56373 1.37171 0.98213 1.18223 1.58668 1.22582 1.30728 0.88114 1.73921 1.89871 0.52809 0.98214 0.78416 1.10788 0.89559 0.91062 1.84843 1.71439 1.37698 1.61430 1.24793
0.61262 1.32476 0.98030 1.52939 1.02853 1.49358 0.86718 0.78446 1.39161 1.40540 0.59635 0.94703 1.08424 1.33131 1.56704 1.98272 1.10627 0.83934 1.69998 1.87247 1.20079 0.89354 0.70478 1.30909 1.36749 0.62553 1.46753 1.21955 1.53510 1.11414 1.38131 0.74839 0.67709 0.94602 1.01115 1.63394 0.57010 1.99538 1.98432 1.44680 1.94599 1.66401 1.43765 1.10669 1.67173 0.82177 1.00813 0.81678 1.14997 0.58791 1.81805 1.76945 0.81239 0.75596 0.79028 1.20308 1.67994
1.89136 0.79723 0.65802 1.01020 1.39822 1.78849 1.96490 0.64206 0.82483 1.53101 1.40890 1.87168 1.59112 0.75767 1.74240 1.06465 1.40412 1.78119 1.59460 0.78303 1.79272 0.64297 0.67012 1.14784 1.10580 1.40179 0.88169 1.71581 0.58305 1.62231 1.65961 0.72634 0.63258 1.78856 1.35042 1.76889 1.24591 1.71955 1.70233 0.85975 1.61464 1.98210 0.63176 1.22881 0.89668 0.66043 1.74798 1.97313 1.48465 1.74471 1.49525 0.69279 1.42267 1.14792 1.99413 1.57140 1.05990 0.76500
1.67436 0.82963 0.85927 1.63550 1.19791 0.64815 1.30703 1.82329 1.47963 0.51323 1.18528 0.52128 1.19238 1.34701 1.85370 1.92175 1.96921 1.83608 1.11459 1.09829 1.68776 1.81111 1.38153 1.19435 1.45089 0.70090 0.83576 0.63415 0.74260 0.87429 0.64626 1.07265 0.67607 0.63922 1.30933 0.64261 1.51893 1.69640 1.12470 1.37007 0.69193 1.03685 1.36425 1.64406 1.93132 1.82353 1.29251 1.92319 1.10988 1.29452 0.53886 1.52889 1.83485 1.78952 1.10611 1.03019 1.76420 1.41802 0.91849
1.25395 1.60491 0.87809 0.89964 1.96076 1.78581 1.74216 1.76672 1.39441 1.65243 1.26027 0.75851 0.71602 1.95299 1.12476 1.85483 0.58475 1.58508 1.09671 0.79090 0.69472 1.12273 0.87839 1.52806 0.85914 0.71720 0.80023 0.69989 1.84237 1.92192 1.94427 0.81740 1.12123 1.65226 1.33586 0.67652 0.59309 1.42120 0.78681 1.26412 1.44356 1.47949 1.79633 1.54044 1.30594 1.44731 1.48403 1.48818 1.96141 1.14731 1.33583 1.57671 0.51437 1.96103 1.88620 1.19470 1.71421 0.80394 1.48533 1.30532
1.86862 1.70062 0.67274 0.62030 0.90118 1.09861 1.68876 0.71562 1.27934 0.80590 1.26020 1.27089 1.57700 1.58053 1.64115 1.41152 0.79440 1.77481 1.55354 1.21853 1.99955 0.62197 0.73887 1.23630 1.07323 1.48891 0.54154 1.47478 0.98621 1.79736 1.80695 1.64316 1.18953 0.69604 0.94242 1.73329 0.76835 1.47014 1.56438 1.77921 0.85957 1.09720 0.57126 1.83380 1.51573 1.11290 0.60078 1.35304 1.90122 1.77183 1.77838 0.62777 0.61651 0.59822 0.83515 1.27021 1.66818 1.88276 0.67920 1.64338 1.02003
1.93333 1.90341 1.25450 1.11666 1.37106 0.77118 1.12516 1.79757 0.94154 1.12039 1.88942 0.87495 1.25732 1.74909 0.68022 0.87000 0.93264 1.77722 1.32996 0.65950 1.58586 1.72560 1.90147 1.36998 0.57534 1.43121 1.79028 1.88844 1.77830 0.61992 0.67100 0.93353 1.28238 1.52520 1.75769 1.33458 0.67092 0.65949 1.93386 1.23733 1.45292 1.38976 1.28584 1.26293 1.95911 1.15890 0.73220 1.37862 1.59604 1.44311 1.18008 1.11045 1.54870 0.62316 0.62326 1.25124 0.65368 1.52363 1.84480 1.53297 0.79555 1.49273
1.30433 0.62284 0.52484 0.82369 1.78968 1.42595 1.07636 0.60108 1.68653 1.06905 1.18320 1.98061 1.61002 1.46311 1.89301 1.63750 1.78937 1.18181 0.53915 1.03481 1.54737 1.05027 1.71484 1.23916 0.97980 1.67444 1.67418 1.38217 1.92329 1.95169 0.78204 1.73021 1.95028 0.96228 1.73448 1.27569 1.97883 0.97321 0.82472 0.74757 0.85556 1.09431 0.82231 1.22051 1.62298 1.41445 0.83446 1.25293 0.91917 1.01595 1.86028 1.66739 1.91134 1.28931 1.56749 0.62729 1.26262 0.95913 1.97235 0.77737 0.63142 1.48569 1.08719
0.81971 1.12386 1.00939 0.88396 0.55073 0.83532 1.54691 0.85523 1.78054 1.43080 0.85244 1.16784 1.96692 1.74162 1.77213 1.17288 0.62341 1.28783 1.99831 1.36233 1.99174 0.95166 1.05291 0.60609 1.77636 1.34789 1.41843 0.55248 0.87869 1.98132 0.83478 0.91659 0.99075 1.74383 1.30477 1.52896 0.85456 1.73442 0.89361 0.70044 1.36550 1.84807 1.06627 1.74100 0.82764 1.82751 1.73342 1.69814 1.99242 0.87331 0.57575 0.87020 0.80284 0.96528 1.63805 1.48302 1.70205 1.39349 0.90885 0.70399 1.46011 0.90783 0.55846 1.19511
1.24913 1.95386 1.05642 1.60130 0.63345 0.77711 0.63432 0.54193 1.99131 0.98802 1.52499 0.82389 1.32580 1.81855 0.90031 0.57081 0.88672 1.05144 1.58483 0.51384 1.71163 1.98827 0.54627 1.26623 1.80376 0.63404 1.36812 0.78632 1.64703 0.71944 1.04016 1.78885 1.42760 1.48528 1.47929 1.69259 1.89975 0.61966 0.86841 0.65429 1.02789 0.59146 0.57192 1.97373 1.84197 0.95037 1.37846 1.47160 1.32224 1.63214 0.63844 1.57167 0.91573 1.09096 0.54840 1.95085 1.87690 0.98135 0.97183 1.24617 1.35341 1.92968 0.73822 1.54911 0.56634
1.09317 1.26811 0.85786 0.54038 0.78851 1.14677 1.36474 1.56362 1.24183 1.33209 1.58866 0.83768 0.93063 0.60760 0.93715 0.99442 0.71172 0.86053 1.20854 1.80708 1.79440 1.86596 0.79297 0.89103 1.53456 1.28641 0.57543 0.66258 0.95673 1.30006 0.58155 1.77297 1.56356 1.02461 0.59950 1.49088 0.65712 1.70463 0.51570 1.18847 0.60079 0.75267 1.68372 0.55073 1.70645 1.23823 1.33479 1.33994 1.28683 1.58515 0.79800 1.61425 0.97254 1.81011 0.93809 0.86241 0.90750 0.83625 1.13332 0.93934 0.57563 1.34855 1.07783 1.74181 1.49225 0.96541
0.94375 0.87024 0.96658 1.50866 1.36954 1.20704 1.21001 0.56666 1.98120 1.36923 1.14662 1.67415 1.67674 1.92549 0.71727 1.71656 1.29584 1.50628 0.53948 1.05845 1.16811 1.44674 1.36356 1.44905 1.36297 1.82391 0.50907 1.96773 1.43621 0.98962 0.88432 1.52613 0.61779 0.90944 1.12348 0.64536 0.62841 1.94409 1.44925 1.16078 1.52114 1.68420 1.11985 1.74772 0.87897 1.12728 0.63101 1.55125 1.76576 1.30662 0.67674 1.00651 0.85812 1.39150 1.28749 1.80925 0.75589 0.65267 1.58133 1.83336 1.15665 1.76146 1.85579 1.58978 0.79323 1.70142 1.10335
0.93842 0.68397 0.78645 1.71495 1.84702 0.56967 0.87872 0.51812 0.52735 1.30015 1.61357 1.53179 1.78219 0.56408 1.16239 1.50060 1.31359 1.77664 1.58277 1.94331 0.73377 0.92772 0.53992 0.94815 1.81131 1.91932 1.46135 1.68293 1.78734 0.68253 1.93038 0.84179 1.05940 0.92768 1.67521 0.58637 1.73499 1.91745 1.56768 1.47656 1.88934 1.75034 1.45230 1.17285 0.59839 0.82622 1.61044 0.61637 0.72711 0.68507 1.84478 1.92432 0.85311 1.47202 0.79091 1.60850 1.67343 0.81713 1.19611 0.87166 0.53295 1.04288 0.50803 1.18539 1.93421 1.93549 1.30572 0.97427
1.39881 0.80713 1.44901 0.55019 1.13701 0.74339 1.31160 1.22014 1.44983 1.50483 0.74545 1.17736 1.65410 1.92833 1.31561 0.51728 1.90255 1.13750 1.17824 1.46305 1.83028 1.24613 1.98103 0.59740 1.56116 1.37684 1.40956 1.67732 1.96353 1.87247 1.12641 1.91920 0.74292 0.70346 1.01142 1.81280 1.12082 1.81893 0.82937 1.03431 0.61425 0.90577 1.76162 1.72447 1.21062 1.69667 1.94787 1.48313 1.46660 0.64576 0.83063 1.34476 1.50633 1.89645 1.16880 0.53926 0.84941 1.13662 1.69754 1.24684 0.71187 1.40606 0.56694 1.94001 1.66296 1.50185 0.95173 1.44828 1.59027
1.89323 0.58189 1.70207 1.16547 1.24134 1.88309 0.90790 1.73933 1.69723 1.79356 0.64756 0.58093 1.20791 0.80937 1.36266 1.18852 1.40844 0.74466 1.99829 1.02650 1.48375 1.73832 1.77983 1.74555 1.32040 1.21984 1.82516 1.47012 1.98349 1.40284 1.73164 1.94809 1.82725 1.02826 0.58523 1.96213 1.61648 1.96008 1.17619 1.90886 1.69516 1.20932 1.19487 0.54680 1.45985 1.41215 1.94565 1.65921 0.68248 0.79378 1.97180 1.11122 0.74449 1.62932 1.74392 1.59371 1.46285 0.84049 0.72860 1.82308 1.31634 1.23472 1.11678 1.96105 1.08401 0.84705 0.90273 0.82101 1.11179 1.60254
1.44107 0.95600 1.10711 1.62142 1.02560 0.89963 1.78440 1.94688 0.82126 1.31937 1.38533 1.68910 1.64460 1.06490 0.56441 0.98490 1.07902 1.00858 0.64902 1.27911 0.67867 1.90335 0.78610 1.59489 0.91853 0.76198 1.67884 1.22163 0.85862 1.72912 1.09038 1.13308 1.09597 1.68955 0.77260 0.62978 1.86280 1.93372 0.69571 1.49227 1.82919 1.77215 1.62927 1.14965 1.43975 1.58944 1.01719 0.51586 1.70088 1.65591 0.67813 1.05759 1.13925 1.69130 1.48314 0.81510 0.50585 1.49661 1.46749 1.47861 1.75850 0.54888 1.57488 1.65856 1.42720 1.80726 1.95534 1.63092 1.86906 1.17593 1.72770
0.65998 0.58217 1.70725 1.19648 1.08536 1.77450 1.23380 0.51000 1.22913 0.50517 0.89124 1.95315 1.14394 0.66259 1.80085 1.70696 1.21838 0.76143 0.57120 1.99703 0.86886 1.25451 1.81294 0.77813 1.52623 1.06586 0.91803 1.28209 1.26949 1.58232 0.59883 0.54997 0.65151 0.92095 0.81291 0.83614 0.60594 1.46669 1.25075 1.52701 0.93184 1.91774 1.56290 0.68264 1.62449 1.58474 0.54948 1.64083 1.09183 0.83643 0.72202 1.97261 0.50268 1.85365 0.78974 1.80073 0.95210 1.25859 1.78108 0.93860 1.68836 1.40378 0.59092 0.92670 0.73905 0.97960 1.72190 1.46145 1.23677 1.99017 1.04162 0.85713
1.20104 0.52994 1.67386 0.54917 0.52809 1.65799 1.56506 0.56811 0.57679 0.92603 1.53558 1.43943 0.98047 1.85438 1.51529 1.67742 1.41396 1.08098 1.88838 0.64087 1.66295 1.38378 1.57440 1.79977 1.19986 1.38519 1.31025 1.76978 1.20838 1.33013 1.47827 1.93793 1.51345 0.76213 0.82602 0.56090 0.50211 1.86389 0.94460 0.71200 0.96373 1.37696 1.48685 1.53127 1.54780 0.87418 1.52914 1.11280 0.84662 0.90332 1.62349 1.41794 1.33429 0.95849 1.54373 1.12323 1.44058 1.82784 1.79162 0.50032 0.68847 1.03785 1.60796 1.97458 1.14093 1.75332 0.77410 1.53389 1.68857 1.72371 1.34062 0.81402 1.57179
1.17606 1.32178 1.79827 0.92388 1.61388 0.61411 1.44807 0.80636 1.76058 1.50441 1.21893 1.98555 1.58109 1.51698 0.95058 1.51155 1.04307 1.54327 1.41400 0.58307 1.78251 1.67433 1.07670 0.97622 1.95892 1.37330 1.39851 1.03210 0.66095 1.14875 1.45107 1.95472 0.80815 1.67431 0.55613 1.62977 0.98018 0.88455 0.96723 0.85072 0.55067 0.55916 1.12712 1.44261 1.20279 0.61940 1.85924 0.92814 0.81247 1.24568 1.40714 1.02222 0.93697 0.67700 0.74877 1.05023 1.39960 0.77899 1.50037 1.31649 1.49795 1.70447 1.57727 1.26510 0.55382 0.67811 1.70988 0.68975 0.51762 1.18482 1.18716 1.05607 0.81536 1.93454
1.13488 1.64672 1.84211 0.58260 0.85465 1.32180 0.79704 1.77063 1.43687 0.90657 1.00616 0.84128 1.77294 0.91275 1.67941 1.72484 1.64505 0.52755 0.77527 1.20156 1.55022 0.63341 1.17059 1.44348 0.61878 1.93115 1.10049 1.64509 1.96707 0.70966 1.47175 1.85446 0.98937 1.24295 1.42913 0.69317 1.31975 0.94016 1.80047 0.56332 1.56891 0.79873 1.27694 1.22898 0.73220 1.61413 0.65509 0.54720 1.03201 0.91367 1.76598 1.52136 1.73098 0.62226 1.96386 0.96966 1.22345 1.79544 1.29799 1.35720 1.88616 1.96621 0.54177 1.80870 0.76647 1.42722 1.91250 0.82513 1.86497 0.78826 1.24277 0.78139 1.61366 0.80694 0.59469

Best known: 1618.36
