76 76 1699
0 0.0 0.0
643 87.0 -18.0
622 71.0 -19.0
727 81.0 -11.0
50 80.0 -17.0
235 74.0 -16.0
30 75.0 -9.0
5 76.0 -6.0
43 86.0 -11.0
398 85.0 -19.0
81 83.0 -19.0
14 70.0 -10.0
171 48.0 21.0
209 23.0 33.0
20 35.0 36.0
13 38.0 42.0
93 22.0 26.0
16 51.0 21.0
3 30.0 39.0
391 30.0 26.0
52 29.0 23.0
905 27.0 20.0
56 36.0 23.0
203 28.0 20.0
87 45.0 28.0
1004 -61.0 38.0
114 -54.0 50.0
527 -56.0 36.0
4 -57.0 26.0
28 -61.0 40.0
94 -41.0 39.0
8 -61.0 30.0
139 -45.0 46.0
41 -53.0 62.0
7 -34.0 37.0
490 -47.0 33.0
3 -52.0 61.0
75 -33.0 34.0
45 -35.0 62.0
3 -71.0 45.0
410 -22.0 -10.0
44 -29.0 -2.0
678 -29.0 3.0
24 -30.0 3.0
10 -33.0 -11.0
12 -31.0 1.0
268 -31.0 -10.0
7 -22.0 -9.0
51 -25.0 -4.0
448 -32.0 -12.0
459 -30.0 -5.0
4 -34.0 2.0
20 -31.0 -12.0
413 -31.0 -10.0
671 -27.0 1.0
195 -30.0 -8.0
16 -31.0 -6.0
683 -23.0 -1.0
4 -21.0 -3.0
43 -33.0 1.0
45 59.0 -61.0
62 73.0 -52.0
14 72.0 -61.0
76 76.0 -63.0
101 59.0 -63.0
846 62.0 -63.0
157 59.0 -54.0
3 70.0 -55.0
13 62.0 -59.0
397 60.0 -62.0
23 56.0 19.0
87 47.0 15.0
6 49.0 12.0
3 58.0 9.0
3 51.0 13.0
230 57.0 19.0

1.19712
0.88462 1.80567
1.56504 1.99563 1.67629
1.71032 1.47463 0.67843 1.93554
1.97343 1.00889 1.11803 0.80070 1.56532
1.13545 0.56851 0.81931 0.66941 0.63016 0.99729
1.67133 1.50184 1.04113 0.83110 1.14385 0.60427 1.41621
0.86715 1.93054 0.96847 1.69098 0.68717 1.96382 0.58849 0.59324
0.54226 1.34586 0.61884 1.32538 1.39678 1.04888 0.70149 0.91760 0.91692
1.35378 1.31642 1.71637 1.95278 1.98358 1.82352 1.51990 1.85501 1.79030 1.53947
1.63032 1.64089 0.97745 0.53361 1.98097 0.81335 0.73643 0.56724 0.78577 1.88485 1.43244
1.52336 1.08044 1.60663 1.44518 0.88286 1.23002 0.74478 1.87396 1.43949 0.89523 0.96811 1.94675
1.50345 1.16078 1.39700 0.54103 1.90849 1.92489 0.69337 1.05883 1.78510 0.92047 1.95116 0.99915 1.19209
1.62396 1.08726 1.09902 1.14119 0.92493 1.38487 1.88538 0.53992 0.51023 1.12873 1.87609 1.99361 0.81327 1.62816
0.60206 0.83367 0.58742 1.80660 1.18292 1.06776 0.75735 1.57961 0.81519 0.92103 1.49772 0.63389 0.76598 1.46739 0.94707
1.30238 0.59594 1.70447 1.62721 1.06195 1.18509 0.63518 1.55882 1.55924 1.73360 1.45714 0.66418 1.09406 1.02880 1.16310 1.72310
0.96793 1.77494 1.04358 0.90691 1.20583 1.75019 0.92743 1.08610 1.49202 1.02596 0.52190 1.57435 1.31405 0.66118 1.35000 1.49560 0.78853
0.76363 0.91365 1.29192 1.65830 0.76328 1.80728 1.75658 0.75689 0.68923 0.95866 1.73551 1.13657 0.86627 1.28440 1.43351 1.51992 1.31512 1.81847
0.93870 0.65603 0.54629 1.73638 1.28203 1.34160 0.77540 1.62224 1.91901 1.61912 1.91031 1.70592 1.59182 1.17925 0.85364 0.69340 0.76123 0.87588 1.35548
0.52487 1.34693 1.44647 1.51771 0.83386 0.51360 1.14031 1.03361 0.84831 1.38623 1.27861 1.82913 1.28952 1.34929 0.91432 0.57501 0.67829 0.89835 1.49639 1.44283
1.14896 1.14969 1.11887 1.33802 0.76650 1.69372 1.60123 1.18133 0.92054 1.29232 1.14594 1.61933 0.69859 1.18660 0.96134 1.08059 1.18845 1.39814 1.61517 1.23863 1.46668
1.38127 0.60847 1.17367 0.95504 1.25321 0.84001 1.62804 1.37678 1.37596 1.30913 1.03124 1.74952 1.93332 1.88291 0.99030 1.74384 1.24318 1.43768 0.80748 1.62737 0.70733 1.57575
1.99575 0.74060 0.81190 1.10273 0.85725 0.65227 0.93741 1.10055 0.51016 0.56063 1.01820 1.83630 0.69863 1.25955 1.71373 0.68092 0.64959 1.13650 0.58682 0.63840 1.14114 0.67849 1.79873
1.16906 1.32789 1.56255 1.52355 1.17232 1.29468 0.98094 0.75016 0.58637 1.55817 1.68014 0.64636 1.06627 0.88361 0.91758 1.93522 0.73087 1.31095 1.79268 1.10354 1.56838 1.36572 1.06831 1.20799
0.73337 0.68598 1.55844 0.83648 1.29766 1.15922 1.34515 1.34993 1.04540 1.75619 1.12518 1.57466 0.56200 1.02116 1.03194 1.34704 1.73572 0.61372 1.96743 1.66196 1.40863 0.81329 0.60638 0.68360 1.81402
1.88643 1.98411 1.65812 0.74411 0.80267 1.30222 1.05461 1.95768 1.92781 0.96781 1.96872 0.66447 1.09559 1.82459 0.79698 1.30373 0.63103 0.71285 0.78078 1.32990 1.07166 0.73721 0.90411 0.94595 0.92893 1.66550
1.90054 0.94748 0.63975 1.52659 0.70568 1.58649 1.30281 1.55708 0.65693 0.89254 1.50814 1.06844 1.84123 1.62759 0.87173 0.95963 1.13309 1.10310 1.28005 0.57455 1.18896 1.19310 0.59635 0.81722 1.55166 0.52731 1.43877
1.43473 0.73894 1.28615 1.10963 1.92368 1.38549 0.68206 0.60552 1.52003 0.95003 1.31942 0.88320 1.48104 1.07344 1.60936 1.33280 0.92894 1.31695 1.28020 0.55325 1.28533 0.84267 1.19749 1.79262 0.97478 0.91113 0.99458 0.91975
0.74305 0.67397 0.97605 0.88693 0.95795 1.80041 0.68826 0.64426 0.91398 1.21278 0.55049 1.57494 1.64779 1.89587 0.50079 1.61250 1.74620 1.30523 0.51760 1.95932 1.99019 1.89954 0.88588 0.93848 1.77880 0.78619 1.17219 0.52182 1.39671
1.55927 0.67500 1.35508 0.82166 1.60425 0.91866 0.80830 1.03751 1.79304 0.84559 1.46858 1.05889 1.55663 1.74867 1.00729 0.70085 1.06465 0.55898 1.97152 1.33197 0.70578 0.74549 1.46146 1.32273 1.91340 1.38953 1.49185 1.61521 1.56393 1.30406
0.71761 0.78663 1.03775 0.50831 1.77360 0.69290 1.31016 1.54386 0.70254 1.83928 0.78488 0.56727 1.24922 1.91191 1.24129 0.92487 0.68242 1.50118 1.97825 0.82780 1.81983 0.80169 0.55750 1.00761 0.53857 1.07277 0.61281 1.03105 0.81131 1.23477 1.82122
1.30199 1.17330 1.08360 0.94569 1.67765 0.60056 1.34732 1.62458 0.59193 1.72690 1.32925 0.73717 0.66490 1.47615 1.10997 1.56344 1.75417 0.97176 1.91559 1.27373 0.63898 1.44835 1.60153 0.83181 1.08741 1.18044 0.69385 1.33808 0.78471 0.52709 1.02675 1.47540
1.94779 0.61613 1.65121 1.47654 1.80552 1.41588 0.57523 1.55574 1.58082 1.98239 1.87371 1.63815 1.02117 1.47092 0.97476 0.94983 1.49891 0.82491 1.82763 1.76615 1.48925 1.91951 1.09783 1.26952 1.96812 1.66163 1.10018 1.02681 0.57464 1.29260 1.74477 1.49773 0.62054
0.80572 1.38334 0.84441 1.66240 0.60245 1.66146 1.80299 1.48191 1.01541 1.84559 1.22527 0.82095 0.69174 1.47568 1.47747 0.55086 1.88179 1.21017 0.63781 1.98552 1.57937 1.04795 0.67935 1.32083 1.91801 1.08753 1.99093 0.99575 1.89597 1.79827 1.88695 0.70145 0.93620 1.12914
0.51200 1.69685 1.61471 0.87920 1.46737 0.67546 1.24600 1.12826 0.94931 0.72338 0.90388 1.68918 0.80123 0.85936 0.58575 0.90810 0.54058 0.75550 1.09891 1.04647 0.92363 1.88662 1.16116 0.50126 1.03043 1.97350 1.73942 0.66568 1.95303 1.84214 1.36951 1.11331 0.94615 1.28330 1.97184
1.81603 1.55643 1.35534 0.70345 0.87874 1.32158 0.87459 1.37967 1.41530 0.62615 1.47038 1.78082 1.05298 0.51574 1.51545 1.66940 1.01084 0.98893 0.58664 0.75700 0.63899 1.51303 1.36389 1.57947 1.61457 1.77391 1.53332 1.47794 1.00959 1.00295 1.49252 1.69389 1.34379 1.20807 1.00844 1.85917
1.69801 0.94827 1.91402 1.11582 1.20281 1.51977 1.67412 0.61147 1.12181 1.33325 1.13007 1.22021 0.54991 1.22859 1.33065 1.50974 0.98569 1.07294 1.21450 1.25922 1.59837 1.74604 1.36191 0.69459 1.89573 1.28489 0.98232 1.89294 1.14647 0.89545 0.84726 1.44465 0.76962 1.12687 1.81271 0.98784 1.43674
1.02779 1.72174 0.54748 1.39266 1.07437 1.35536 1.22485 1.46728 0.82081 1.64491 1.36796 0.73329 0.82126 1.50020 1.71526 0.81368 0.72029 0.62740 0.83710 1.49704 1.86174 1.29005 0.62975 1.31019 1.58455 1.07444 1.44867 0.80665 0.52434 1.24591 0.87959 1.72798 1.45747 1.34197 1.16018 1.78880 1.55033 0.83185
0.66594 0.75175 1.83192 1.69043 0.67718 1.44609 1.64488 0.81178 0.67166 1.74839 1.41077 1.99150 1.33194 1.31154 0.66376 1.86177 0.55709 0.68714 0.55501 0.81322 0.93774 0.83219 1.77170 1.15930 1.42639 1.09991 1.56402 0.73450 1.16067 1.41256 0.76038 0.89173 1.06443 0.84432 1.03793 1.36268 1.97260 0.60733 1.53692
1.54274 1.45295 0.60750 1.78196 1.87355 0.82047 1.20091 1.14784 1.74211 1.95496 0.98030 1.48142 1.28490 1.44803 1.49479 1.16624 0.71161 1.62735 1.53531 0.79962 1.69948 0.55433 0.97466 1.12914 0.65777 1.89276 1.19871 0.57967 1.92878 1.17690 0.88351 1.03289 1.12157 1.06707 1.97328 0.64132 1.64890 0.93158 0.97687 0.73042
0.58628 1.46424 1.26184 1.99520 1.58041 0.71239 0.89026 1.20121 0.61525 0.67558 1.01176 1.06227 0.81780 1.84244 0.97377 1.13311 0.69967 1.34516 1.73496 1.20706 1.11010 0.78616 1.92665 1.21085 0.85361 1.80059 1.43145 0.99517 0.71971 0.73368 1.50294 0.64147 1.76874 0.98134 1.03695 1.05337 1.34957 0.58957 1.36809 1.24310 1.74143
0.62173 0.94427 0.51675 1.86443 0.80624 1.98123 0.69120 1.31581 1.53310 1.48440 1.48713 1.57323 1.86589 1.89273 1.04407 1.87803 1.73506 1.81570 1.68903 0.94319 0.78951 1.23117 1.14657 1.95941 0.75223 1.83075 1.39543 1.09553 1.98881 1.24265 1.94532 0.79267 0.83696 1.77697 1.10762 1.53905 0.67815 0.99552 0.96474 1.03007 1.83637 1.17160
1.06548 0.70408 1.50502 1.31899 1.82096 1.05169 1.16972 0.65572 0.83325 0.58795 0.80991 1.70633 1.63969 0.90565 1.60574 1.55045 1.36241 1.05335 1.54142 1.15859 0.51055 0.70844 1.64276 1.33880 1.26273 1.26740 0.80262 0.92822 1.11207 1.32374 0.92856 1.17888 1.49840 1.89933 1.84525 1.84288 0.52650 1.37688 1.10000 1.10634 0.52802 0.86146 1.78021
0.67605 1.06016 0.54064 1.89225 0.81340 1.03887 1.05303 0.72998 1.12250 0.93433 1.18449 1.82199 0.79482 1.58640 1.53313 0.79090 1.81680 0.79975 0.98194 1.81446 1.78251 1.18473 1.05604 1.89676 1.49791 1.85120 1.56003 1.67341 1.58619 0.68683 0.79435 1.22881 1.04229 1.48306 1.47584 0.80939 1.62747 1.13284 1.75004 1.61872 0.72948 0.78609 1.42248 1.25526
1.74147 1.44832 1.28391 0.69955 1.40374 1.36961 1.58908 0.51679 1.09882 0.85972 1.34147 0.54232 0.80050 1.67262 0.79554 1.53719 1.93769 1.12360 0.93926 1.41538 1.55094 1.11830 1.57054 1.95531 1.64082 0.59071 1.69887 1.59818 1.35254 1.90204 0.74286 1.89611 1.65462 1.97054 1.40234 1.92865 0.60131 1.34966 1.99735 1.66381 0.62687 0.82420 1.99179 0.91445 0.94150
1.71889 1.38287 0.91742 1.81907 1.53133 1.41204 1.78807 0.71299 0.80308 1.99675 1.12548 1.64612 1.75843 1.59834 1.63427 0.98207 1.14980 1.46816 1.14259 1.71246 1.18624 0.52886 1.68379 0.58667 1.99218 0.69748 1.43071 0.72575 1.48337 1.61687 0.96481 0.88525 1.66083 0.55927 0.70049 1.88140 1.21254 1.22038 0.85240 0.90855 1.43798 1.15740 1.20706 1.76052 1.03887 1.46527
1.52558 1.15684 1.57366 0.83006 1.92713 0.83632 1.39076 0.88818 1.35975 1.38003 1.93274 1.16884 1.64506 1.18930 1.69183 1.89506 1.02804 1.69697 1.22722 1.89683 1.70296 0.87633 0.61403 1.15590 1.10103 0.59397 1.52749 0.52327 0.79902 0.62834 0.87656 0.90189 0.83602 1.51410 0.67473 1.96501 1.75364 1.19768 0.53130 0.58623 0.80692 0.52195 1.22438 1.91568 0.77687 1.19486 1.16901
0.58374 1.14413 0.55960 1.33885 0.56927 1.33692 0.60355 1.28579 0.99530 1.80400 1.26022 0.95044 0.50490 0.64404 0.78698 1.19386 1.33217 1.28702 0.57742 1.04883 0.73692 0.54272 0.67301 0.72576 1.14869 1.43807 1.72743 0.63239 0.58860 0.85876 1.30669 0.55794 1.05284 0.91993 0.96595 1.84704 1.53380 1.22767 1.88123 0.64677 0.96454 0.61747 0.61723 0.85461 1.34885 0.71642 1.00060 1.13608
0.67487 1.84556 1.45234 0.97074 0.78322 0.52296 1.92197 0.70723 1.28245 0.66708 1.02648 1.67807 1.71564 1.86920 1.74242 0.76820 0.81245 1.07456 0.99305 1.89145 1.89444 1.35786 0.70897 0.90954 0.51767 1.32388 0.78013 1.37772 1.59097 1.54847 1.46689 1.31048 1.36760 1.40163 1.40229 1.07557 1.45159 0.82603 0.67206 1.24607 0.98812 1.72426 0.66660 0.74295 0.70128 1.50627 0.97533 1.33632 1.86195
1.88107 0.72116 0.54679 1.32644 1.90719 1.65597 1.18268 0.68015 1.23190 1.78991 1.75800 0.62726 0.59161 0.83064 0.64253 1.83289 1.18035 1.48007 0.62636 0.81696 0.64376 0.83607 0.93372 1.92595 0.73339 0.77685 1.11960 0.60801 1.74562 0.91307 0.61695 0.97717 1.16893 1.50802 0.92208 0.81840 1.09786 0.93647 1.98631 1.43117 1.68214 1.20591 1.20363 1.72921 1.27841 1.85039 0.90651 0.90559 0.50922 0.73546
1.19387 0.58270 1.48332 1.21293 1.68944 0.73321 1.88504 0.62637 0.80727 1.11984 1.13453 0.84788 0.62816 1.34031 0.95317 0.51284 0.70774 0.56554 0.97833 1.61684 1.30621 1.83413 1.12250 1.13614 0.92195 0.54206 0.87161 1.05588 1.27987 1.53878 1.61951 1.80749 0.58992 1.01180 1.54908 0.83501 1.48385 1.04111 1.87229 0.63401 1.84246 1.62465 0.57468 1.62343 0.94195 0.50435 1.82532 1.34220 1.98758 1.45156 0.53873
0.65289 1.27607 1.94618 1.16062 1.42046 0.80553 1.83256 0.97589 0.65484 1.28281 1.42358 0.90471 1.76399 1.70994 1.06027 1.23116 0.65821 1.24728 1.12909 1.04048 1.62970 1.10235 0.75750 1.35880 1.54841 1.89353 0.68357 0.81716 1.69806 1.53050 0.59855 1.68287 1.70820 1.34376 1.92146 1.82013 1.49089 1.68164 1.74265 1.73225 1.03244 1.67585 1.80140 1.83611 1.23603 1.43434 1.73334 1.84188 0.79856 0.70891 1.83840 1.38224
1.47207 0.69374 0.67147 1.02888 1.56125 1.60851 1.08556 1.45247 1.15057 0.74924 1.34695 1.20244 0.62723 0.54837 1.99650 0.91922 1.05953 0.87294 1.14988 1.58491 1.60618 0.97207 0.93807 1.96901 0.61353 1.01244 0.97662 1.71419 0.64871 1.71548 1.22832 0.59093 0.56279 0.98423 1.55268 0.80340 0.59819 1.16727 1.80336 1.35974 0.56632 1.05647 0.51330 0.91072 1.02954 1.42943 1.86154 1.62680 1.35515 1.38142 0.67507 1.37549 0.72737
1.38882 0.61022 1.23577 1.54309 1.47060 1.15934 0.71369 0.65047 1.17908 1.82161 1.48948 0.55948 1.71350 1.95599 1.98275 0.62890 1.54841 1.50301 1.42024 1.66218 0.95596 1.82292 1.86408 0.62500 1.00347 1.02242 1.17628 1.84877 1.79156 1.96721 1.18892 1.43588 1.58248 1.97929 0.57598 1.85465 1.62940 1.99724 0.94503 1.64591 0.83888 1.22778 1.55215 0.79121 1.55460 1.66374 0.53451 1.59187 1.71486 1.77607 1.61186 1.78365 1.98812 0.95520
1.35462 1.85903 1.19318 1.35452 0.67386 0.68374 0.94549 1.39622 0.52308 0.70581 1.70416 1.08610 1.54759 1.31294 1.93732 1.58272 1.14816 0.73087 1.68428 0.55325 1.60595 1.00668 1.01267 1.08022 0.81013 1.03723 0.81451 0.75237 1.56388 1.47206 1.97057 1.05320 1.34318 1.97939 1.23509 1.45304 0.67428 1.57477 1.28564 1.62560 0.90325 0.89365 0.79139 0.63429 0.53235 0.88974 0.79917 1.10130 1.33531 1.14109 1.60236 0.82919 1.39723 0.85927 1.63528
1.81112 1.51780 1.14830 1.80931 1.49711 1.55296 1.20692 1.49506 0.95207 1.56894 0.71866 0.60269 1.09326 1.69433 1.02586 0.88657 1.58914 1.86387 1.14097 0.90113 1.55502 1.36591 1.47477 1.31650 0.81659 0.58857 1.67148 0.85769 1.18241 1.29172 0.90040 0.80051 1.15066 1.21053 1.11956 1.46272 1.95966 1.94433 1.92396 0.88869 0.99622 1.41189 1.26432 1.01917 0.94887 0.64044 1.50960 1.05305 1.18322 1.84422 0.83949 1.12919 1.90118 1.47306 0.68972 0.68607
1.91532 0.80213 1.01290 1.29630 1.47778 1.07045 0.96456 0.72386 1.11272 0.78104 0.97127 1.85540 0.90740 1.73152 1.97648 0.66239 1.32758 0.70124 1.18957 0.86694 1.67193 0.93509 1.04890 0.55310 1.21693 0.73619 1.57550 1.63374 1.56260 1.71547 0.74249 1.59620 1.89167 1.38667 1.21399 0.74618 1.38796 1.95243 1.85940 1.71847 1.45680 1.10676 1.15724 1.63841 1.18539 1.00327 0.85755 0.78385 1.81263 0.84686 1.36544 0.84545 0.73796 0.62052 1.14157 1.29306 1.69897
1.33002 1.84586 1.92182 1.74621 1.87455 1.80035 1.56061 0.92845 0.67517 1.09667 0.53172 1.24734 0.78104 1.77536 1.51447 1.45335 1.41512 1.06492 1.26964 0.61403 1.72533 0.54789 1.66759 0.99741 1.90818 1.78789 1.39329 1.20833 1.16114 1.12846 1.50110 0.63574 1.12013 1.63998 1.43157 1.86673 1.00546 1.94084 0.50465 1.64684 1.48001 1.11611 1.87165 1.44963 1.69261 0.62000 1.76575 1.78382 1.93039 1.20489 0.60631 1.63201 1.08051 1.88671 1.57479 1.44433 0.61125 1.95805
1.25231 0.74394 1.45128 1.36113 1.90535 1.50881 0.78783 1.93528 0.89882 0.82982 1.90427 1.45684 1.60544 1.27364 1.87222 0.76578 1.59755 1.56334 0.62390 1.22236 0.67054 1.87357 1.29770 1.21575 0.96069 1.17527 0.82627 0.69704 0.54866 1.63081 1.33216 0.68521 1.74640 1.78212 1.24238 1.24811 0.96740 1.06050 0.67008 0.65371 1.13592 0.78454 1.79610 1.66723 1.91614 0.70372 0.93930 0.93119 1.19789 0.54153 1.19352 1.96061 1.15508 1.23391 1.29714 0.70421 1.76883 1.50920 1.45776
1.11079 1.25829 0.66700 1.55663 1.92644 1.22917 1.51250 1.01954 0.55629 0.98276 0.55947 0.69560 1.45411 1.10125 1.44750 1.64671 1.08377 1.01669 1.02084 1.68560 0.96774 1.12685 1.17391 1.25767 1.12316 1.21886 0.79901 1.57074 0.50638 0.71800 0.98131 1.82388 1.00840 1.48132 0.87862 0.68696 1.05511 0.79853 1.60706 1.60679 1.28537 1.14669 1.88688 1.59310 0.51703 1.63119 1.03840 1.21085 1.10498 1.49872 0.56769 0.78084 1.82459 1.12469 1.37734 1.81959 0.58321 1.72025 1.53361 1.26923
1.87929 1.63319 1.43369 1.47934 1.02194 1.27240 1.80690 1.19291 1.46966 1.75857 0.91449 1.03009 0.50993 1.98508 0.68979 0.71429 1.80801 0.68630 1.82057 1.33212 0.71885 1.39611 1.33720 1.47323 0.54843 1.66890 0.89147 0.59121 0.54910 1.51332 0.66078 1.58243 1.14069 1.22685 0.64896 1.79568 1.83914 1.68939 0.67702 0.64704 0.97888 0.84877 0.63230 1.23163 0.83348 0.54729 0.58278 1.27375 1.13802 0.51057 1.13336 1.55269 0.68350 0.72680 0.57337 1.47093 1.67367 1.99402 1.99733 0.77459 0.70409
1.17668 1.70456 0.58030 1.84240 1.76662 1.57914 0.93756 1.83249 0.94928 0.94440 1.81995 0.93706 0.72174 1.01627 1.83045 1.63071 0.97917 1.18219 1.84940 1.64061 1.66331 0.97638 0.75234 1.40554 1.98548 0.73802 1.74276 1.65733 1.95192 0.92089 0.89187 1.94393 1.42024 1.42412 1.39238 1.79955 1.01553 1.45892 0.50055 1.73929 1.10486 1.83675 1.40443 1.12068 1.72350 1.08388 1.32970 0.86069 1.98018 0.88152 1.85816 0.86172 1.78718 0.89574 1.97691 1.68206 1.82584 0.56901 1.01302 1.13452 1.41944 0.56020
1.22037 1.24565 0.70957 1.66338 1.66880 1.44565 1.13881 1.10684 0.51797 0.75630 0.70352 0.59928 0.92669 0.58267 0.93331 1.16919 1.60276 1.53747 0.96311 1.73488 1.31629 1.44056 0.60612 1.45093 1.43674 0.58464 0.79917 1.79847 0.67508 1.32822 0.64222 1.59361 1.26525 1.99077 1.30151 1.34588 1.20233 1.44914 0.57994 1.84712 1.98311 1.38740 0.98487 1.23661 1.03781 1.79818 0.65818 0.87857 1.31731 1.46134 1.59900 1.52919 1.60778 0.92502 0.52955 0.94385 1.81081 0.97321 1.47020 1.62944 1.96017 1.48347 1.38070
0.80196 1.73663 1.02758 1.57662 1.75955 1.30510 0.73111 1.28741 0.75246 1.52761 1.17357 0.81961 1.63513 1.85353 0.67309 1.82821 1.43180 1.70683 0.60524 1.97186 1.10995 1.35695 1.88669 0.89219 0.92409 1.91805 0.84275 1.75450 0.95029 1.46257 1.18355 1.19396 1.67433 1.99215 1.05712 0.86430 1.69343 1.23487 1.20366 1.92244 0.53944 1.50923 0.80745 1.71104 0.90419 0.50548 1.83922 1.49744 1.36352 0.99354 0.98152 1.63410 0.55513 1.95160 1.91620 1.30231 1.06687 1.84273 1.60171 0.82732 1.29907 1.31848 1.78933 0.88590
1.57028 1.76069 0.50500 0.76661 1.28564 1.73997 1.57202 0.65474 1.05701 1.53463 1.49561 1.36734 1.83643 1.45966 1.11186 1.36397 1.55096 1.15864 1.28912 0.53049 0.52001 1.47488 0.96720 1.92353 1.91415 0.93968 0.91428 0.53903 0.89726 0.55143 1.54239 1.33881 0.67151 1.58775 1.06021 0.86935 0.97856 1.85826 0.80760 1.34567 0.50416 1.17741 1.50179 1.47785 1.26940 1.88078 1.67589 1.50239 1.13452 1.25666 0.60460 1.95160 0.96886 1.55590 1.53335 0.65845 1.55886 1.81670 1.77911 0.85150 1.72557 1.39196 1.54027 1.41709 1.05458
1.68745 1.75837 1.08851 1.85723 0.93574 1.05357 0.80127 1.00219 1.86321 1.38132 0.59711 1.27415 1.03547 1.43743 1.14161 0.99910 0.55608 1.59045 1.33461 1.20565 1.60634 0.71273 0.59913 1.93249 0.52535 1.47878 1.16734 0.67193 1.65921 1.05285 0.78145 1.73356 1.23860 1.98924 1.91577 0.51163 1.74532 1.01824 1.54935 1.20281 0.52028 0.72688 0.68132 1.14705 1.42408 0.76485 0.75119 1.18657 1.18277 1.35835 0.58981 1.99203 1.92063 0.57380 1.91776 0.64821 0.96689 0.83562 0.68746 1.99619 1.85431 0.78711 1.78828 1.25205 1.43407 0.87288
1.36891 0.80944 1.46692 0.58415 0.62042 1.59553 1.75427 1.04001 0.73812 1.45691 0.63768 1.24380 1.91776 0.95995 1.00886 1.38530 1.52734 1.52838 1.93547 1.41452 0.77481 1.82755 1.95578 0.64016 1.66286 0.82050 1.95341 1.80417 1.24544 1.27418 0.69985 1.50995 1.83866 1.64378 1.53139 0.88297 0.79548 1.48890 1.66176 0.91960 0.50129 1.30227 1.80059 1.13576 1.35879 1.05614 1.35575 1.62201 1.73061 1.46735 1.24922 1.40377 1.67871 0.90886 0.58692 1.15505 1.10658 1.05675 1.80280 0.99902 1.26016 1.34623 0.88155 1.53666 1.00826 0.76546 0.51882
0.81506 1.33310 1.93937 0.51782 1.81031 1.87503 1.06769 1.07603 0.96985 1.20730 1.71757 1.81712 1.32345 1.84548 0.95222 1.36402 0.82169 1.85332 1.57351 1.50943 1.19563 1.21933 1.93760 0.87922 1.24364 1.23914 0.97629 1.80708 1.52077 0.89567 0.71380 1.61281 1.31624 0.95626 1.36055 0.76574 1.62909 1.54890 0.50907 1.13058 1.60243 0.76360 1.40722 0.86496 1.78135 1.88896 0.57873 1.36410 1.60897 0.90004 0.61931 1.07559 0.53164 1.39207 0.59433 1.71495 0.80620 1.20850 1.13540 1.02060 1.30841 0.87799 1.31875 1.75083 1.25267 1.51891 1.44307 1.98166
1.70621 1.81731 1.17385 1.98644 0.57841 1.79362 0.56258 1.45664 1.09783 0.72927 1.48851 1.80584 0.55798 1.95923 0.92258 1.19068 0.90544 1.03198 1.13076 1.16205 0.51255 1.62597 0.72183 0.76741 0.93608 1.79375 0.54385 1.06356 1.83035 1.75734 0.77310 1.85460 0.71158 1.51054 1.58639 1.37386 1.19228 1.78479 1.95502 1.25855 0.65275 0.84798 1.49463 0.74553 1.36436 1.15784 0.84440 1.37363 0.87098 1.50416 1.69661 1.73483 0.62569 1.75513 0.80799 0.66772 1.16535 1.86658 1.32591 1.74451 1.83506 1.69078 1.92904 1.19545 0.98191 1.63211 1.89260 1.22598 0.64513
1.19020 1.05349 0.66662 1.42216 1.81537 1.14107 1.35967 0.93379 1.93899 0.54741 1.39711 1.12837 0.63815 0.87243 1.53831 1.65187 1.63639 0.97594 1.27599 0.63830 1.71127 1.15538 0.73607 1.19234 1.46913 1.57734 1.05539 1.70221 1.21685 1.12288 1.91678 1.62664 1.21443 1.18787 1.21893 1.46727 0.87998 1.12920 1.19084 1.03972 0.89601 1.19240 1.57112 0.73808 1.56098 1.65569 1.00804 1.51521 1.81116 1.26875 0.90448 1.19272 0.68886 1.90104 1.10814 1.95066 1.75329 1.50778 1.72760 1.75906 1.67555 0.80882 0.56603 1.29454 1.62687 1.35730 1.86699 1.85529 1.42369 1.10038
0.87010 1.14174 1.17301 1.24388 1.30063 0.81918 0.60797 1.07584 0.64515 0.61328 1.41285 1.74774 1.46000 0.99628 1.95202 1.14091 0.55748 1.36205 1.83253 1.59623 0.80046 1.43061 0.93135 1.44895 1.81113 1.46037 1.83588 1.53052 0.83021 1.59309 1.57571 1.91229 1.15927 0.62693 1.37265 1.55360 0.54770 1.05602 1.08729 1.97646 0.52827 1.14711 1.08269 1.79842 1.97321 1.75459 0.77477 1.91694 0.82933 1.61084 1.20216 1.45889 1.38317 0.77906 0.50227 1.37616 0.60530 1.90681 0.62235 1.61879 0.96141 0.88191 0.82850 1.20411 1.83644 0.79995 1.22722 1.46669 1.36764 0.96019 1.58163
1.30661 0.90334 0.73499 1.43579 1.63176 1.90900 1.30252 1.93713 1.06317 0.92353 0.53179 0.74511 0.78432 1.10187 0.78149 0.71879 1.78657 0.58304 0.71382 1.71715 1.28607 1.01607 1.99482 1.22982 1.15019 1.26439 0.75374 1.75503 1.36237 1.75708 1.29251 1.06569 1.92261 1.85411 1.76386 0.99445 1.79383 0.50112 1.09406 1.06971 1.75528 0.94969 1.55580 1.21116 1.86569 1.09037 1.65211 0.55175 0.82252 1.91775 1.43144 1.32319 0.58785 1.97618 0.70353 1.69820 1.10589 1.00072 1.14167 0.74988 1.77279 1.72685 1.37312 1.28916 0.57478 1.58102 1.21938 0.95165 0.81255 0.85954 1.14741 0.66546
1.58916 1.95814 1.75704 1.33914 0.74431 1.83218 0.89882 0.81077 1.53502 0.86545 1.40603 1.06912 0.94552 0.53955 0.99357 1.16818 1.69275 1.55847 1.76186 1.85134 1.24619 1.37892 1.71782 1.73440 1.52862 1.26713 1.08173 1.18233 1.57356 0.61317 1.96166 0.96046 1.07724 1.01354 1.78027 0.89946 0.97621 1.86688 1.89965 1.21077 0.94732 1.72937 1.81802 1.48522 0.65407 1.84715 0.67473 1.11929 1.60545 1.86795 0.73495 1.31448 0.89751 1.99489 1.29161 0.78437 1.57033 0.74884 0.52445 0.59500 1.41040 1.07708 1.89264 0.64896 1.47820 1.04399 0.75147 0.95593 0.72980 0.82396 1.82934 1.53650 1.91968
0.76947 1.14894 0.87665 1.90978 1.90957 1.66607 0.68648 1.74554 0.89003 1.87578 1.83725 0.81647 0.72056 1.04294 1.87654 1.13853 0.94739 1.99235 1.21074 1.76063 0.82905 1.15887 1.57126 1.05148 1.03340 1.96220 1.87902 1.64835 1.95071 0.98577 0.63701 1.79547 0.95265 0.61671 1.85939 1.96830 1.02794 0.69639 1.94040 1.16549 1.98220 1.89927 1.83677 1.34157 1.29168 0.70919 0.56984 0.56500 1.73404 0.53605 0.89517 0.83915 0.68852 0.63413 1.69153 1.67551 0.56426 0.55151 1.56530 1.35238 1.52241 0.69265 1.35625 1.74338 0.56797 0.59545 1.99265 0.80756 1.13077 1.94632 1.44377 1.93505 1.59912 0.51097
1.83266 0.55711 0.79855 1.51845 0.61713 0.83914 0.63305 0.68468 0.71750 1.97912 1.71326 1.80195 1.02835 1.07012 1.03468 1.26423 1.47707 1.67345 1.56194 0.87832 1.16892 1.81293 1.53450 1.06925 0.93943 1.00409 1.92039 1.48892 1.42722 1.36516 1.11137 1.06562 1.98277 1.45630 1.70464 0.89811 0.93369 1.08043 1.45702 0.93085 1.13316 1.07384 1.60623 1.40645 1.17955 1.21688 1.88639 0.77577 1.89037 1.47808 0.77599 1.98588 1.02536 1.86174 1.99365 1.98094 0.70463 1.08195 1.43541 0.60427 1.74438 1.49898 1.22080 0.51115 1.67173 1.33313 0.75744 1.88783 1.94261 0.70523 1.48254 1.18886 0.53587 1.26174 1.01575

Best known: 1365.42
