76 76 1679
0 0.0 0.0
1066 -2.0 -5.0
841 3.0 -1.0
74 -2.0 7.0
687 3.0 0.0
175 7.0 -3.0
183 -5.0 -1.0
124 -3.0 0.0
4 0.0 -3.0
81 4.0 1.0
56 4.0 -5.0
29 -2.0 -4.0
23 5.0 -5.0
4 -4.0 1.0
9 -2.0 3.0
7 7.0 2.0
181 -13.0 80.0
54 -6.0 88.0
884 -16.0 83.0
822 -14.0 77.0
637 -26.0 88.0
59 -24.0 79.0
140 -25.0 78.0
531 -11.0 80.0
58 -5.0 88.0
15 -21.0 90.0
11 -5.0 82.0
185 -20.0 80.0
159 -6.0 91.0
285 -25.0 89.0
4 -25.0 74.0
10 -8.0 88.0
3 -21.0 74.0
4 -23.0 74.0
11 -5.0 87.0
45 -8.0 91.0
4 -3.0 -8.0
225 -30.0 15.0
286 -14.0 24.0
262 -12.0 11.0
4 -1.0 7.0
391 2.0 14.0
54 -26.0 15.0
518 -36.0 2.0
815 -29.0 7.0
25 -1.0 28.0
29 -7.0 17.0
18 -10.0 31.0
588 -20.0 -2.0
68 -33.0 20.0
480 -26.0 0.0
5 -13.0 9.0
16 -8.0 12.0
34 -35.0 -8.0
5 -33.0 23.0
9 10.0 -70.0
22 8.0 -95.0
120 -12.0 -101.0
152 6.0 -113.0
21 -17.0 -76.0
44 -23.0 -102.0
676 11.0 -104.0
17 -19.0 -96.0
764 -13.0 -79.0
13 -53.0 -32.0
6 -78.0 -2.0
718 -87.0 -61.0
52 -60.0 -32.0
11 -6.0 -12.0
93 10.0 -16.0
398 -7.0 -11.0
48 0.0 3.0
37 10.0 2.0
3 -1.0 -15.0
8 1.0 -3.0
406 15.0 -2.0

1.67074
0.94772 1.59340
1.20850 0.75344 1.72285
1.33732 1.81481 1.40177 0.87509
0.63617 1.44388 1.33996 1.29988 1.61123
0.51421 0.75383 1.94922 1.26924 0.78802 1.39935
0.90096 0.60757 1.22232 0.70451 1.93472 0.68278 1.76198
0.68484 1.62973 1.29346 1.47360 0.86845 1.08955 0.58219 0.57728
1.02270 1.40455 1.89607 0.79821 1.44089 0.97978 1.60011 1.13788 1.99376
0.86923 0.91785 0.75823 0.97706 0.79320 0.78872 0.63281 1.45269 1.56861 1.86841
1.25870 1.57530 0.77365 1.40664 0.95010 0.69244 1.29976 1.63120 1.37004 0.98486 0.87780
1.49642 0.59622 1.81232 0.59476 1.05555 0.58024 0.64303 1.76953 1.57964 1.85102 1.23141 0.71610
1.54199 1.46541 1.94570 1.87581 1.60267 0.89282 1.29278 1.47069 0.94207 1.09543 1.12663 1.31410 1.35102
1.84263 1.29396 1.95811 1.63563 0.53143 0.86213 1.98380 0.85669 1.19936 1.30071 1.91729 1.47784 1.20037 1.72603
0.56632 1.91422 1.61775 1.24240 1.59993 1.09676 1.77535 0.86577 1.85501 1.40426 1.77395 1.79614 1.32318 1.84320 0.81144
1.36670 1.45973 1.37936 0.96512 1.85317 1.23136 1.03550 0.81063 1.21543 1.61991 1.19126 1.78873 0.77882 0.71523 0.56875 1.27443
0.62907 0.64466 1.38165 1.32412 0.90523 1.88474 0.65379 0.52675 0.94470 1.93968 1.89710 1.33738 1.59976 0.81552 1.63558 1.44991 0.86842
1.19823 1.72478 0.89531 1.04470 1.01735 1.98406 1.58591 1.03951 0.52907 0.92584 1.31632 1.49074 1.86224 1.69123 0.80967 1.20783 0.88219 1.56667
1.00981 1.29893 1.57147 1.09358 1.54759 1.47225 1.83632 1.30847 0.64852 1.78703 1.01935 1.35088 1.46853 1.58371 0.56857 0.80697 0.51664 1.55036 1.17661
1.42536 0.78763 0.67378 1.51412 0.79311 0.65548 1.40762 1.52545 1.64493 0.71948 1.83788 0.52539 0.99956 0.90684 0.62837 0.64169 1.62962 1.40166 1.20569 1.82314
0.56042 1.90407 0.62958 0.66080 1.79285 1.97426 0.77268 1.35872 0.93495 1.61082 1.11776 0.64685 1.58879 1.83960 1.69370 0.53266 0.98705 1.41882 1.46755 1.12610 1.06202
1.82040 0.79373 1.22871 1.89491 0.51809 1.53098 1.92029 1.08356 1.79534 0.82570 1.95020 0.79111 1.67337 1.15233 0.99818 1.51466 0.74993 0.97660 1.75912 1.34205 1.44334 0.93288
1.81017 0.58310 0.56713 1.91944 1.80190 1.67790 1.70925 1.85495 0.53184 1.82806 0.81457 1.73617 1.25845 1.77127 1.94596 1.47442 1.06173 1.72861 1.10851 0.55475 0.77071 1.52954 0.65342
1.04881 1.94561 1.65881 1.98568 1.66991 1.68437 1.02242 1.89220 1.67281 1.33245 0.70496 1.14618 1.65514 0.50164 1.68773 1.21023 1.28661 1.49365 1.49678 0.70815 1.54984 0.77908 1.08863 1.41837
1.44664 1.71599 1.98498 1.52496 1.70354 1.32593 1.19733 1.65389 1.97963 1.92238 1.49227 1.40724 0.87705 1.38905 1.43454 1.80724 0.64871 1.26539 1.40253 1.15587 1.82863 0.79797 0.50917 1.67956 1.09281
0.99757 1.32867 1.52622 1.50047 1.45459 1.08413 1.18315 1.17754 1.36300 0.93613 1.35321 1.37914 1.13702 1.46749 0.62429 0.67019 1.47205 1.01833 0.80757 1.68281 1.18998 1.33005 1.65324 1.52876 1.87515 1.52680
0.57696 1.39826 0.97526 1.83441 1.16351 0.94435 0.96175 1.32752 1.43405 0.71136 1.00438 0.56966 0.85349 1.09070 1.08127 0.93367 0.89804 0.55547 1.25147 1.17682 1.28991 0.94603 1.09750 0.89242 1.76639 0.71403 1.99443
1.14478 0.65887 0.66656 0.80888 0.73098 1.38339 0.75893 0.79026 1.64111 1.46672 0.87366 1.23350 0.57894 0.84033 0.62894 1.90243 1.82933 0.90521 1.69675 1.41401 1.99647 0.69564 0.69631 0.84647 0.78437 1.97796 0.54958 0.85570
1.31399 1.68325 0.95274 1.57435 1.39626 0.57853 0.59495 1.70538 1.38738 0.90537 0.52230 1.72169 1.72706 1.78842 0.67698 1.46662 1.68466 0.51787 1.49996 1.12378 0.66681 1.15290 1.01490 0.67481 1.18568 1.77356 0.98072 1.17334 1.35881
1.02714 0.56987 0.57488 0.85143 1.39428 1.26245 0.65407 1.25300 1.80731 1.72914 0.62227 1.58247 1.33612 0.90461 1.42779 1.79760 1.14580 0.75910 0.59295 1.16846 0.86254 1.12651 1.72987 1.22284 0.79492 1.61574 1.89707 1.69652 1.85514 0.80195
1.43921 0.96014 0.54437 0.61264 1.27731 1.72311 0.59975 0.83327 1.12050 1.16890 1.72810 1.78978 1.01408 1.68580 0.93153 1.85035 1.02648 1.16367 1.83687 1.93416 1.01074 0.82049 1.25917 1.26864 1.94384 1.36431 1.79381 0.72479 0.99291 1.85851 1.92500
1.95798 1.92964 1.90946 0.61418 0.79652 0.84559 0.65267 1.27041 0.50503 1.75649 1.95142 1.31415 0.89020 1.46171 0.67060 0.72311 1.55032 1.13580 1.34180 1.43575 1.51412 0.76972 1.40875 1.35792 0.89469 1.19602 1.48811 1.91726 1.97454 0.64313 1.04638 0.61430
0.66263 0.57935 0.84026 1.06290 1.36572 1.67517 1.34754 0.87078 1.15098 0.61501 1.76336 0.68855 0.75588 1.63601 1.02445 0.82079 1.21574 0.78860 1.77666 0.55649 1.10235 0.79717 0.90602 1.50528 1.34565 0.84365 1.29562 0.77886 0.58098 1.47825 1.00773 1.72125 0.51408
1.73217 1.99150 0.58776 1.15622 1.55307 1.66442 1.99436 0.82875 1.74838 1.26049 0.63730 1.03915 1.34169 0.74379 0.98450 0.79438 0.95261 1.02917 0.99494 1.32098 0.94274 1.85884 0.74184 0.77275 1.27942 1.83533 1.98698 1.90057 1.17323 0.73493 1.66849 1.25137 0.77312 0.59829
1.09381 1.14520 1.68512 1.33434 1.60983 1.50419 0.67275 1.47842 0.88895 0.53029 1.15130 0.68443 1.37956 1.72801 1.89988 1.89352 1.61593 1.57229 0.85870 0.55754 1.67737 1.64804 1.61394 1.55272 1.53917 1.72622 1.88599 0.99782 1.66915 1.56821 0.97423 0.85845 1.38076 1.66660 1.35406
0.70787 1.68413 1.15249 0.80234 0.61485 0.95080 0.82426 0.70939 0.70476 1.26100 1.99203 1.38599 1.02975 1.34301 0.78593 1.82595 1.04829 1.93756 0.85343 0.58500 1.11011 1.51830 0.78873 1.48172 1.10155 1.90909 1.17423 1.19739 0.97121 1.99778 0.92667 0.52723 1.79872 1.11954 0.98236 0.99721
1.49685 1.63498 1.23584 1.88763 1.73395 1.91012 1.06166 0.86728 1.49670 1.16326 0.64453 0.75592 1.50537 0.62303 1.83653 1.93188 0.87185 1.52955 1.59902 1.05807 0.64947 0.95423 1.90130 1.96723 1.85363 1.37251 1.13406 1.07187 0.81199 0.59501 1.69206 1.41227 1.14552 0.92757 1.96554 1.45718 0.85954
1.59678 1.59346 1.33201 1.59433 1.87111 1.79370 0.75821 1.43388 1.86316 0.88612 0.87228 0.82555 1.06338 1.80331 1.36880 1.37654 0.53387 0.81422 1.59832 1.34618 0.63994 0.77099 1.55904 1.41738 0.57352 0.76482 1.75252 1.20265 1.40872 1.94464 1.85228 0.74580 0.90739 1.22099 1.03086 1.15985 1.73059 1.59898
1.64658 1.71313 1.13837 1.42628 1.39853 0.50297 1.13413 1.77380 1.17232 1.05892 1.55848 0.64204 1.35231 1.62582 1.32290 0.87129 0.60551 0.83870 0.69516 1.95563 1.47146 0.50923 1.24681 0.97154 1.78699 0.67329 0.91799 1.86820 1.15537 0.69385 0.88178 1.40533 1.85201 1.95523 1.60096 1.31196 1.72902 1.96248 1.38162
0.73409 1.76868 1.22441 1.53147 0.50581 1.05944 0.87947 1.54072 1.74438 1.92583 1.89017 1.35751 1.11244 0.63730 0.77770 0.89483 1.55390 0.72613 1.38393 0.87325 0.98520 1.21969 1.41856 0.75809 1.67754 1.18541 1.24989 0.74206 0.62667 0.96381 1.14828 0.54958 1.38302 1.27083 1.35568 1.35663 1.18817 1.47377 1.44778 1.19622
0.97012 1.47007 0.96128 0.72749 1.05544 1.27904 1.88243 0.51098 1.79332 0.76308 1.38040 0.63660 0.87648 0.93279 1.90632 1.99593 0.69378 0.66259 1.24562 0.97227 1.09492 0.85267 1.56683 1.09527 1.08993 0.73140 0.75776 1.93585 1.67636 1.44088 1.09568 1.80390 1.11700 1.79646 0.82678 0.78210 0.85889 1.54829 1.03897 0.59426 1.37827
1.99399 1.29171 0.53612 1.68725 1.01229 0.94662 1.00997 1.76029 1.18267 1.67441 0.95311 0.68510 0.56560 1.40053 1.56422 1.73546 1.21817 1.22024 1.77027 1.13400 1.76134 1.31320 1.21553 0.54199 1.79602 1.59058 1.97724 0.60276 1.71939 0.58728 1.90632 0.56549 0.93886 1.89197 1.26273 1.21926 0.53451 0.61527 0.98869 1.48771 0.70298 0.67264
0.95002 0.82204 1.51492 0.63351 0.59430 1.34039 1.59662 0.70284 1.87953 1.97709 1.49048 0.87805 0.94201 0.55466 1.22809 0.54015 1.44016 1.37538 0.76439 1.68677 1.32398 1.97264 0.95097 0.89693 1.76225 1.09085 0.55716 1.83447 1.49551 1.86752 0.90141 1.51453 1.75667 1.61675 1.41882 0.99989 0.53249 1.76328 1.89146 0.65018 1.93871 1.50798 1.83280
0.85578 0.96377 1.62516 1.31074 0.79583 1.92932 1.64504 1.48751 0.73295 1.35467 0.96768 1.74439 1.75185 0.88341 1.55821 1.94059 1.59255 1.01465 0.76821 0.98599 1.50962 0.66798 1.39032 1.03115 0.89643 0.62297 0.73347 1.58860 1.52173 1.46882 1.70657 1.04093 0.95134 0.91259 1.80329 0.64784 1.25765 0.57214 1.72390 1.60772 0.74489 0.66683 0.75941 0.60227
1.85513 1.22665 1.03498 1.59577 1.36347 1.55742 0.82917 1.28993 1.24626 1.38725 1.99472 1.65786 1.20904 0.70582 1.03407 1.92296 1.59966 1.67407 0.68293 1.37303 1.45785 0.81956 1.91550 1.04915 1.06849 0.97206 1.79926 1.73569 0.55792 0.54699 1.93217 1.90790 1.71520 1.61316 1.21698 0.80625 0.54072 1.28457 0.74103 1.46580 1.07567 1.01755 1.32877 1.17607 1.41634
0.76233 1.38758 1.38763 1.17712 1.16053 1.29426 0.87106 1.81894 1.75754 0.94015 1.84136 0.95777 1.27813 1.91565 0.78674 1.96850 0.67675 0.66486 0.62411 1.92866 1.10596 1.22400 0.96483 1.42081 0.91172 1.80058 0.78615 1.17305 1.21578 1.93142 0.89095 0.72850 1.40135 0.97839 0.52644 1.05158 1.15929 1.85192 1.09267 0.78487 0.67631 1.36124 1.28641 1.56429 1.46902 0.57207
1.69464 1.47041 1.83230 1.64392 1.65436 0.87131 0.51443 0.81038 1.86768 1.44044 1.60569 1.78813 1.70473 0.74802 0.64342 1.46147 1.83173 1.29209 1.15012 1.65295 1.44344 1.88061 0.89342 1.37901 1.32814 0.92259 1.93308 1.47506 1.65021 0.55343 1.67616 0.57099 1.67806 1.51510 1.23641 1.97385 1.83906 1.15350 1.13552 1.42105 0.54022 1.35113 1.03904 0.73520 0.96770 1.78656 0.81725
1.87367 1.45183 1.95477 1.29223 0.67012 1.01995 1.99851 1.69164 0.89194 1.90746 0.59693 1.57124 1.34544 0.91609 1.00093 0.67427 1.70599 1.45757 1.33258 1.34660 1.36379 1.15489 1.20618 0.79598 0.80650 0.69492 1.28718 1.32769 1.84608 1.77985 0.66839 1.41319 0.95689 1.24293 1.40082 0.89178 1.47186 1.97753 1.14119 1.72185 1.52572 0.78082 1.09480 0.57617 1.55625 1.76452 1.54537 1.19680
1.44535 1.14316 1.84276 1.74147 1.61090 1.99778 1.46528 1.78739 1.34060 1.13795 1.32897 1.72546 1.22197 1.20195 1.44359 0.59981 1.70439 1.38819 1.66281 1.46156 1.41795 0.76450 1.25999 0.97246 1.25128 1.69154 0.99576 1.92276 1.20382 0.69557 0.52017 1.67123 0.66901 0.73210 1.34449 1.74657 1.89501 0.82378 1.89872 0.64968 0.94947 0.80919 0.99818 0.53236 0.86843 1.34330 1.89504 0.85787 1.41214
0.89545 1.04853 1.47853 1.23446 0.84459 0.75092 1.76785 1.14355 1.08965 0.79651 0.54147 0.50240 0.88579 1.69370 1.56128 1.80088 0.88818 1.62755 0.84037 1.57133 1.15832 0.77709 0.60221 1.62536 1.89868 1.22328 0.62844 0.60494 1.84188 1.16902 1.47646 1.69508 1.12725 1.65073 1.26074 1.62981 0.72077 0.79575 1.39423 1.20414 1.43783 1.31698 1.55981 1.13723 1.12799 0.62530 0.59249 1.23870 1.16536 0.73971
1.18337 0.57067 1.77460 1.66263 0.52639 1.18454 1.68299 1.76233 1.45609 1.47059 0.73662 1.51693 1.93794 1.16472 0.96899 1.77181 1.48407 1.36085 1.25347 1.85854 1.54618 1.15285 1.49872 1.86979 0.88363 1.78395 1.75557 1.08337 1.94521 0.84835 1.20833 1.72969 0.87754 1.82250 1.51596 1.80847 1.02407 1.51098 0.63456 0.86992 1.69370 1.99087 0.74184 0.70656 1.28981 1.05048 1.70440 1.47131 0.51057 1.86102 1.68671
1.08427 1.15411 1.00565 1.42230 0.50729 0.79250 0.71010 1.80921 1.84418 0.91335 1.68314 1.25633 0.78321 0.73917 1.43031 0.54179 1.76122 1.93272 1.96731 0.80822 1.64340 1.82121 0.72195 0.93629 0.97714 0.97097 1.34556 1.61949 1.23596 1.14050 1.94742 1.19314 1.10182 0.73921 0.86517 1.28507 1.44801 0.65839 0.75566 1.40863 1.77866 1.85308 1.89814 1.86525 1.33519 0.51998 1.59163 0.64107 1.46830 1.69673 1.27393 0.79724
0.69802 1.11233 1.95892 0.66464 0.84838 1.52521 1.09139 1.93628 1.70127 1.45390 0.95586 1.03827 1.46806 1.92168 0.67485 1.58538 1.74079 1.56239 0.58096 1.68885 0.55302 1.85992 1.14710 0.58817 1.28403 0.56127 0.84954 1.04871 1.83721 1.72543 1.18515 1.84950 1.01102 0.91167 1.37843 1.04814 1.75991 0.99436 1.94384 1.64755 1.50182 0.94597 1.91439 1.32328 1.85873 0.50936 0.63415 1.01398 1.90212 1.68964 1.74709 1.54391 1.39120
1.45961 1.70603 1.43133 1.61315 1.18004 1.25647 1.63014 1.89921 1.63010 0.57113 0.90842 0.86883 1.57312 0.83777 0.60419 1.82253 0.68945 0.61707 0.55597 1.79095 1.03254 1.14785 1.05190 0.61312 1.62333 1.58770 0.75423 0.99959 1.67590 0.59522 1.00260 0.72909 1.18387 1.15634 1.11621 0.97179 0.97997 1.32448 1.41114 0.52247 1.23774 1.09577 1.56943 1.29584 1.24072 0.75326 0.51157 1.91132 0.56672 0.91520 1.10388 1.19150 1.28324 0.63639
1.32086 1.92600 1.66515 1.73076 1.25794 0.73300 1.78114 1.65133 0.95576 1.17448 1.59517 0.79807 0.66590 0.79962 1.74887 1.78569 1.12385 1.09576 0.86978 1.61915 1.58235 1.34579 1.01391 1.52495 1.41546 1.53825 1.42423 0.87696 1.45429 0.97295 1.06581 1.61162 1.27306 1.56682 1.88315 0.98555 0.99353 1.80482 1.19678 1.99442 1.52266 1.58185 1.15031 0.67366 0.54406 1.12761 1.40522 1.56204 1.97572 0.59728 0.90735 1.71485 1.87168 1.89521 1.50592
0.55124 1.16770 0.69106 1.56441 1.39479 0.93847 1.81631 0.70422 1.64165 1.03972 1.49964 1.98363 1.40476 0.99148 0.99384 1.08802 0.56087 1.40660 1.51290 0.86955 0.88405 1.55263 1.16359 1.16710 1.55771 1.21055 1.66587 1.75918 1.80324 1.25469 1.25594 1.90698 1.91548 0.73331 0.93413 0.64325 1.48525 1.98695 1.80954 0.54357 0.75802 0.81348 1.63937 0.85845 0.57407 0.63267 1.54894 1.38151 0.66209 0.72965 1.94579 1.35684 1.58536 0.65272 1.17400 1.71438
1.65217 0.62836 1.43629 1.59898 1.50043 0.81947 1.72545 1.65202 1.47463 0.62045 0.77281 0.95829 1.90264 0.82900 1.83888 0.70935 1.83180 1.11946 1.42541 0.90705 0.89589 0.60178 1.90336 1.91782 1.35334 1.22765 0.87092 0.70769 1.40106 1.33182 1.41131 1.24035 1.60148 0.94054 1.56001 1.42378 1.14329 1.42716 1.75873 1.46581 1.28487 0.91328 0.82032 1.30852 1.60320 1.02435 1.25919 0.76754 1.95448 1.02775 1.70518 1.75433 0.60200 1.65799 1.86247 0.96604 1.14220
1.44416 0.61130 0.73518 0.92006 0.71317 1.77163 1.51040 0.96270 1.28412 1.27191 1.41707 0.90253 0.79077 0.82791 1.77238 1.45156 0.73492 0.83239 0.83030 1.56694 0.98362 1.82978 0.88505 0.51591 0.92187 0.59373 0.85253 1.37699 0.54129 0.73572 1.81045 1.58007 1.54711 1.41375 1.80533 0.54904 0.54624 1.95543 1.13403 1.12705 1.07644 1.39670 0.94239 1.69950 1.15639 1.23701 1.80649 1.59911 0.88750 1.08473 0.98081 0.99069 1.53110 1.75764 0.69601 1.98223 1.15918 1.29064
1.86683 1.93304 0.57308 1.58661 1.23219 1.26389 1.77091 1.08810 0.64339 1.89132 0.72761 1.06479 1.20389 1.27237 0.84882 1.00338 0.51170 1.81145 1.02629 1.75447 0.92374 1.55860 1.91855 1.55959 0.59812 1.57996 0.69812 1.44835 1.64635 1.63381 1.41331 0.55778 0.79691 1.08910 1.80084 1.33889 1.08191 1.49685 1.28899 1.90487 1.86664 0.58687 1.10387 0.56726 1.81321 1.79760 1.36537 1.46683 1.29254 1.27916 1.28069 1.88596 1.62497 1.37093 1.84571 1.36190 1.94686 1.12971 1.19692
1.27372 0.93857 1.19706 1.93037 0.82402 1.54544 1.05979 1.33917 1.40444 1.42569 1.11225 0.77020 0.71795 0.73818 0.85895 0.86157 1.29203 1.20710 1.66006 0.76231 0.50850 1.39075 0.61373 1.26926 0.85947 1.36902 1.25526 1.94569 1.07452 0.97044 0.85057 1.80669 1.19366 0.67139 1.27000 0.63742 0.56784 0.89324 0.99707 1.27708 0.60602 1.03658 1.99670 1.89920 0.66808 1.21131 1.24346 0.65545 0.83370 1.04481 0.80512 1.71556 0.54861 1.78294 1.94580 1.26083 1.68782 1.96056 1.51399 0.67047
1.25926 1.95311 0.71748 1.60976 1.62048 1.04251 1.67978 1.45697 1.74135 1.14367 1.45775 0.53367 1.85764 1.62720 0.99727 1.68942 1.92044 1.10290 1.51526 1.97607 1.07455 1.22276 1.89104 1.70452 0.88684 1.86973 0.92069 1.85024 1.14557 1.97977 1.20108 1.71810 0.51768 1.97453 1.64480 1.82086 1.89093 0.82549 1.66936 0.61295 0.64430 0.68299 1.97896 0.66974 0.50126 1.94222 1.40675 1.58442 1.14865 0.73644 0.97523 1.34664 1.48447 1.08268 1.00093 1.28695 0.62329 1.55534 1.95591 1.65419 0.98066
1.11369 0.89608 0.75595 0.94836 0.85622 1.36048 1.16982 1.35097 1.58570 1.41602 1.17085 0.61853 1.14866 1.22667 0.79332 1.15806 0.82969 1.45278 1.87336 1.90375 0.85822 1.56686 0.83142 0.62396 1.86514 0.80568 1.86957 0.78265 1.40437 1.00067 1.24555 1.34085 0.77317 1.43507 1.40495 1.59952 1.01805 0.80367 1.63682 0.74868 0.85269 1.46145 0.50441 0.77848 1.30497 1.17950 1.00518 1.34022 1.87812 0.57787 0.85751 0.72227 1.75940 1.36106 1.69966 0.59071 0.98822 1.43968 0.86329 1.05412 0.64316 1.09469
1.61080 1.45910 1.43043 1.30561 1.43848 1.72033 1.15652 1.43462 1.00865 1.79606 1.24396 1.71120 1.72964 1.20008 1.60304 1.71946 1.38051 1.99579 1.22246 0.60026 1.35079 1.16898 0.63973 1.96711 1.31050 1.97440 1.47845 1.52194 1.09911 0.83523 0.64077 1.72720 1.93175 0.76786 1.69742 0.67597 0.79268 1.24587 0.94926 1.56636 1.12728 0.55683 0.86711 1.55463 0.50504 0.80578 1.95713 0.90524 1.00896 0.63163 0.56702 0.68854 1.10122 1.32188 0.82900 0.79356 1.60534 0.82329 1.12842 0.93560 0.66922 1.80736 1.58121
0.95114 0.81167 1.91142 1.64147 0.92608 1.76695 1.29988 1.86162 1.62223 0.70019 1.52137 1.15748 1.97013 0.56523 0.86735 1.59088 0.93350 1.78078 1.68684 1.38316 1.41508 0.77348 1.46130 1.67535 1.97454 1.57446 0.65016 1.17538 1.83059 1.45846 1.69746 1.02523 1.65946 1.24694 1.92237 0.78216 1.37234 1.81260 1.92899 1.03615 0.98786 1.66557 1.60129 1.09223 1.67632 0.57185 1.82591 1.55428 1.85330 1.95725 1.53088 1.83100 1.99582 1.65375 1.47240 0.53944 0.80112 1.72913 0.94513 1.14646 1.46820 1.05132 1.16119 1.78880
1.36485 1.50607 0.74406 1.84491 1.86835 0.91989 0.61290 1.93687 0.93262 1.70450 1.84371 1.56958 1.57947 0.66338 0.88127 1.93995 0.72619 1.81517 0.85617 1.53521 1.17192 0.84777 0.82955 1.04580 1.21063 1.47019 1.93947 1.14679 0.90613 1.95734 1.91911 1.07988 1.95936 0.70283 1.98319 1.32522 1.60542 1.10255 1.04140 1.01277 0.69094 0.52065 1.80620 1.08858 1.18486 0.67860 1.98810 1.88873 1.11641 1.35464 0.71203 1.21614 0.71118 0.65470 1.46459 1.57847 1.20201 1.79765 1.98739 0.74583 1.70540 1.71740 1.08056 0.96339 0.52074
0.78178 1.52191 1.82677 1.48340 0.88035 1.82984 0.55783 1.84915 0.82160 1.27384 1.85083 1.85490 1.77496 1.29827 1.38003 1.00537 0.57217 1.94511 0.57501 1.65902 0.60800 1.64979 1.65773 1.89090 1.35762 1.78368 1.01649 0.67413 1.42086 0.63424 1.06387 1.25642 0.80637 1.67822 1.61339 1.32967 1.34304 1.54246 1.01293 1.81053 1.44187 1.90816 1.89280 1.43194 0.57218 1.21313 0.80042 1.30726 1.55159 1.27202 0.72884 0.62947 0.84822 0.99847 1.81915 1.62099 1.20643 0.64096 0.76709 0.55494 1.79523 1.43230 0.86627 1.99423 1.84467 1.77815
0.96522 1.26564 1.63280 1.05926 1.60278 0.93235 0.99880 1.79425 1.89775 1.68681 0.87113 1.69135 1.63672 0.62022 1.83162 1.96798 1.74054 1.16112 1.61824 1.95363 1.70572 0.86965 0.90597 1.59318 0.97704 1.95736 1.55350 1.04949 1.78952 1.68513 1.48880 1.74879 1.27740 1.99407 0.74497 0.54510 1.40283 1.17988 1.26160 1.22721 1.35116 1.73368 0.65043 1.11554 1.89727 0.78460 1.33270 1.43734 0.66172 1.02781 1.76067 1.65105 1.11199 0.58157 1.31198 0.95503 1.91008 0.81059 0.53481 1.60953 0.69084 1.97833 1.03865 0.89896 1.56255 1.72595 0.82018
0.60364 0.67045 1.94940 1.12827 0.62536 0.74371 1.59050 0.77238 1.64251 1.48452 0.85068 1.47605 1.76349 1.70918 0.80165 1.74547 1.20390 1.31942 0.85299 1.34397 1.34572 1.53498 1.06146 1.36141 0.59939 0.76524 1.94657 0.72733 0.75394 1.37600 0.81933 1.93518 0.96645 0.81635 1.06431 1.87184 1.98811 1.82541 0.90983 1.84544 0.83968 1.43825 1.68699 0.55758 1.52463 1.23825 1.55098 1.97547 0.71323 1.00402 1.72502 1.99830 0.60696 1.97483 0.50461 0.99302 1.01981 0.70094 0.88706 1.56012 1.57334 1.78240 1.15691 0.50952 1.50096 1.98153 1.47218 1.27300
1.15212 1.50591 0.60757 1.46798 0.88078 0.85150 1.72864 0.65588 0.63176 0.94113 1.36093 1.90587 1.77726 0.62871 1.11934 1.63033 1.19864 1.12824 1.87102 1.33191 1.98913 1.60458 1.85268 1.31034 0.99497 1.25053 0.82215 1.05706 1.50301 0.51304 1.04594 0.50364 0.60388 1.66832 1.02435 0.51340 1.98677 0.74689 1.65578 1.97968 1.72179 1.82633 1.93384 1.05880 1.96189 1.60841 0.93586 1.98564 0.94608 1.73935 1.18951 1.12563 1.74250 1.16871 0.63588 0.52442 0.81341 1.70016 1.38620 1.88003 1.91955 0.87451 0.66811 1.18205 0.72311 1.86256 1.45826 1.59074 0.87059
1.49262 1.28234 0.76456 1.68577 1.84976 1.72468 1.08656 0.60435 1.28245 1.89472 1.04094 0.70510 1.58384 1.71115 1.12409 1.72330 1.39033 1.11530 1.17775 0.86482 0.60928 0.87951 1.87413 0.83388 1.56399 1.42883 0.51662 0.79759 1.98794 1.39489 0.69896 1.05451 1.14886 1.77514 0.74308 1.28581 1.25877 0.61575 1.11027 1.56522 0.55102 0.92931 1.62380 0.54871 0.90155 1.14676 0.85707 1.62300 1.74124 1.74742 0.81154 1.63488 1.13971 0.52764 1.00439 1.38740 0.56388 1.39850 0.65010 1.27754 0.55307 1.86765 1.63758 0.96613 0.90823 1.12882 1.89574 0.89386 1.83818 0.88898
1.74094 1.50156 0.65714 0.62579 1.24486 1.22909 0.93734 1.18946 1.96657 1.44558 1.00504 0.89667 1.18003 1.51800 1.06512 1.03164 1.92759 0.85514 0.70934 0.99089 1.47732 0.80608 0.65236 1.08680 1.76357 1.83139 1.86399 0.91124 1.38321 0.61021 0.56370 0.57235 1.57764 1.53192 0.76380 1.64965 1.72732 0.96994 1.46480 0.81488 0.78255 1.73038 1.54955 0.89160 1.22494 1.87441 0.69329 0.75152 1.53083 0.66358 1.69070 1.67830 1.42184 1.48707 0.95565 1.70315 1.69050 1.72528 1.20975 1.61976 0.53679 1.82259 1.13046 1.54751 1.66142 0.94012 0.50982 1.76895 1.97071 1.57212 1.74539
0.67043 1.33823 0.89200 1.87331 1.54893 0.55619 1.27343 1.69511 1.56625 1.60541 0.90885 1.46511 0.97934 1.44884 0.85594 1.96803 1.05166 1.17005 0.92808 1.23430 1.08685 1.07570 1.47494 1.83019 0.69971 1.53397 1.81358 1.00345 0.78249 1.67119 1.67538 1.10810 1.36514 1.78901 0.70358 0.62472 1.24244 1.26044 1.42269 0.82655 0.93609 1.95789 1.01395 1.12247 0.96034 1.82075 0.94065 1.39691 1.57392 1.67822 0.59622 1.93281 1.66818 1.23175 1.65345 0.86222 1.02565 0.88210 1.22752 1.42575 0.63325 0.99073 1.40005 1.80999 0.56408 0.85001 1.29069 1.40729 1.13504 1.74962 0.91386 1.77943
0.74760 1.96927 0.84205 0.60198 1.55777 1.29678 1.92706 1.57935 0.91767 0.62055 1.49726 1.70964 0.99247 1.29150 1.99077 1.69811 1.69107 0.90019 1.46697 1.61569 0.73390 0.59237 1.86902 1.91005 1.55862 0.56606 1.07192 1.05957 0.56313 0.87750 1.74040 1.78554 0.58148 0.67197 1.84870 1.13450 1.04342 1.42554 1.03808 0.56152 0.87391 0.92236 1.11272 1.01843 1.59325 1.42568 0.62722 1.71139 1.70704 1.97184 1.27916 0.54875 1.30567 1.78331 0.75716 1.79967 0.94987 1.39861 1.07829 0.91050 0.78337 0.83668 1.55706 0.78068 1.35938 1.82174 1.95935 1.08695 0.83925 1.86101 1.03828 0.54374 1.26553
0.58243 0.91871 1.94916 0.54164 0.60650 1.13084 0.96104 1.22793 1.89328 0.75439 1.35340 1.41317 0.76990 1.45777 0.60921 1.30842 0.70853 1.14891 1.91136 1.80410 1.55376 0.53820 1.16505 1.56678 1.42727 1.18375 1.33205 0.61842 1.38101 1.51868 0.76332 0.53209 0.97548 0.61207 1.46386 1.04216 1.47495 1.64325 1.36409 0.68984 0.74089 1.52213 0.75932 1.14791 0.84517 0.65156 1.82889 0.66436 0.89001 1.72588 1.86054 0.92359 1.05786 1.24549 1.13691 1.48861 0.93748 1.76198 0.86805 0.93021 1.80125 1.45870 1.37553 1.79996 1.33146 1.32181 1.02645 1.36959 1.00940 1.96825 0.72832 1.05921 1.41738 1.22064
1.52942 0.87119 1.87164 0.50201 1.78112 1.91992 1.01478 0.55844 1.21698 1.84738 1.12123 1.78575 1.75194 1.77355 1.26385 0.57024 0.50529 1.65125 1.45215 1.02004 1.03094 0.97628 0.87523 0.85211 1.05459 1.97857 1.71692 1.97000 1.20872 0.72227 0.61843 0.81646 0.60072 1.37824 1.69102 1.40604 1.85855 0.98437 0.69746 0.84448 1.38186 1.84098 1.28721 0.54097 1.45395 1.27490 0.71339 0.95830 0.64490 1.40021 1.60254 0.89369 0.98668 0.54473 1.88563 1.98549 1.19915 1.56997 1.27585 0.60361 1.40488 1.44083 1.59753 1.28779 1.99614 0.86342 1.57663 1.03707 0.71655 1.64087 1.27346 1.85303 1.96717 1.64026 1.01678

Best known: 1344.64
